1.0255
0.310089
1.77546
0.298687
1.46005
0.642304
-0.487274
-2.60293
-0.310356
0.69498
0.673429
0.852067
-0.385834
-0.0451056
0.23552
0.146593
-1.09173
-1.02894
-0.638435
-1.29653
-0.799731
-0.429397
0.79047
0.303655
-0.771251
-0.0363805
0.533197
-0.840037
-0.95231
0.0609603
0.039299
0.363495
-0.556812
0.25249
-0.0158044
0.525164
-0.394483
0.125857
0.017613
0.826115
1.31522
0.326756
-0.294199
0.306584
-0.232259
0.66373
-0.428437
3.27175
0.892757
-0.391715
-0.189951
-1.33521
0.434353
-0.52152
0.598568
1.20141
0.125879
-0.30092
-1.67357
0.339802
-0.701659
0.321283
-0.983863
1.0088
-1.22248
0.0788782
0.479225
-1.01445
-1.18728
-2.07377
2.67921
-1.95063
-0.708664
0.0904262
-1.03285
0.521363
0.325722
1.53222
1.76643
-1.27476
0.289115
-2.48436
0.696955
-0.622589
1.21499
1.61239
-0.34116
0.770455
0.851246
-0.592846
-0.492385
0.55806
-0.260566
0.826231
-0.690353
-0.144565
-1.04408
0.636369
-1.66911
-0.937681
0.927706
-1.20452
-0.467615
-1.23847
0.484176
-0.121623
0.614282
0.463176
0.711211
-0.414135
-0.146489
-0.178144
1.12422
0.522843
-0.0397879
-1.18868
0.979339
1.26669
-0.743822
2.09868
-0.0435687
1.62132
-0.782328
-0.594984
-1.01934
-0.307593
-0.110809
-2.65384
0.868726
0.647164
-0.294477
0.839073
-2.27054
-1.20082
0.421749
-2.19131
0.814976
-0.283505
1.33259
-0.353886
-1.0056
-1.2436
1.77919
2.4799
-0.0414466
-1.2282
0.00458114
1.50303
-0.289485
1.13719
-0.0622123
0.19091
0.590959
-1.15029
0.48413
-0.515652
-0.895128
-0.396388
-0.427047
-1.13907
0.71394
-0.843584
0.0985453
-0.184953
-0.13111
0.804322
0.161713
0.302767
0.0250977
-0.814415
-0.759693
-1.29704
-0.429853
0.314594
0.732146
0.344654
0.526111
1.65032
2.44421
0.994604
-1.49074
-1.28992
0.262079
1.32622
0.238843
1.33548
1.99644
-0.769207
1.39023
-0.349314
0.857105
0.370498
-0.0511792
0.72613
-0.278462
-0.315225
1.16541
1.45432
1.24923
0.433612
0.624961
-0.471
-1.06069
0.717621
-0.51818
-0.706352
-0.929304
1.89096
-0.532146
-1.35112
0.163398
0.622237
1.05627
0.416827
0.190285
1.22931
0.0810761
1.43622
-0.118796
0.042412
-1.16049
-1.1033
-0.940559
-0.840015
-0.884713
-1.55714
-0.108574
-1.43885
-1.21883
0.182219
-0.609141
-0.87386
-0.110803
-2.56593
-0.720142
0.836598
-1.21365
-1.49142
0.00992806
-0.621364
0.702084
1.04231
-0.080157
0.785223
-0.39112
-0.0651554
-0.961994
-0.901974
-0.206426
0.449796
-0.557866
-1.00888
1.00429
0.604629
-0.00638396
-0.974419
1.74498
-0.0731624
-0.530695
1.03816
0.679754
-1.05812
0.393948
-0.725956
-0.423752
-2.14447
0.468927
2.46493
-0.664243
-1.89365
0.0421648
1.38475
-1.83089
0.966972
0.758191
-0.336674
-0.271788
-0.727067
0.366449
2.80649
-0.0619395
-0.858182
-0.766484
0.119887
1.34178
1.68737
0.0475856
0.592199
1.81428
0.0755322
-1.28131
1.74171
-0.217623
1.47194
0.0420001
-0.0867717
1.83241
0.320292
1.77601
-0.00579969
-0.526379
0.658543
-0.100692
1.15035
-0.218357
-0.3215
-0.214948
-0.811376
0.796205
-0.815765
-0.841364
0.885156
0.384164
-2.19628
0.442877
0.554313
-0.465176
-0.401063
0.536183
0.0510646
-1.17631
1.61106
1.61665
0.774153
-0.106111
0.177756
1.15164
-0.183295
1.48603
0.355605
0.208714
-0.855282
0.922913
2.82917
-0.190573
-1.72286
-1.45392
1.27271
-0.715664
-1.10929
1.46813
-0.0630996
-0.5018
0.267055
0.409921
0.566854
-2.79843
0.157168
0.663609
-0.198683
-0.662303
-0.256617
-1.36528
0.237915
-1.55653
0.0344266
-0.671513
0.77114
2.16358
0.293748
0.00188473
0.0517633
-0.299456
-1.6926
-1.36888
-1.32319
-1.26776
-0.520955
0.70455
-1.61833
-0.00254497
-0.927406
1.63106
0.275121
-1.03887
-0.366216
-0.00948584
-2.42534
-0.419279
0.206018
-0.6349
-0.00843046
0.103622
0.973297
-1.2967
-0.288841
-0.181076
0.819946
-0.158526
-3.11076
0.126146
-1.21984
0.307887
-0.409114
0.434251
0.838683
1.92451
-1.04454
-0.024636
0.264202
-1.83543
0.56093
-0.272303
0.236116
1.01542
-1.03464
1.30077
-0.320289
0.442121
0.268801
-1.02112
-0.985672
-2.22539
0.341841
0.626612
0.158922
-1.49079
-0.669033
0.142811
-0.522038
0.565357
0.792266
0.374216
1.06975
2.03083
1.66883
1.16502
0.904275
-0.728763
0.572041
0.227977
-0.789036
0.556185
1.00814
0.963531
-1.33412
-0.367765
0.97261
-1.26086
-0.273981
-0.0979423
-0.867231
-0.0461089
-1.41938
0.228626
-0.390332
-0.344938
0.482871
1.23735
0.935469
1.17023
-1.16344
-1.78585
-0.420856
-0.413342
-1.10724
0.319481
-0.11826
-0.0465832
-1.54514
1.82038
-0.725164
-0.228285
-0.695241
0.0441821
-0.67793
0.489083
1.00665
-0.115191
-0.0946889
0.613475
0.416784
0.666907
-0.160502
1.93055
-0.542432
1.46134
0.24563
-1.37393
0.81716
0.309921
-0.0538026
1.64034
0.710014
-1.66385
1.07919
0.483127
0.000531107
0.348385
-1.41372
0.992759
-0.0693938
-0.473862
0.261559
0.319214
0.479758
0.0147871
0.481452
0.0015035
-0.985017
-0.299071
0.420814
-0.694209
-0.106105
3.21375
2.07897
-0.170081
-0.570766
-1.22891
-1.08953
1.34292
-0.983808
-0.544198
-0.0054211
-0.222229
1.40122
0.595501
0.631118
-1.65332
-0.62063
-0.0887521
-0.682976
-1.53738
0.0774447
0.685749
1.07183
0.312164
-1.16374
-1.88464
0.565562
0.956081
0.0884401
-0.0599514
-0.0348583
-0.676285
1.34143
0.076755
1.60447
-0.867289
-0.196664
-0.863219
0.0335517
-2.12701
-0.858724
-0.308187
0.921718
-0.52338
-1.61436
0.905177
1.43392
1.72896
1.17564
1.49632
-0.667577
-1.34778
-0.0357966
-0.62475
-0.38517
-0.0621933
2.36559
-0.165361
0.185119
0.13408
-0.211968
0.264183
-0.015595
0.867806
-0.375747
0.783761
1.55775
1.2459
-1.33506
1.1421
0.492715
-0.752443
-0.818584
0.214086
-0.815512
0.44936
-1.25105
0.954747
0.199015
-1.24724
-0.23313
-0.381142
-1.09083
-0.347355
1.11438
-0.324147
-1.25209
0.452493
-0.859817
0.268647
2.19273
0.874463
0.268226
0.094232
-0.891805
1.11043
-0.641236
0.983338
1.06388
-1.47899
0.78266
0.12438
1.37455
2.84062
-0.592289
0.273067
1.10912
-0.659355
1.59943
0.590851
0.380687
-0.225725
-1.68207
-0.388456
-0.788332
1.11466
-0.657462
0.077401
-0.848072
1.93083
1.28583
-1.00188
0.18089
-0.504569
-1.65605
-1.19433
-0.0968177
1.42601
-1.65201
-1.69136
1.18146
0.0359011
0.777615
0.763252
1.83022
-0.245975
1.30358
-0.96191
1.29901
-1.1241
-0.326756
-1.22364
-1.06346
-0.232112
-0.435971
-1.02567
1.1452
0.979589
-1.21665
0.809447
0.808486
-0.390389
-0.407287
0.597786
-0.483072
-0.102224
-1.43711
-0.0921587
-1.65055
-0.150155
0.694934
0.353916
2.09938
0.107397
-0.136099
1.74457
0.261386
0.762119
-1.31221
0.266168
0.413512
1.9612
0.258492
1.40923
0.764825
-1.07672
-0.653043
0.534213
0.480627
-0.469618
0.157878
-0.319448
0.0900943
-0.94292
-0.581017
-0.574845
-1.30383
0.432151
-0.0941001
-0.377473
-0.581323
0.269033
-1.4743
-1.05818
-0.508709
2.47517
-1.44906
0.848952
0.355999
0.392437
-0.356062
-0.450779
-0.298072
0.335722
0.242091
1.27605
-0.924134
-1.11126
1.01814
-2.03684
1.36226
0.493567
-0.526612
-0.462364
-1.48498
0.297315
-1.00605
-0.120132
0.909756
-0.556137
-0.90469
1.32566
-0.536703
1.43344
-2.79806
1.45315
-1.44679
0.235871
-0.860813
0.676171
0.535089
-0.0380072
2.44683
1.24971
-0.534115
-0.267166
0.456293
0.139167
0.984329
0.353347
1.91846
-1.29795
-1.2883
-1.54759
0.367541
0.422853
0.383466
0.49273
-0.477
-1.41899
-0.779157
-0.711961
1.69854
0.403254
-1.3345
-0.253509
-0.595536
-0.303776
-2.63057
0.0494002
-0.933105
0.9526
2.35541
-0.930453
-0.475479
0.668125
0.613698
0.592181
-1.79085
1.36789
1.51237
-0.908172
-0.669912
-0.140688
-0.914116
-0.596362
1.29396
0.283013
-1.32983
-0.91052
-0.988927
-0.607854
1.7667
-1.28476
-0.36191
1.40384
0.306929
-2.13257
-0.77776
1.19577
2.222
-1.60801
-0.373533
-0.365525
-0.000736202
0.737824
-0.0725524
-0.223484
0.219439
-1.36459
-1.61983
-0.522714
0.51282
0.62776
-0.22621
0.166928
-0.867999
-0.715171
0.890666
-0.107056
-0.77864
0.0785627
1.65762
-2.0494
-1.03431
0.446216
-1.3448
0.453811
0.73978
1.45681
-0.189164
1.12899
0.715384
0.415
1.2273
-0.134235
0.0750552
-0.367836
-0.142541
-1.41913
-0.111761
0.35864
1.1818
-0.602104
-1.59819
0.165095
-0.584504
1.19683
0.284344
0.211558
1.5535
-0.164933
-0.10452
0.629428
-1.53508
-0.960363
2.26491
-0.108079
0.191817
-0.373577
-0.145316
-0.411951
-1.1227
0.386142
-2.53353
-0.124166
1.03176
0.646685
-0.559025
-0.35567
0.0140608
0.253969
1.88505
-0.580533
0.242883
-0.357498
0.520149
0.210942
1.30495
1.9625
0.600699
-0.169582
2.92585
0.0759834
-0.0607184
-0.185027
-2.35282
-1.42644
0.473417
0.385644
0.454741
-0.400749
-0.399782
3.43235
0.303843
-0.0304376
-0.864762
-0.617506
0.833039
-1.40426
-1.3516
-0.776892
0.205577
-1.75751
0.354345
-0.409447
0.858674
0.181336
0.179355
0.0258257
-0.103003
-0.324583
-0.770196
-0.0519207
0.00488064
0.817111
0.20108
0.426545
0.0319622
0.0673259
0.926163
-0.656148
-0.451031
-0.585832
0.718505
-0.0868238
-0.636946
-0.836453
1.25944
-0.480215
0.409378
0.288762
-0.346177
-0.443795
-0.58362
0.519009
0.0378286
-0.507491
-0.0439462
1.08488
1.21587
-0.673437
0.587908
-0.173849
0.705669
-0.480892
0.791876
-0.152206
0.322187
1.84002
0.00516941
0.020881
-0.596427
0.0126195
0.739593
0.310024
-0.564575
0.460336
-0.199946
1.28257
-0.223204
-1.16867
0.0565245
-0.238392
1.43247
-1.66058
1.19891
-0.216302
-1.28506
1.54835
0.0874586
-0.909457
0.27756
-0.631161
1.82301
0.472413
0.247875
0.971596
0.848603
-2.0284
1.20417
0.136893
-1.18699
-0.0759989
0.402737
0.198629
-0.309329
-0.401227
1.4163
2.20096
1.05938
0.0534988
-0.139039
1.33818
-0.908328
0.114381
1.17449
-1.93599
1.07935
1.70323
-0.332656
-0.408605
0.302376
1.98019
0.324084
-2.22001
0.0298031
-2.06831
0.769159
-0.586974
-0.330751
-1.09151
-1.27712
-0.714615
2.38079
2.14406
-1.51132
-0.0612707
-0.687484
-2.22264
-0.24931
0.745144
1.50246
0.952825
-0.903085
0.104252
-0.444533
0.219845
0.523556
-0.854527
1.80854
0.766929
0.179265
-0.180097
1.3031
1.42616
0.335639
-1.51841
-0.757478
-0.219078
0.239154
-0.00943683
-0.719489
1.54421
-1.5383
-0.929637
-1.2514
-0.24079
-0.675704
-0.155331
-0.489405
0.392843
-0.0662538
0.476453
-0.81698
-0.0191594
-1.35065
0.221719
0.370265
0.819004
-0.177462
-0.474833
-0.252906
-0.142238
0.0431554
-0.801642
2.08584
-1.20108
-1.6253
-0.495881
0.481336
-0.313759
0.110985
1.32485
-1.14816
2.05329
-0.274695
-0.370005
0.766479
1.29947
-0.468995
-1.1803
0.363235
0.199928
0.352499
0.0330557
-0.399866
-0.109016
-1.60288
0.158449
-1.69333
0.0602631
-0.4073
-0.53589
-0.974612
-1.24437
-1.55753
-1.21255
-1.38719
-0.412852
-0.682428
0.697101
0.207337
1.2512
-0.613736
0.512103
0.521202
-1.35819
0.236585
-1.10779
-1.47954
1.16457
-0.670553
0.266083
0.160618
0.0370172
0.77796
-1.03298
-0.51103
2.06749
0.898855
-0.252826
-1.09025
-0.407233
-0.743335
1.09927
1.45755
-1.38746
0.387654
0.17477
1.9176
1.40403
0.989341
0.651658
-1.99767
-0.0480612
1.13904
-1.51335
-0.790592
0.458788
1.46105
0.482795
-0.67329
-0.14244
-0.161979
0.421971
-1.91177
0.25732
0.0490028
-0.423807
1.2438
-0.322715
0.877402
-0.25367
0.21152
-0.122555
-0.314345
0.215384
-0.683434
0.984858
-0.96975
-0.400627
-0.7141
2.04694
0.681533
0.0244533
-1.03411
-0.392244
-0.329895
0.579245
-0.943624
0.141898
2.08064
0.931469
0.335802
-0.284692
0.952838
-0.166205
0.894423
-0.413474
0.0290308
0.312056
-0.841387
1.44212
-0.640804
1.0342
-0.942593
0.406723
0.675498
0.697447
0.349595
-0.941549
1.37001
-0.797568
0.946296
0.0311578
0.0951572
-0.231709
-1.07906
2.69128
-0.0782727
3.51084
-0.535189
-0.884662
-1.09811
-0.487186
-1.79337
-1.31038
-0.394089
0.133687
-1.49974
-0.205797
0.804917
0.195926
-0.639473
1.65523
-0.239378
-0.514032
0.111313
-1.17523
-0.748995
-0.781554
0.548169
-0.763744
0.165719
-0.521899
2.13558
0.968096
1.09527
-1.48857
-0.338679
-1.70401
-1.58881
-0.695372
0.245937
-1.00704
-1.36253
-1.5337
0.597015
0.292499
0.266426
0.185311
0.419383
-2.10024
-0.121559
-0.988535
-0.458885
0.929465
-1.60447
-0.918425
-0.413508
-0.605246
0.423563
-1.25452
0.37629
0.514182
-0.218958
0.0732976
0.419613
1.46638
1.34604
-0.236006
-1.04998
0.450781
1.62014
1.81038
0.150483
-0.315694
-0.707172
0.588641
-0.00928992
0.271666
0.292461
1.04922
-0.334549
-0.367081
-0.173369
-0.908941
-0.487425
-0.770239
0.720501
-1.73649
1.38614
0.313379
-1.34079
1.41258
0.974771
-2.26951
-2.30065
-0.0871901
-1.13774
-0.186953
-2.59065
-0.443931
-0.281965
-0.636215
-0.582198
-0.29242
-0.152052
-0.0139052
-0.402238
-0.0280916
0.460043
-0.269164
0.988184
0.466385
-1.22045
-1.07726
-0.362081
-0.944371
-0.110168
1.80746
-0.949024
-0.0420944
-0.513213
0.647064
2.20084
-0.696397
-0.657816
0.777006
0.149006
-0.714313
-0.134655
-0.702535
-0.357516
0.535627
-0.0920557
-1.58332
0.295465
-0.906225
-0.0263653
-1.25592
0.580171
0.039117
-1.69265
0.372161
-0.174558
-0.876611
-0.872863
0.701628
1.97731
0.0730132
-1.34629
0.214151
0.496587
0.173431
-0.646069
0.276947
-0.132655
2.28753
-0.247152
1.03259
0.546851
1.14337
0.0459349
1.63898
1.0602
-1.22077
-0.194259
-0.386236
0.0266556
0.695314
0.627179
2.07729
0.0935041
0.785862
-1.12801
0.46154
-0.0967052
0.429966
-0.742547
-1.0715
1.62546
-0.693431
-0.512888
-1.7359
0.454318
0.939081
-0.174609
-0.162568
0.955971
-0.762371
0.0582545
1.15464
0.0945121
-1.10071
-1.56758
-2.17998
0.301663
0.0083622
-1.86898
1.68406
1.38989
-0.211642
2.11064
-0.245429
0.131705
0.265575
-0.317247
2.19126
0.39472
0.655036
-2.37774
1.22328
-1.05445
0.1147
-0.668763
-1.09106
0.500553
0.261891
0.0962579
1.1517
1.63088
-0.197147
0.0352095
0.627841
-1.4668
0.345555
-0.239152
1.23653
-1.35303
0.847073
-0.249196
-0.751998
-0.123718
-0.317179
0.764125
-0.410192
2.58306
-0.339324
1.24339
-0.72034
-1.80328
0.509667
0.140747
-0.42461
0.203363
-1.73156
-0.989925
0.0429095
-0.542793
0.230573
0.632153
1.72862
-0.840378
1.62006
-0.202987
1.69818
2.99205
-1.21273
-0.270776
0.445164
-0.697968
0.195999
0.31552
-1.58116
0.688223
-0.672557
0.436698
-0.150296
-0.070057
0.919059
-2.2474
0.363902
1.69758
0.521795
0.19064
-0.319191
0.618163
-0.106298
0.823594
1.70753
-2.2842
-1.18323
0.2807
-0.383225
-1.49644
-0.0612679
0.917744
-0.758454
1.06529
-1.10218
-0.629015
0.753959
-1.16377
1.17239
-0.785427
1.6326
0.87698
1.88214
-0.724716
0.947619
-1.08861
0.642162
-1.1532
1.31591
1.06694
0.899168
0.581589
-0.315703
0.866565
1.05074
-0.478727
0.213793
-0.995368
-0.479755
0.877182
-0.0139312
0.48805
0.813842
0.604326
-0.521121
-0.17833
0.488275
0.691991
0.61837
-0.79349
-1.63387
0.862214
-0.494558
-0.451721
-1.37838
-0.110072
-0.689085
-1.04539
1.56971
0.430621
-0.608792
-0.0786738
1.0493
-0.931101
0.53746
0.386871
0.0262449
0.300629
0.858337
-1.02839
0.025658
-1.54071
-0.124806
0.796548
1.67112
2.49718
0.759373
2.42815
-0.626946
-0.457985
-1.93305
-0.56286
-0.766131
1.06723
-0.650048
0.0896894
-0.173047
-0.964197
-1.06253
0.00332313
-0.251158
1.48553
0.212698
-0.894695
-0.551461
1.0204
1.03237
-0.478844
0.159093
-0.957895
-0.341253
-0.368086
-0.700269
0.487489
-1.97857
0.823584
0.681932
0.389702
0.373368
-2.06177
-0.00100185
-0.834463
1.09162
-1.35563
0.520792
-1.31146
0.727794
0.773191
-0.0817447
-0.474755
0.737107
1.5618
0.810576
-2.22153
-0.0681706
0.168198
1.40673
-2.21599
1.46046
-0.334855
1.67281
0.971783
0.202695
-0.485151
0.767417
-0.642216
-0.524604
-0.895656
-1.11635
-0.139216
-0.540634
0.44482
0.480798
-0.538106
0.7276
-2.09432
-0.0816396
0.53616
2.45187
1.57962
0.533245
1.20994
-1.26939
-0.198728
0.395911
-2.22608
-0.597217
-0.941339
-0.164306
-0.303165
0.141071
1.03901
-0.418731
-0.0168353
1.95589
1.41359
-0.362739
0.610896
0.774255
1.00105
-0.629285
0.147636
0.310547
1.00058
-0.0271289
-0.782079
0.0280216
-0.149834
1.16286
-0.285197
0.712618
-0.563212
-0.103934
-0.496506
0.196869
0.339485
-0.213152
-0.534845
1.38694
-2.23547
0.300038
0.995779
-0.915148
0.107222
0.550697
1.01951
-0.012339
1.23429
-0.968392
-2.0137
-0.137815
0.902715
0.4157
-0.675545
-0.693961
1.60397
-0.30822
0.034679
-0.00744644
-0.668238
0.903356
1.04882
-0.840804
0.105442
0.752985
-1.26323
0.189729
-0.0339052
-0.283943
0.141717
0.23364
-2.64383
1.3782
1.48324
0.417957
-1.41721
0.53026
-0.920472
-0.326735
2.148
-2.13062
0.452282
0.128904
-1.64643
-0.548569
0.854767
1.12841
-0.68437
0.929564
0.0682456
-0.733366
1.59573
0.499419
-0.659699
0.118549
0.232049
0.692291
-1.48557
-0.363137
2.0027
0.54425
-0.600933
-1.08903
-0.164098
0.339695
-0.419103
0.0637964
2.34794
-1.14726
-1.67971
-0.204503
0.135894
-0.737708
0.0544389
0.140274
-0.66151
-0.493802
0.51348
0.124991
-2.08883
-0.370219
-1.46089
1.42333
0.129827
-0.508648
-1.13629
0.0634982
0.0218636
-0.303731
-0.607749
-0.406996
-0.208626
0.792083
1.23104
0.502288
2.52995
0.206147
-0.143676
0.941933
0.784594
-0.244136
-0.256421
-0.296334
-1.0715
-1.61897
0.310632
0.653728
-0.182055
-0.659954
-0.493557
1.99038
2.70231
-0.23821
-0.76845
0.314328
-1.58078
-0.635796
0.776692
-0.229034
-1.68903
0.505716
-0.436838
0.744767
-1.75952
0.447794
-0.464259
-0.45414
0.697122
-0.0933252
-0.645762
-1.06201
2.81679
-1.01701
1.13916
0.738569
0.00623827
-0.675161
-0.596123
-0.6086
1.29369
0.16803
0.379173
0.297498
-1.19068
-0.502461
1.44628
0.865638
2.34895
0.879345
-1.10382
-0.79934
0.541186
-1.2534
-0.638217
0.502248
-0.811685
-1.89603
-1.12623
1.30485
0.0548268
0.101115
0.862388
-0.466586
0.570337
-1.97764
0.841999
0.437304
-0.765902
-0.533224
-1.66305
-2.10415
0.877498
-0.310224
-0.382105
-1.40637
-1.03194
-1.51753
0.150082
0.65866
0.800132
-0.676599
-0.0453949
-0.00197281
0.77843
2.11473
-0.753936
1.39792
0.168503
-0.409009
0.60153
-1.6007
0.612128
0.178691
0.960858
-1.45868
0.4145
0.340175
0.161158
0.708685
1.07352
0.705226
0.12869
-1.27965
-0.554577
-0.945951
-1.19051
0.550558
0.165019
-0.383619
0.438744
-0.319122
-0.387308
0.982037
0.625021
0.913935
-0.537907
-0.36723
-0.861022
-0.0959815
-0.0568467
-0.204831
-1.34449
0.107504
0.264489
-0.958912
0.699687
0.478206
0.970465
-0.0113406
1.18005
-0.0668136
-0.511375
1.45763
0.698105
-0.0910538
-2.04893
0.490796
-0.223247
0.00295347
0.252298
0.0862335
0.251479
0.616184
-0.886429
-0.373737
-0.206508
0.312581
0.6581
1.72915
-0.404324
0.362432
-0.625848
0.937114
1.58635
0.309141
0.507133
-1.07329
1.65836
0.532293
-0.257992
-1.32536
0.748676
-0.386256
-1.97219
1.69928
0.181901
-0.92087
-0.204217
0.262083
0.368166
-0.645767
-1.89879
0.277234
-0.295415
0.63607
-0.960647
0.401665
1.82095
0.519039
-0.357711
0.729806
-0.408519
-0.0808225
-1.08974
0.2532
0.696884
2.25375
0.0088449
0.0756222
0.582716
-1.57167
1.03273
-0.719305
-1.64336
1.36324
-0.170919
1.53689
-1.53259
1.36351
-0.820104
-0.960957
-0.363153
-0.397704
0.13473
0.0729238
1.11754
0.496188
0.455342
1.27769
-0.72639
-1.609
-1.49068
1.9386
-0.473304
-1.01781
-1.64189
0.582033
-0.266437
-0.296438
-1.61587
0.847721
-0.305412
0.354344
-2.03036
0.55427
0.819103
-0.578077
1.17958
0.236202
-0.361665
-0.344241
-0.935634
0.0769138
0.326136
-0.231572
-0.724073
-0.24559
-1.11079
-1.11924
1.81478
-0.991518
-0.186271
-0.646663
0.619102
-0.235582
-0.362235
-1.44595
-0.70484
-0.739674
1.1691
1.32679
0.679764
0.128034
0.425967
-0.356399
-0.486896
0.830846
0.547941
-0.882457
0.951892
-0.635612
-0.685533
0.047671
-2.38464
0.623772
0.639465
1.37577
-0.590861
0.542344
1.14786
0.242623
-0.0108143
0.179408
-0.150978
0.529408
-0.750055
-0.585657
0.899411
0.507803
-0.528128
0.623929
-0.33438
-0.540465
1.2731
0.595105
-0.816636
1.09976
-1.40786
0.64139
-1.12527
0.231015
-1.56174
-0.0322011
-0.502121
0.30031
0.0942145
1.01756
0.835587
0.642995
0.204191
-0.346724
-2.16355
-0.97653
-0.605395
0.520364
1.61217
0.115713
-0.805511
0.817342
-0.538989
-0.808858
-0.328298
-1.61704
0.478809
-0.797537
-0.698466
0.546967
-0.410729
0.239706
0.256955
-1.59358
0.263523
-0.48589
-1.34733
0.318382
-0.923852
-0.597397
-1.61847
0.688577
1.09057
0.746306
-1.34206
0.0542525
-0.592539
0.150671
-1.34448
1.54857
-0.431495
0.919738
-0.36024
0.300762
0.0237367
-1.4828
0.45821
0.0649842
1.7973
0.104126
-0.254644
-0.253944
-0.177696
1.25687
0.384864
-0.529327
-0.0480836
1.20416
0.239881
-0.253517
1.12393
-0.523957
-0.750996
-0.505598
0.884916
1.29415
-0.833166
-0.508721
-0.270225
-1.13791
-1.84212
-0.19043
0.115812
-0.439649
-1.2779
-0.0294377
0.330548
-1.09266
0.632651
1.22741
-0.100674
0.151061
-0.521902
0.805605
-0.706166
-0.243009
0.192463
0.103828
-0.216448
-1.38791
-1.39955
-0.520907
1.15876
0.750011
-1.85307
-0.255048
0.212712
-1.51472
-0.624013
0.337384
-0.0731417
-0.566801
-1.71615
-1.25756
-0.48874
0.0531197
-0.181252
0.702817
-0.0795427
-1.04387
0.642516
0.676718
-0.87926
1.45171
-1.24997
-1.052
-0.338933
0.488328
1.74397
-0.222559
1.90802
-1.09316
0.188019
0.450421
0.141916
-0.301855
-0.192092
0.651744
-0.448418
-0.362308
-0.158745
0.840164
-0.987431
-1.00466
-0.487625
1.67857
0.273805
0.188205
-0.290819
0.526883
1.2493
-0.164639
-0.300257
-0.660742
-1.05663
0.185663
-0.525257
0.643645
-0.203275
0.387886
-0.889103
1.01895
-0.885876
1.51382
0.851486
1.12208
0.216551
1.46251
1.80628
-2.01498
0.807631
0.149992
-1.54153
0.84209
-1.31461
0.579618
-0.789123
-0.508536
0.65936
-1.34129
-0.615643
0.493912
-0.750577
0.229658
-0.556126
1.10262
-0.0622275
0.840448
0.270679
-1.11813
-2.65628
-0.7923
-0.507695
-1.53923
0.757138
0.234266
0.842727
0.35351
-2.34837
-0.479034
-0.156608
0.448903
0.315862
-0.00940691
0.264155
1.73301
-0.139748
-2.28285
0.209726
-0.197163
-0.398403
-0.306992
-1.0857
0.28942
0.341549
-0.405002
-0.421214
-1.17608
-1.50313
1.86839
1.99079
0.332775
0.365249
0.433252
-2.0083
-0.620043
-0.311845
0.133092
-0.870957
-0.675371
0.776155
-0.0454229
2.05324
-2.02847
-0.181628
1.3857
1.60111
0.645454
-0.288722
0.628126
-0.640177
-0.324895
0.128496
0.653562
-0.203555
1.25505
-2.30308
-0.34094
-0.28337
-0.00455634
-0.673338
-0.742803
-0.789178
0.321867
-1.53911
1.65334
1.48504
-0.749113
0.595395
0.584018
0.290298
-1.19884
-0.626608
0.336588
0.426739
1.08414
-0.108615
0.419909
-0.135295
0.325885
-1.38694
0.465212
-1.91686
0.371814
0.493995
-0.733265
0.618947
-0.726763
-0.42953
1.64615
1.38556
-0.291706
-0.823093
-0.260224
-0.561255
0.129268
0.967834
0.319385
0.464495
0.481745
0.805336
0.779403
-2.9327
0.645405
0.668041
0.779996
1.49286
0.698366
-1.02004
0.88902
-0.0772561
1.78443
1.27723
0.0122448
0.69732
-1.82126
1.18124
-0.433283
0.424967
-0.704261
-0.265239
0.296321
0.662964
-1.18925
-1.01765
1.17883
-0.0978012
-0.380126
1.77483
-0.369804
-1.74046
0.804259
0.814861
-1.62363
0.209456
-0.710187
-0.855549
1.71314
0.195345
-0.339049
0.191161
-0.157649
1.24749
-0.0439136
0.263539
-0.756235
0.546735
-0.758092
0.493902
-0.663699
-1.34371
-1.63434
-0.209649
-0.449114
-0.762154
-1.19114
0.0292429
-1.09817
-1.65633
-1.51714
0.426702
-0.424597
0.901486
-0.695473
-0.555712
0.123561
-0.301383
-0.58149
2.37044
0.0221385
0.782936
1.21816
2.01891
1.08373
0.477776
1.59837
-0.471115
0.0656466
-0.119589
-0.125692
0.890708
1.43801
-0.67077
-0.117776
0.887036
0.551714
0.943921
-0.619709
0.179977
0.494547
1.26545
1.96152
1.44148
-0.900546
-0.803339
-1.78137
0.466559
-1.53437
-0.284211
1.73778
0.173719
1.19336
-0.497827
1.04142
-0.0559296
0.679014
-1.38388
0.698521
1.32177
0.476217
1.10105
-0.232857
-0.940313
-1.30655
-0.429144
0.911599
-1.11018
-0.655421
0.00287641
-0.423295
-0.0501372
0.625806
0.181204
0.241197
1.09628
-0.309306
0.795292
-2.46971
0.930174
-0.335992
-0.628592
0.450954
0.0916603
1.05312
0.505991
-1.26184
1.65422
0.259552
0.785326
0.575818
1.37924
0.813634
-0.750085
-0.848428
0.41244
0.863458
0.157246
-0.371596
-0.610197
-0.34195
1.38165
1.70513
1.73185
-0.0499045
-0.83546
0.651068
-0.506091
-1.47126
0.46506
-1.50866
-1.00015
-0.124668
-0.2698
-1.48184
0.997705
0.0125463
-0.803317
0.375807
-0.416673
-1.05168
1.6666
0.960146
0.298478
0.442146
1.07252
0.948133
-0.837187
1.28859
-1.2259
-2.79362
-1.57359
-0.914371
1.35009
-1.46713
-0.832365
0.240918
-0.844878
-0.15252
-0.202852
-0.0442407
0.303463
-0.487246
-1.19513
0.478582
-0.090957
1.7492
-0.987249
-0.772953
-1.40787
0.67749
0.624502
0.531091
-1.36794
-0.265248
1.14818
0.104533
-1.29386
-0.666717
-0.405908
-1.37375
0.911551
2.07208
-0.506077
0.112255
0.206871
-3.16375
-0.55269
-1.77923
0.0455339
-1.81708
-0.314332
0.0737768
-0.293033
1.15711
0.0216103
0.0448772
0.188659
0.0968272
0.41676
0.83411
0.104233
1.47157
0.637015
-0.763951
-0.424387
0.336589
-0.0541846
-0.257182
0.689924
1.80692
1.73211
-0.21737
0.0147012
1.32856
-0.435957
-1.32856
0.643093
-0.909005
0.932493
-0.385015
1.18706
0.320618
0.680615
-0.64467
0.681785
2.14712
-1.76285
-0.574631
-1.37194
0.951355
0.734481
-0.403028
1.30013
0.569843
0.384533
-0.164694
-2.58655
1.15641
-0.508231
0.58273
0.992569
2.43037
1.3761
0.731571
0.0609865
0.327953
2.64494
1.52579
0.133553
-0.641712
0.698462
-0.136326
-1.71553
0.22993
-0.628204
1.00796
0.0116117
-0.380446
-0.0568698
0.95662
1.92524
-1.11762
-0.866223
0.360761
-0.873243
0.746007
-0.15879
-0.461805
-0.0458372
-0.595332
-0.0807618
0.379501
0.146082
0.19032
0.0456504
-0.640725
-1.1683
-1.77243
0.115522
0.483028
-0.900696
0.0485689
-1.47453
-1.01698
-0.45879
-2.28574
-0.712601
0.551093
0.321625
-1.18965
0.35462
0.840897
0.542212
-0.892992
0.0581892
-0.921466
0.900386
-1.72457
-1.25667
-1.84795
-0.0265891
2.21235
0.68954
-0.387784
-0.557085
-0.555399
0.969972
-0.0754152
2.04124
-0.414689
-0.447246
0.0611867
-0.966228
-0.701435
0.633974
0.62528
0.51049
0.790027
0.658466
0.82222
0.184649
-0.729068
0.572898
0.336037
-0.651534
-1.42446
0.2637
-0.78142
-0.743095
-0.988871
0.340952
0.17213
1.08324
-0.403366
-0.581273
-0.369906
-0.67798
0.221642
0.22662
-1.17148
-1.4463
0.248851
-0.536573
-0.363186
0.620844
0.153502
-0.726094
0.375505
1.19756
1.27276
-2.41171
-1.16107
-1.32824
-0.339779
-0.397404
0.884609
0.347783
-0.824966
0.136133
0.882202
1.91133
0.32183
-0.614167
0.049369
0.58336
-0.308475
0.327669
-0.728261
-1.20997
-0.9511
-0.904791
-0.0992277
0.74832
-0.311273
0.142364
0.123841
0.519227
1.98079
-1.41564
0.45827
0.711976
-0.464955
1.25005
0.779606
1.18942
0.150055
0.0764086
0.0376736
0.334173
1.42185
-0.666571
0.175407
-1.15516
0.409112
-1.61906
0.588638
0.309614
-0.0131044
-0.0300926
0.364709
-1.11486
-0.660588
1.69973
-1.31165
-0.465583
1.55392
-0.527302
0.721599
-0.504448
1.35856
1.12276
1.34963
1.24528
-0.836735
1.6099
1.52881
-0.513354
0.60409
-0.900151
-0.441796
1.17575
0.919688
0.113373
0.0776979
-0.843699
0.750863
-0.298555
-1.48191
1.05234
-2.05051
-1.36407
-0.395349
-1.09381
1.64553
-1.03482
0.202135
0.713735
-0.819494
1.98338
-0.44372
-2.61289
-0.629449
-0.643718
1.04295
-0.940652
-0.272498
-0.581511
0.310644
-0.866116
-0.585172
1.6771
-1.25054
-0.631231
-1.28077
2.13981
0.664833
-1.02679
-0.031034
1.84376
1.34132
-0.57611
-0.681636
-0.273509
-1.44609
-0.95376
1.98568
-0.102575
2.06885
-0.128986
0.814074
-1.14893
1.75639
0.318777
-0.64728
-0.424667
-0.667975
-0.39201
-1.29988
0.604569
-0.178353
1.02716
-0.592938
-0.335207
0.940988
1.0576
0.876781
-0.407831
0.903595
0.0119286
1.11166
-2.31736
0.406168
0.34058
-0.394925
0.00210298
1.35693
1.41668
0.599618
0.27323
-0.137314
1.4541
-0.610656
0.240677
0.659634
0.906696
-0.330403
-0.269251
-1.20344
0.563242
0.752522
-0.99134
0.0914045
0.039397
-0.513539
1.01183
0.890464
-0.476891
1.23423
0.579381
1.44941
0.214333
-1.26753
-0.152176
-0.0811767
0.558189
-1.06486
-1.7375
-0.450944
-0.969243
0.510604
-1.0532
-0.776384
-0.501114
1.04644
0.816652
-0.48031
-1.04681
0.791965
0.844087
-0.248078
1.24575
-0.130965
0.114274
0.474825
0.269755
1.08503
0.115792
1.05496
0.370598
2.0685
-1.2614
-0.676931
-1.25902
0.862419
-0.950814
-1.27255
-0.0898157
-0.289009
-2.14686
-0.897088
0.352533
1.25944
0.848752
0.483268
-0.518913
0.545416
0.212946
1.04958
1.51586
-0.0936178
0.545114
-0.0992135
0.530123
0.337876
1.41636
-0.462488
-1.96248
1.60415
0.0955074
-0.955608
1.37962
0.716073
-0.493525
-0.350092
0.821987
1.41183
-0.7681
-0.385204
-0.311528
0.525362
-1.47362
-0.00251562
-1.40784
-0.168317
0.380765
-0.538002
-0.204109
0.465663
-1.25689
-1.3754
0.611335
1.61838
-0.189543
-0.483674
-2.00905
0.839173
-0.510821
-1.00241
-0.696535
1.09574
2.42277
0.259065
-0.846144
0.499708
-1.36316
-2.02598
-0.0479699
-1.78784
-0.485811
0.925346
-1.12321
3.01691
-0.0405934
0.0988218
-0.218712
-0.485109
2.38542
0.0417829
-0.788696
-0.343902
-0.0773237
-0.617184
0.900522
-0.0521758
0.782133
1.21837
1.23254
1.40165
-0.275921
-0.444926
0.561467
0.287604
0.576701
-0.585099
-0.359638
-0.598645
0.878538
-0.268274
-1.40458
0.73492
0.800666
-1.45281
-0.599406
0.786113
0.987855
-0.104344
-0.110418
-0.676908
1.48784
-0.119047
-0.247577
0.440065
1.66754
0.683619
0.264309
0.673802
0.112763
-1.49284
-0.617218
-1.66801
0.102237
-0.235782
-2.24897
-1.35379
1.23998
1.85424
-0.961069
-0.507142
-0.364725
-0.381029
-0.123782
0.628841
0.687643
-0.496007
-0.300842
1.51663
1.52456
1.58057
0.331101
1.70669
0.356197
0.231589
0.264434
-0.0141002
-0.635623
0.282924
-2.79629
-0.809676
0.836382
-0.597876
2.14157
0.861114
-0.264615
1.3893
1.13392
-0.0718668
-0.0784954
-2.68206
0.0101921
-0.704362
-1.90141
-0.000459598
1.50551
1.76742
-0.207931
-1.07078
-0.659586
0.360296
0.183995
-1.11993
-1.03936
0.0912146
-1.17848
-1.01441
-0.280335
-0.25229
1.00704
-0.657478
0.489435
-0.692945
-0.177481
0.983417
-0.0460239
-1.44086
2.18781
-0.153219
0.430548
-0.175052
-0.306881
0.716709
-0.220019
0.674181
-1.31979
0.245704
-0.891835
-0.83658
-1.33308
-1.15845
1.18666
0.030402
-0.124371
1.06336
-0.413339
-0.656343
0.351117
-0.136999
1.20054
0.728288
-0.118085
0.458718
-2.43646
1.35992
-0.00319187
0.00183506
-0.874133
-2.34877
0.196383
1.19586
0.649822
0.174453
-0.257441
-0.986969
0.1592
-1.1692
-1.07302
-0.260503
-1.49165
1.11941
-1.00409
-0.246194
-2.41191
-1.1593
-0.283176
1.10786
0.137923
0.512691
0.718156
0.534985
-1.0017
0.260305
-0.317032
0.281867
1.29008
-0.969106
-1.69374
1.00018
-0.914379
1.5225
-1.07071
0.0539495
0.854805
-0.293615
0.526069
-1.07341
1.12907
0.0064666
0.847106
-0.669359
0.455644
-0.836423
0.894805
0.691511
0.786053
-0.615017
0.652589
1.2679
-0.0615327
0.0291579
0.688856
-0.0328135
0.773233
-0.639774
-0.390856
1.37591
0.345883
-0.701746
-1.15527
0.236397
-1.13732
1.19015
-0.0502376
0.425527
0.86004
0.382037
0.481946
-1.1094
1.71344
-0.69178
-0.937079
0.661113
-0.826751
0.071859
-0.00425705
0.925967
-0.112324
0.946261
-0.330393
0.0550018
-1.90201
-0.460995
0.168471
-0.703903
1.32149
-0.698177
-0.437899
-1.29238
-0.539629
-0.545025
0.122362
-0.858042
-0.0486933
1.11801
-0.299133
1.15475
1.61677
-1.81729
-2.08211
0.294625
-0.780558
1.94871
0.892471
-2.1463
-0.49256
1.36243
0.414742
-1.83511
0.300557
0.266783
0.0794359
-1.2063
0.726298
-0.348769
0.72349
-0.806931
-0.735135
1.24874
-0.137946
0.020635
0.0963772
-1.75153
0.0682002
0.109353
-1.62758
0.982157
0.599578
1.38954
-1.31464
0.683656
0.306129
0.836303
-1.11494
0.59401
1.06425
1.31273
1.69122
-0.0727506
0.0486979
0.641471
-1.51612
-1.53009
-0.0454614
-1.60237
0.478203
-0.26987
-1.58721
0.48784
-0.152589
0.206353
0.909777
1.82686
-0.218824
-0.295406
0.954352
0.0535772
0.329908
0.522039
0.0477623
-1.17111
0.663519
-0.748132
-1.08363
0.305136
1.47518
0.193555
0.0768989
0.153133
-0.120951
-1.05435
0.242648
-0.140928
-0.250543
-0.39016
1.57143
1.78294
0.346756
-0.632629
-0.220657
0.765745
0.296089
0.192372
-2.35757
-0.683649
0.149681
-1.35494
-0.750993
-0.15802
0.0189285
0.333999
-0.42468
0.580388
0.458323
-0.225293
0.825722
1.514
-1.53187
-0.0658508
0.174161
0.294031
2.1285
0.690285
1.43378
0.56217
-0.531406
1.8196
-1.81503
-1.38343
0.887264
-0.123762
0.7415
0.255105
-1.64544
-0.00878707
-0.752246
0.242597
-0.728386
-1.13456
-2.02662
1.00822
-3.08524
-0.580695
-0.0612016
-0.168531
-0.319539
0.202737
-0.525362
0.293618
2.5758
1.96334
0.0623839
0.451423
0.437315
-1.31267
-0.402227
-0.165016
1.43504
0.335757
1.05071
-0.529115
-0.938049
0.28941
1.33304
1.31689
1.86369
-0.534743
-2.14355
1.02039
-0.837147
1.05011
0.499777
-0.281198
-0.717445
-0.551546
1.58998
-0.0166742
0.490669
-0.762959
1.06489
0.700212
-0.0113889
-1.03923
0.690639
-1.20506
-0.0477864
0.376038
-0.246069
1.61956
-0.997918
0.0511075
0.28465
0.235981
-0.166345
-0.761556
-1.68887
0.609319
0.70091
-0.190338
0.0292597
1.40669
-1.75144
1.1972
0.195202
0.0161763
-0.300498
-0.345399
1.35736
-1.35208
-0.759245
0.00942704
0.977087
-0.208379
0.712358
1.67339
1.10217
-0.398514
1.46497
-0.792542
0.577197
0.28361
-0.669996
-1.22615
-1.24552
0.379381
1.36552
2.39425
-0.241052
0.768674
1.49964
-1.2891
0.220861
-0.378561
1.97553
1.16236
1.15913
2.14134
-1.49403
1.31475
-0.0931916
0.038346
0.561916
-0.187493
0.610754
-0.345158
-0.396238
-0.923032
-0.248252
1.01245
0.773206
1.35268
-0.621749
-0.106786
0.56535
-0.7689
1.52265
-1.16433
-0.898934
-0.201861
2.03058
0.000763649
1.33605
1.17876
-1.6648
0.0442255
-0.222333
0.287215
2.00627
0.846308
0.989371
1.24654
-2.93514
-1.26326
1.46324
-1.22126
-0.553192
1.47074
-0.62136
1.32189
-0.0349658
0.602738
-0.860615
0.0618082
0.548388
-0.195646
-0.340625
-1.68063
-0.855134
0.312692
-0.195486
1.41312
0.554245
1.27301
1.22837
0.413278
-0.533876
-1.47556
-0.196016
2.69485
-0.142691
0.519469
-0.694368
1.83048
-0.193032
-0.968753
0.579616
-1.20895
-0.838824
0.0289733
1.79987
-0.558274
-0.669272
0.945924
-2.98528
-1.68807
0.634058
0.488532
0.171815
0.567739
0.716541
0.391798
1.24971
-0.110066
0.306091
0.750229
1.2823
-3.35056
-1.47816
-0.0802102
-0.495766
0.628464
1.03429
-1.28111
-1.34242
1.80908
-0.832713
-0.830472
0.0748922
-0.266058
-0.663891
-0.127089
-0.894284
1.07626
0.888475
-0.510073
-0.706352
1.40146
0.0567851
-0.291506
0.574551
0.020698
0.257092
-1.07871
0.819472
-0.720082
-0.170715
0.0577948
-0.941864
-0.872786
0.104302
-0.41122
1.56791
-0.635907
0.73642
-0.755394
0.0384269
0.216669
-0.0352375
-0.677112
0.619408
0.0350254
0.858514
0.639547
1.45557
-0.0627614
-1.14278
-0.208234
-0.683356
-0.618076
-0.021672
1.35681
-0.314303
1.05846
1.10872
-0.929691
-0.532572
-0.531456
2.55975
-0.129133
1.01145
-0.193923
-0.427723
-0.323008
-0.430702
-1.23038
0.515498
0.318242
0.593992
0.344242
-0.0997143
-0.373783
0.170004
-0.333359
0.24296
0.0787964
0.603604
-1.26736
0.912099
-2.36297
0.806129
1.42901
-0.666281
-0.93092
-0.285382
-1.21591
-0.198157
0.81713
-0.143124
-0.776248
-1.49667
-1.14302
-1.42922
-0.100544
-0.293015
-0.400402
-0.352111
-0.530961
0.0122863
0.302028
0.0962129
-0.58898
0.497462
-1.3741
0.298206
-0.647436
-0.149533
0.514676
2.1911
0.64895
-0.119309
-0.0318862
0.699426
-2.01383
0.344372
-1.22414
-1.33602
-1.8116
-0.869468
-0.357751
-0.439715
-1.12712
-1.40927
0.489964
-0.100274
-0.52006
2.18945
-0.554302
1.1541
-0.255116
0.387683
-0.0534096
-2.5082
-0.310537
-0.140193
0.674863
-0.0028815
1.44589
-0.991747
0.960902
0.282963
-1.78968
1.66453
-1.52804
-2.09667
0.0767517
-0.277398
-0.18953
0.105986
0.013347
0.55255
1.68121
0.227448
0.206839
-0.0578947
0.129885
-1.40474
-0.165026
0.658203
-0.220177
-1.14711
-0.0725396
-1.01299
-0.183454
-0.246533
-0.756514
-0.893189
1.05247
1.4072
2.67256
-3.66084
0.991402
0.753886
-0.532937
0.560064
0.0504865
-0.779194
1.55631
-0.108722
-0.033711
-2.02474
0.169991
-0.750364
2.1375
0.536785
-0.469347
1.49933
0.746002
-1.15818
0.599396
-0.958526
1.90517
2.03715
-2.73631
0.872329
-0.0401894
0.488739
1.49852
0.0413717
1.21354
1.07395
1.04579
0.477891
1.22617
0.852922
-0.0728882
-0.807699
-0.84916
-2.21511
1.01767
0.107722
-1.81131
-1.80786
-2.38937
1.14062
0.189312
1.75716
-0.178084
-0.936547
0.494251
0.209218
-2.74707
-0.886068
-0.301616
0.0124012
0.137783
1.25013
-0.347036
-1.16458
-1.08734
-0.615647
1.03273
-0.194565
-0.600967
2.06187
1.99486
1.18378
0.0477414
0.406063
0.181056
-1.74102
-1.42784
-1.30384
-0.321988
0.0563599
0.359547
-0.606489
-0.47166
-0.116221
0.102222
0.973304
1.36269
-0.643745
-2.20122
0.0105061
0.59605
-1.54738
-1.23091
1.01096
0.766974
0.69879
0.0831046
1.19576
-1.69832
-0.246583
0.644021
0.940987
-0.219363
0.34234
-0.839651
1.25757
-2.17831
1.08522
-1.89353
-0.55528
0.93227
0.369887
0.892763
-0.988777
2.50813
0.691965
-0.271811
-0.589261
1.87611
-0.513568
-0.5318
1.5987
-0.700934
-1.26748
1.13546
-0.118452
1.33054
-0.443042
0.514041
0.718742
0.12185
0.672306
-0.196369
1.73892
-0.564955
0.428215
-0.0339738
-2.07379
0.0657566
-1.17079
1.26059
1.40327
1.44844
0.0763196
0.868878
-0.603742
0.824979
0.865608
-0.281577
-1.28149
0.353405
0.502122
-0.86534
0.296736
-0.882726
0.275145
0.834797
-1.04909
0.114363
-1.77256
0.866827
0.1084
-0.381403
-0.516089
0.809087
-1.29733
-0.227587
0.578536
-1.83581
-1.51603
-1.0077
0.164321
-0.0563994
0.17915
-1.41613
-1.42645
0.123165
1.85443
1.81267
0.653587
-1.92884
0.616536
0.472783
0.697053
0.603168
1.50562
-1.85435
-0.618086
-1.18752
-0.365875
-1.32021
-0.575961
0.492988
0.236059
0.167581
0.562157
1.46615
-1.36738
-1.1074
-0.573069
-0.201953
-0.618885
-0.325271
-0.531383
-0.474319
-0.298688
0.872945
0.498287
0.0377618
-0.0200264
-1.52579
1.60547
-1.27708
1.11854
-0.0236826
1.09201
0.475108
-1.61806
0.32923
-1.08557
-0.459763
1.17536
0.894701
0.193719
0.24563
-0.253272
-1.29807
-0.530332
0.398588
0.216523
2.73746
1.1754
-0.874559
0.404704
-1.17301
-0.527151
0.222579
0.765833
-0.628902
-0.593803
-0.137905
2.03145
0.111393
1.21492
-2.09896
-1.25464
-0.76415
0.84055
-1.46891
-2.05096
0.764649
0.0297302
-0.649052
-0.555224
-0.717338
-1.09606
-0.93084
-0.810507
0.375556
-0.325777
2.15749
-1.39302
0.369695
-0.354371
-0.0715522
0.0322949
-0.310818
0.931176
2.05984
-1.59441
0.159594
0.0543349
0.567789
0.0419538
-0.373733
1.13241
-2.08213
0.556211
-0.9118
-1.7085
-0.15652
1.10883
0.231444
-0.448306
0.838519
-0.114129
-0.886702
0.615942
-0.619311
-1.72122
-0.517611
-0.0913402
-0.287377
-0.956359
0.910088
0.748752
-0.797754
-0.122523
2.11047
1.4126
1.67488
0.573049
