0.573049
1.67488
1.4126
2.11047
-0.122523
-0.797754
0.748752
0.910088
-0.956359
-0.287377
-0.0913402
-0.517611
-1.72122
-0.619311
0.615942
-0.886702
-0.114129
0.838519
-0.448306
0.231444
1.10883
-0.15652
-1.7085
-0.9118
0.556211
-2.08213
1.13241
-0.373733
0.0419538
0.567789
0.0543349
0.159594
-1.59441
2.05984
0.931176
-0.310818
0.0322949
-0.0715522
-0.354371
0.369695
-1.39302
2.15749
-0.325777
0.375556
-0.810507
-0.93084
-1.09606
-0.717338
-0.555224
-0.649052
0.0297302
0.764649
-2.05096
-1.46891
0.84055
-0.76415
-1.25464
-2.09896
1.21492
0.111393
2.03145
-0.137905
-0.593803
-0.628902
0.765833
0.222579
-0.527151
-1.17301
0.404704
-0.874559
1.1754
2.73746
0.216523
0.398588
-0.530332
-1.29807
-0.253272
0.24563
0.193719
0.894701
1.17536
-0.459763
-1.08557
0.32923
-1.61806
0.475108
1.09201
-0.0236826
1.11854
-1.27708
1.60547
-1.52579
-0.0200264
0.0377618
0.498287
0.872945
-0.298688
-0.474319
-0.531383
-0.325271
-0.618885
-0.201953
-0.573069
-1.1074
-1.36738
1.46615
0.562157
0.167581
0.236059
0.492988
-0.575961
-1.32021
-0.365875
-1.18752
-0.618086
-1.85435
1.50562
0.603168
0.697053
0.472783
0.616536
-1.92884
0.653587
1.81267
1.85443
0.123165
-1.42645
-1.41613
0.17915
-0.0563994
0.164321
-1.0077
-1.51603
-1.83581
0.578536
-0.227587
-1.29733
0.809087
-0.516089
-0.381403
0.1084
0.866827
-1.77256
0.114363
-1.04909
0.834797
0.275145
-0.882726
0.296736
-0.86534
0.502122
0.353405
-1.28149
-0.281577
0.865608
0.824979
-0.603742
0.868878
0.0763196
1.44844
1.40327
1.26059
-1.17079
0.0657566
-2.07379
-0.0339738
0.428215
-0.564955
1.73892
-0.196369
0.672306
0.12185
0.718742
0.514041
-0.443042
1.33054
-0.118452
1.13546
-1.26748
-0.700934
1.5987
-0.5318
-0.513568
1.87611
-0.589261
-0.271811
0.691965
2.50813
-0.988777
0.892763
0.369887
0.93227
-0.55528
-1.89353
1.08522
-2.17831
1.25757
-0.839651
0.34234
-0.219363
0.940987
0.644021
-0.246583
-1.69832
1.19576
0.0831046
0.69879
0.766974
1.01096
-1.23091
-1.54738
0.59605
0.0105061
-2.20122
-0.643745
1.36269
0.973304
0.102222
-0.116221
-0.47166
-0.606489
0.359547
0.0563599
-0.321988
-1.30384
-1.42784
-1.74102
0.181056
0.406063
0.0477414
1.18378
1.99486
2.06187
-0.600967
-0.194565
1.03273
-0.615647
-1.08734
-1.16458
-0.347036
1.25013
0.137783
0.0124012
-0.301616
-0.886068
-2.74707
0.209218
0.494251
-0.936547
-0.178084
1.75716
0.189312
1.14062
-2.38937
-1.80786
-1.81131
0.107722
1.01767
-2.21511
-0.84916
-0.807699
-0.0728882
0.852922
1.22617
0.477891
1.04579
1.07395
1.21354
0.0413717
1.49852
0.488739
-0.0401894
0.872329
-2.73631
2.03715
1.90517
-0.958526
0.599396
-1.15818
0.746002
1.49933
-0.469347
0.536785
2.1375
-0.750364
0.169991
-2.02474
-0.033711
-0.108722
1.55631
-0.779194
0.0504865
0.560064
-0.532937
0.753886
0.991402
-3.66084
2.67256
1.4072
1.05247
-0.893189
-0.756514
-0.246533
-0.183454
-1.01299
-0.0725396
-1.14711
-0.220177
0.658203
-0.165026
-1.40474
0.129885
-0.0578947
0.206839
0.227448
1.68121
0.55255
0.013347
0.105986
-0.18953
-0.277398
0.0767517
-2.09667
-1.52804
1.66453
-1.78968
0.282963
0.960902
-0.991747
1.44589
-0.0028815
0.674863
-0.140193
-0.310537
-2.5082
-0.0534096
0.387683
-0.255116
1.1541
-0.554302
2.18945
-0.52006
-0.100274
0.489964
-1.40927
-1.12712
-0.439715
-0.357751
-0.869468
-1.8116
-1.33602
-1.22414
0.344372
-2.01383
0.699426
-0.0318862
-0.119309
0.64895
2.1911
0.514676
-0.149533
-0.647436
0.298206
-1.3741
0.497462
-0.58898
0.0962129
0.302028
0.0122863
-0.530961
-0.352111
-0.400402
-0.293015
-0.100544
-1.42922
-1.14302
-1.49667
-0.776248
-0.143124
0.81713
-0.198157
-1.21591
-0.285382
-0.93092
-0.666281
1.42901
0.806129
-2.36297
0.912099
-1.26736
0.603604
0.0787964
0.24296
-0.333359
0.170004
-0.373783
-0.0997143
0.344242
0.593992
0.318242
0.515498
-1.23038
-0.430702
-0.323008
-0.427723
-0.193923
1.01145
-0.129133
2.55975
-0.531456
-0.532572
-0.929691
1.10872
1.05846
-0.314303
1.35681
-0.021672
-0.618076
-0.683356
-0.208234
-1.14278
-0.0627614
1.45557
0.639547
0.858514
0.0350254
0.619408
-0.677112
-0.0352375
0.216669
0.0384269
-0.755394
0.73642
-0.635907
1.56791
-0.41122
0.104302
-0.872786
-0.941864
0.0577948
-0.170715
-0.720082
0.819472
-1.07871
0.257092
0.020698
0.574551
-0.291506
0.0567851
1.40146
-0.706352
-0.510073
0.888475
1.07626
-0.894284
-0.127089
-0.663891
-0.266058
0.0748922
-0.830472
-0.832713
1.80908
-1.34242
-1.28111
1.03429
0.628464
-0.495766
-0.0802102
-1.47816
-3.35056
1.2823
0.750229
0.306091
-0.110066
1.24971
0.391798
0.716541
0.567739
0.171815
0.488532
0.634058
-1.68807
-2.98528
0.945924
-0.669272
-0.558274
1.79987
0.0289733
-0.838824
-1.20895
0.579616
-0.968753
-0.193032
1.83048
-0.694368
0.519469
-0.142691
2.69485
-0.196016
-1.47556
-0.533876
0.413278
1.22837
1.27301
0.554245
1.41312
-0.195486
0.312692
-0.855134
-1.68063
-0.340625
-0.195646
0.548388
0.0618082
-0.860615
0.602738
-0.0349658
1.32189
-0.62136
1.47074
-0.553192
-1.22126
1.46324
-1.26326
-2.93514
1.24654
0.989371
0.846308
2.00627
0.287215
-0.222333
0.0442255
-1.6648
1.17876
1.33605
0.000763649
2.03058
-0.201861
-0.898934
-1.16433
1.52265
-0.7689
0.56535
-0.106786
-0.621749
1.35268
0.773206
1.01245
-0.248252
-0.923032
-0.396238
-0.345158
0.610754
-0.187493
0.561916
0.038346
-0.0931916
1.31475
-1.49403
2.14134
1.15913
1.16236
1.97553
-0.378561
0.220861
-1.2891
1.49964
0.768674
-0.241052
2.39425
1.36552
0.379381
-1.24552
-1.22615
-0.669996
0.28361
0.577197
-0.792542
1.46497
-0.398514
1.10217
1.67339
0.712358
-0.208379
0.977087
0.00942704
-0.759245
-1.35208
1.35736
-0.345399
-0.300498
0.0161763
0.195202
1.1972
-1.75144
1.40669
0.0292597
-0.190338
0.70091
0.609319
-1.68887
-0.761556
-0.166345
0.235981
0.28465
0.0511075
-0.997918
1.61956
-0.246069
0.376038
-0.0477864
-1.20506
0.690639
-1.03923
-0.0113889
0.700212
1.06489
-0.762959
0.490669
-0.0166742
1.58998
-0.551546
-0.717445
-0.281198
0.499777
1.05011
-0.837147
1.02039
-2.14355
-0.534743
1.86369
1.31689
1.33304
0.28941
-0.938049
-0.529115
1.05071
0.335757
1.43504
-0.165016
-0.402227
-1.31267
0.437315
0.451423
0.0623839
1.96334
2.5758
0.293618
-0.525362
0.202737
-0.319539
-0.168531
-0.0612016
-0.580695
-3.08524
1.00822
-2.02662
-1.13456
-0.728386
0.242597
-0.752246
-0.00878707
-1.64544
0.255105
0.7415
-0.123762
0.887264
-1.38343
-1.81503
1.8196
-0.531406
0.56217
1.43378
0.690285
2.1285
0.294031
0.174161
-0.0658508
-1.53187
1.514
0.825722
-0.225293
0.458323
0.580388
-0.42468
0.333999
0.0189285
-0.15802
-0.750993
-1.35494
0.149681
-0.683649
-2.35757
0.192372
0.296089
0.765745
-0.220657
-0.632629
0.346756
1.78294
1.57143
-0.39016
-0.250543
-0.140928
0.242648
-1.05435
-0.120951
0.153133
0.0768989
0.193555
1.47518
0.305136
-1.08363
-0.748132
0.663519
-1.17111
0.0477623
0.522039
0.329908
0.0535772
0.954352
-0.295406
-0.218824
1.82686
0.909777
0.206353
-0.152589
0.48784
-1.58721
-0.26987
0.478203
-1.60237
-0.0454614
-1.53009
-1.51612
0.641471
0.0486979
-0.0727506
1.69122
1.31273
1.06425
0.59401
-1.11494
0.836303
0.306129
0.683656
-1.31464
1.38954
0.599578
0.982157
-1.62758
0.109353
0.0682002
-1.75153
0.0963772
0.020635
-0.137946
1.24874
-0.735135
-0.806931
0.72349
-0.348769
0.726298
-1.2063
0.0794359
0.266783
0.300557
-1.83511
0.414742
1.36243
-0.49256
-2.1463
0.892471
1.94871
-0.780558
0.294625
-2.08211
-1.81729
1.61677
1.15475
-0.299133
1.11801
-0.0486933
-0.858042
0.122362
-0.545025
-0.539629
-1.29238
-0.437899
-0.698177
1.32149
-0.703903
0.168471
-0.460995
-1.90201
0.0550018
-0.330393
0.946261
-0.112324
0.925967
-0.00425705
0.071859
-0.826751
0.661113
-0.937079
-0.69178
1.71344
-1.1094
0.481946
0.382037
0.86004
0.425527
-0.0502376
1.19015
-1.13732
0.236397
-1.15527
-0.701746
0.345883
1.37591
-0.390856
-0.639774
0.773233
-0.0328135
0.688856
0.0291579
-0.0615327
1.2679
0.652589
-0.615017
0.786053
0.691511
0.894805
-0.836423
0.455644
-0.669359
0.847106
0.0064666
1.12907
-1.07341
0.526069
-0.293615
0.854805
0.0539495
-1.07071
1.5225
-0.914379
1.00018
-1.69374
-0.969106
1.29008
0.281867
-0.317032
0.260305
-1.0017
0.534985
0.718156
0.512691
0.137923
1.10786
-0.283176
-1.1593
-2.41191
-0.246194
-1.00409
1.11941
-1.49165
-0.260503
-1.07302
-1.1692
0.1592
-0.986969
-0.257441
0.174453
0.649822
1.19586
0.196383
-2.34877
-0.874133
0.00183506
-0.00319187
1.35992
-2.43646
0.458718
-0.118085
0.728288
1.20054
-0.136999
0.351117
-0.656343
-0.413339
1.06336
-0.124371
0.030402
1.18666
-1.15845
-1.33308
-0.83658
-0.891835
0.245704
-1.31979
0.674181
-0.220019
0.716709
-0.306881
-0.175052
0.430548
-0.153219
2.18781
-1.44086
-0.0460239
0.983417
-0.177481
-0.692945
0.489435
-0.657478
1.00704
-0.25229
-0.280335
-1.01441
-1.17848
0.0912146
-1.03936
-1.11993
0.183995
0.360296
-0.659586
-1.07078
-0.207931
1.76742
1.50551
-0.000459598
-1.90141
-0.704362
0.0101921
-2.68206
-0.0784954
-0.0718668
1.13392
1.3893
-0.264615
0.861114
2.14157
-0.597876
0.836382
-0.809676
-2.79629
0.282924
-0.635623
-0.0141002
0.264434
0.231589
0.356197
1.70669
0.331101
1.58057
1.52456
1.51663
-0.300842
-0.496007
0.687643
0.628841
-0.123782
-0.381029
-0.364725
-0.507142
-0.961069
1.85424
1.23998
-1.35379
-2.24897
-0.235782
0.102237
-1.66801
-0.617218
-1.49284
0.112763
0.673802
0.264309
0.683619
1.66754
0.440065
-0.247577
-0.119047
1.48784
-0.676908
-0.110418
-0.104344
0.987855
0.786113
-0.599406
-1.45281
0.800666
0.73492
-1.40458
-0.268274
0.878538
-0.598645
-0.359638
-0.585099
0.576701
0.287604
0.561467
-0.444926
-0.275921
1.40165
1.23254
1.21837
0.782133
-0.0521758
0.900522
-0.617184
-0.0773237
-0.343902
-0.788696
0.0417829
2.38542
-0.485109
-0.218712
0.0988218
-0.0405934
3.01691
-1.12321
0.925346
-0.485811
-1.78784
-0.0479699
-2.02598
-1.36316
0.499708
-0.846144
0.259065
2.42277
1.09574
-0.696535
-1.00241
-0.510821
0.839173
-2.00905
-0.483674
-0.189543
1.61838
0.611335
-1.3754
-1.25689
0.465663
-0.204109
-0.538002
0.380765
-0.168317
-1.40784
-0.00251562
-1.47362
0.525362
-0.311528
-0.385204
-0.7681
1.41183
0.821987
-0.350092
-0.493525
0.716073
1.37962
-0.955608
0.0955074
1.60415
-1.96248
-0.462488
1.41636
0.337876
0.530123
-0.0992135
0.545114
-0.0936178
1.51586
1.04958
0.212946
0.545416
-0.518913
0.483268
0.848752
1.25944
0.352533
-0.897088
-2.14686
-0.289009
-0.0898157
-1.27255
-0.950814
0.862419
-1.25902
-0.676931
-1.2614
2.0685
0.370598
1.05496
0.115792
1.08503
0.269755
0.474825
0.114274
-0.130965
1.24575
-0.248078
0.844087
0.791965
-1.04681
-0.48031
0.816652
1.04644
-0.501114
-0.776384
-1.0532
0.510604
-0.969243
-0.450944
-1.7375
-1.06486
0.558189
-0.0811767
-0.152176
-1.26753
0.214333
1.44941
0.579381
1.23423
-0.476891
0.890464
1.01183
-0.513539
0.039397
0.0914045
-0.99134
0.752522
0.563242
-1.20344
-0.269251
-0.330403
0.906696
0.659634
0.240677
-0.610656
1.4541
-0.137314
0.27323
0.599618
1.41668
1.35693
0.00210298
-0.394925
0.34058
0.406168
-2.31736
1.11166
0.0119286
0.903595
-0.407831
0.876781
1.0576
0.940988
-0.335207
-0.592938
1.02716
-0.178353
0.604569
-1.29988
-0.39201
-0.667975
-0.424667
-0.64728
0.318777
1.75639
-1.14893
0.814074
-0.128986
2.06885
-0.102575
1.98568
-0.95376
-1.44609
-0.273509
-0.681636
-0.57611
1.34132
1.84376
-0.031034
-1.02679
0.664833
2.13981
-1.28077
-0.631231
-1.25054
1.6771
-0.585172
-0.866116
0.310644
-0.581511
-0.272498
-0.940652
1.04295
-0.643718
-0.629449
-2.61289
-0.44372
1.98338
-0.819494
0.713735
0.202135
-1.03482
1.64553
-1.09381
-0.395349
-1.36407
-2.05051
1.05234
-1.48191
-0.298555
0.750863
-0.843699
0.0776979
0.113373
0.919688
1.17575
-0.441796
-0.900151
0.60409
-0.513354
1.52881
1.6099
-0.836735
1.24528
1.34963
1.12276
1.35856
-0.504448
0.721599
-0.527302
1.55392
-0.465583
-1.31165
1.69973
-0.660588
-1.11486
0.364709
-0.0300926
-0.0131044
0.309614
0.588638
-1.61906
0.409112
-1.15516
0.175407
-0.666571
1.42185
0.334173
0.0376736
0.0764086
0.150055
1.18942
0.779606
1.25005
-0.464955
0.711976
0.45827
-1.41564
1.98079
0.519227
0.123841
0.142364
-0.311273
0.74832
-0.0992277
-0.904791
-0.9511
-1.20997
-0.728261
0.327669
-0.308475
0.58336
0.049369
-0.614167
0.32183
1.91133
0.882202
0.136133
-0.824966
0.347783
0.884609
-0.397404
-0.339779
-1.32824
-1.16107
-2.41171
1.27276
1.19756
0.375505
-0.726094
0.153502
0.620844
-0.363186
-0.536573
0.248851
-1.4463
-1.17148
0.22662
0.221642
-0.67798
-0.369906
-0.581273
-0.403366
1.08324
0.17213
0.340952
-0.988871
-0.743095
-0.78142
0.2637
-1.42446
-0.651534
0.336037
0.572898
-0.729068
0.184649
0.82222
0.658466
0.790027
0.51049
0.62528
0.633974
-0.701435
-0.966228
0.0611867
-0.447246
-0.414689
2.04124
-0.0754152
0.969972
-0.555399
-0.557085
-0.387784
0.68954
2.21235
-0.0265891
-1.84795
-1.25667
-1.72457
0.900386
-0.921466
0.0581892
-0.892992
0.542212
0.840897
0.35462
-1.18965
0.321625
0.551093
-0.712601
-2.28574
-0.45879
-1.01698
-1.47453
0.0485689
-0.900696
0.483028
0.115522
-1.77243
-1.1683
-0.640725
0.0456504
0.19032
0.146082
0.379501
-0.0807618
-0.595332
-0.0458372
-0.461805
-0.15879
0.746007
-0.873243
0.360761
-0.866223
-1.11762
1.92524
0.95662
-0.0568698
-0.380446
0.0116117
1.00796
-0.628204
0.22993
-1.71553
-0.136326
0.698462
-0.641712
0.133553
1.52579
2.64494
0.327953
0.0609865
0.731571
1.3761
2.43037
0.992569
0.58273
-0.508231
1.15641
-2.58655
-0.164694
0.384533
0.569843
1.30013
-0.403028
0.734481
0.951355
-1.37194
-0.574631
-1.76285
2.14712
0.681785
-0.64467
0.680615
0.320618
1.18706
-0.385015
0.932493
-0.909005
0.643093
-1.32856
-0.435957
1.32856
0.0147012
-0.21737
1.73211
1.80692
0.689924
-0.257182
-0.0541846
0.336589
-0.424387
-0.763951
0.637015
1.47157
0.104233
0.83411
0.41676
0.0968272
0.188659
0.0448772
0.0216103
1.15711
-0.293033
0.0737768
-0.314332
-1.81708
0.0455339
-1.77923
-0.55269
-3.16375
0.206871
0.112255
-0.506077
2.07208
0.911551
-1.37375
-0.405908
-0.666717
-1.29386
0.104533
1.14818
-0.265248
-1.36794
0.531091
0.624502
0.67749
-1.40787
-0.772953
-0.987249
1.7492
-0.090957
0.478582
-1.19513
-0.487246
0.303463
-0.0442407
-0.202852
-0.15252
-0.844878
0.240918
-0.832365
-1.46713
1.35009
-0.914371
-1.57359
-2.79362
-1.2259
1.28859
-0.837187
0.948133
1.07252
0.442146
0.298478
0.960146
1.6666
-1.05168
-0.416673
0.375807
-0.803317
0.0125463
0.997705
-1.48184
-0.2698
-0.124668
-1.00015
-1.50866
0.46506
-1.47126
-0.506091
0.651068
-0.83546
-0.0499045
1.73185
1.70513
1.38165
-0.34195
-0.610197
-0.371596
0.157246
0.863458
0.41244
-0.848428
-0.750085
0.813634
1.37924
0.575818
0.785326
0.259552
1.65422
-1.26184
0.505991
1.05312
0.0916603
0.450954
-0.628592
-0.335992
0.930174
-2.46971
0.795292
-0.309306
1.09628
0.241197
0.181204
0.625806
-0.0501372
-0.423295
0.00287641
-0.655421
-1.11018
0.911599
-0.429144
-1.30655
-0.940313
-0.232857
1.10105
0.476217
1.32177
0.698521
-1.38388
0.679014
-0.0559296
1.04142
-0.497827
1.19336
0.173719
1.73778
-0.284211
-1.53437
0.466559
-1.78137
-0.803339
-0.900546
1.44148
1.96152
1.26545
0.494547
0.179977
-0.619709
0.943921
0.551714
0.887036
-0.117776
-0.67077
1.43801
0.890708
-0.125692
-0.119589
0.0656466
-0.471115
1.59837
0.477776
1.08373
2.01891
1.21816
0.782936
0.0221385
2.37044
-0.58149
-0.301383
0.123561
-0.555712
-0.695473
0.901486
-0.424597
0.426702
-1.51714
-1.65633
-1.09817
0.0292429
-1.19114
-0.762154
-0.449114
-0.209649
-1.63434
-1.34371
-0.663699
0.493902
-0.758092
0.546735
-0.756235
0.263539
-0.0439136
1.24749
-0.157649
0.191161
-0.339049
0.195345
1.71314
-0.855549
-0.710187
0.209456
-1.62363
0.814861
0.804259
-1.74046
-0.369804
1.77483
-0.380126
-0.0978012
1.17883
-1.01765
-1.18925
0.662964
0.296321
-0.265239
-0.704261
0.424967
-0.433283
1.18124
-1.82126
0.69732
0.0122448
1.27723
1.78443
-0.0772561
0.88902
-1.02004
0.698366
1.49286
0.779996
0.668041
0.645405
-2.9327
0.779403
0.805336
0.481745
0.464495
0.319385
0.967834
0.129268
-0.561255
-0.260224
-0.823093
-0.291706
1.38556
1.64615
-0.42953
-0.726763
0.618947
-0.733265
0.493995
0.371814
-1.91686
0.465212
-1.38694
0.325885
-0.135295
0.419909
-0.108615
1.08414
0.426739
0.336588
-0.626608
-1.19884
0.290298
0.584018
0.595395
-0.749113
1.48504
1.65334
-1.53911
0.321867
-0.789178
-0.742803
-0.673338
-0.00455634
-0.28337
-0.34094
-2.30308
1.25505
-0.203555
0.653562
0.128496
-0.324895
-0.640177
0.628126
-0.288722
0.645454
1.60111
1.3857
-0.181628
-2.02847
2.05324
-0.0454229
0.776155
-0.675371
-0.870957
0.133092
-0.311845
-0.620043
-2.0083
0.433252
0.365249
0.332775
1.99079
1.86839
-1.50313
-1.17608
-0.421214
-0.405002
0.341549
0.28942
-1.0857
-0.306992
-0.398403
-0.197163
0.209726
-2.28285
-0.139748
1.73301
0.264155
-0.00940691
0.315862
0.448903
-0.156608
-0.479034
-2.34837
0.35351
0.842727
0.234266
0.757138
-1.53923
-0.507695
-0.7923
-2.65628
-1.11813
0.270679
0.840448
-0.0622275
1.10262
-0.556126
0.229658
-0.750577
0.493912
-0.615643
-1.34129
0.65936
-0.508536
-0.789123
0.579618
-1.31461
0.84209
-1.54153
0.149992
0.807631
-2.01498
1.80628
1.46251
0.216551
1.12208
0.851486
1.51382
-0.885876
1.01895
-0.889103
0.387886
-0.203275
0.643645
-0.525257
0.185663
-1.05663
-0.660742
-0.300257
-0.164639
1.2493
0.526883
-0.290819
0.188205
0.273805
1.67857
-0.487625
-1.00466
-0.987431
0.840164
-0.158745
-0.362308
-0.448418
0.651744
-0.192092
-0.301855
0.141916
0.450421
0.188019
-1.09316
1.90802
-0.222559
1.74397
0.488328
-0.338933
-1.052
-1.24997
1.45171
-0.87926
0.676718
0.642516
-1.04387
-0.0795427
0.702817
-0.181252
0.0531197
-0.48874
-1.25756
-1.71615
-0.566801
-0.0731417
0.337384
-0.624013
-1.51472
0.212712
-0.255048
-1.85307
0.750011
1.15876
-0.520907
-1.39955
-1.38791
-0.216448
0.103828
0.192463
-0.243009
-0.706166
0.805605
-0.521902
0.151061
-0.100674
1.22741
0.632651
-1.09266
0.330548
-0.0294377
-1.2779
-0.439649
0.115812
-0.19043
-1.84212
-1.13791
-0.270225
-0.508721
-0.833166
1.29415
0.884916
-0.505598
-0.750996
-0.523957
1.12393
-0.253517
0.239881
1.20416
-0.0480836
-0.529327
0.384864
1.25687
-0.177696
-0.253944
-0.254644
0.104126
1.7973
0.0649842
0.45821
-1.4828
0.0237367
0.300762
-0.36024
0.919738
-0.431495
1.54857
-1.34448
0.150671
-0.592539
0.0542525
-1.34206
0.746306
1.09057
0.688577
-1.61847
-0.597397
-0.923852
0.318382
-1.34733
-0.48589
0.263523
-1.59358
0.256955
0.239706
-0.410729
0.546967
-0.698466
-0.797537
0.478809
-1.61704
-0.328298
-0.808858
-0.538989
0.817342
-0.805511
0.115713
1.61217
0.520364
-0.605395
-0.97653
-2.16355
-0.346724
0.204191
0.642995
0.835587
1.01756
0.0942145
0.30031
-0.502121
-0.0322011
-1.56174
0.231015
-1.12527
0.64139
-1.40786
1.09976
-0.816636
0.595105
1.2731
-0.540465
-0.33438
0.623929
-0.528128
0.507803
0.899411
-0.585657
-0.750055
0.529408
-0.150978
0.179408
-0.0108143
0.242623
1.14786
0.542344
-0.590861
1.37577
0.639465
0.623772
-2.38464
0.047671
-0.685533
-0.635612
0.951892
-0.882457
0.547941
0.830846
-0.486896
-0.356399
0.425967
0.128034
0.679764
1.32679
1.1691
-0.739674
-0.70484
-1.44595
-0.362235
-0.235582
0.619102
-0.646663
-0.186271
-0.991518
1.81478
-1.11924
-1.11079
-0.24559
-0.724073
-0.231572
0.326136
0.0769138
-0.935634
-0.344241
-0.361665
0.236202
1.17958
-0.578077
0.819103
0.55427
-2.03036
0.354344
-0.305412
0.847721
-1.61587
-0.296438
-0.266437
0.582033
-1.64189
-1.01781
-0.473304
1.9386
-1.49068
-1.609
-0.72639
1.27769
0.455342
0.496188
1.11754
0.0729238
0.13473
-0.397704
-0.363153
-0.960957
-0.820104
1.36351
-1.53259
1.53689
-0.170919
1.36324
-1.64336
-0.719305
1.03273
-1.57167
0.582716
0.0756222
0.0088449
2.25375
0.696884
0.2532
-1.08974
-0.0808225
-0.408519
0.729806
-0.357711
0.519039
1.82095
0.401665
-0.960647
0.63607
-0.295415
0.277234
-1.89879
-0.645767
0.368166
0.262083
-0.204217
-0.92087
0.181901
1.69928
-1.97219
-0.386256
0.748676
-1.32536
-0.257992
0.532293
1.65836
-1.07329
0.507133
0.309141
1.58635
0.937114
-0.625848
0.362432
-0.404324
1.72915
0.6581
0.312581
-0.206508
-0.373737
-0.886429
0.616184
0.251479
0.0862335
0.252298
0.00295347
-0.223247
0.490796
-2.04893
-0.0910538
0.698105
1.45763
-0.511375
-0.0668136
1.18005
-0.0113406
0.970465
0.478206
0.699687
-0.958912
0.264489
0.107504
-1.34449
-0.204831
-0.0568467
-0.0959815
-0.861022
-0.36723
-0.537907
0.913935
0.625021
0.982037
-0.387308
-0.319122
0.438744
-0.383619
0.165019
0.550558
-1.19051
-0.945951
-0.554577
-1.27965
0.12869
0.705226
1.07352
0.708685
0.161158
0.340175
0.4145
-1.45868
0.960858
0.178691
0.612128
-1.6007
0.60153
-0.409009
0.168503
1.39792
-0.753936
2.11473
0.77843
-0.00197281
-0.0453949
-0.676599
0.800132
0.65866
0.150082
-1.51753
-1.03194
-1.40637
-0.382105
-0.310224
0.877498
-2.10415
-1.66305
-0.533224
-0.765902
0.437304
0.841999
-1.97764
0.570337
-0.466586
0.862388
0.101115
0.0548268
1.30485
-1.12623
-1.89603
-0.811685
0.502248
-0.638217
-1.2534
0.541186
-0.79934
-1.10382
0.879345
2.34895
0.865638
1.44628
-0.502461
-1.19068
0.297498
0.379173
0.16803
1.29369
-0.6086
-0.596123
-0.675161
0.00623827
0.738569
1.13916
-1.01701
2.81679
-1.06201
-0.645762
-0.0933252
0.697122
-0.45414
-0.464259
0.447794
-1.75952
0.744767
-0.436838
0.505716
-1.68903
-0.229034
0.776692
-0.635796
-1.58078
0.314328
-0.76845
-0.23821
2.70231
1.99038
-0.493557
-0.659954
-0.182055
0.653728
0.310632
-1.61897
-1.0715
-0.296334
-0.256421
-0.244136
0.784594
0.941933
-0.143676
0.206147
2.52995
0.502288
1.23104
0.792083
-0.208626
-0.406996
-0.607749
-0.303731
0.0218636
0.0634982
-1.13629
-0.508648
0.129827
1.42333
-1.46089
-0.370219
-2.08883
0.124991
0.51348
-0.493802
-0.66151
0.140274
0.0544389
-0.737708
0.135894
-0.204503
-1.67971
-1.14726
2.34794
0.0637964
-0.419103
0.339695
-0.164098
-1.08903
-0.600933
0.54425
2.0027
-0.363137
-1.48557
0.692291
0.232049
0.118549
-0.659699
0.499419
1.59573
-0.733366
0.0682456
0.929564
-0.68437
1.12841
0.854767
-0.548569
-1.64643
0.128904
0.452282
-2.13062
2.148
-0.326735
-0.920472
0.53026
-1.41721
0.417957
1.48324
1.3782
-2.64383
0.23364
0.141717
-0.283943
-0.0339052
0.189729
-1.26323
0.752985
0.105442
-0.840804
1.04882
0.903356
-0.668238
-0.00744644
0.034679
-0.30822
1.60397
-0.693961
-0.675545
0.4157
0.902715
-0.137815
-2.0137
-0.968392
1.23429
-0.012339
1.01951
0.550697
0.107222
-0.915148
0.995779
0.300038
-2.23547
1.38694
-0.534845
-0.213152
0.339485
0.196869
-0.496506
-0.103934
-0.563212
0.712618
-0.285197
1.16286
-0.149834
0.0280216
-0.782079
-0.0271289
1.00058
0.310547
0.147636
-0.629285
1.00105
0.774255
0.610896
-0.362739
1.41359
1.95589
-0.0168353
-0.418731
1.03901
0.141071
-0.303165
-0.164306
-0.941339
-0.597217
-2.22608
0.395911
-0.198728
-1.26939
1.20994
0.533245
1.57962
2.45187
0.53616
-0.0816396
-2.09432
0.7276
-0.538106
0.480798
0.44482
-0.540634
-0.139216
-1.11635
-0.895656
-0.524604
-0.642216
0.767417
-0.485151
0.202695
0.971783
1.67281
-0.334855
1.46046
-2.21599
1.40673
0.168198
-0.0681706
-2.22153
0.810576
1.5618
0.737107
-0.474755
-0.0817447
0.773191
0.727794
-1.31146
0.520792
-1.35563
1.09162
-0.834463
-0.00100185
-2.06177
0.373368
0.389702
0.681932
0.823584
-1.97857
0.487489
-0.700269
-0.368086
-0.341253
-0.957895
0.159093
-0.478844
1.03237
1.0204
-0.551461
-0.894695
0.212698
1.48553
-0.251158
0.00332313
-1.06253
-0.964197
-0.173047
0.0896894
-0.650048
1.06723
-0.766131
-0.56286
-1.93305
-0.457985
-0.626946
2.42815
0.759373
2.49718
1.67112
0.796548
-0.124806
-1.54071
0.025658
-1.02839
0.858337
0.300629
0.0262449
0.386871
0.53746
-0.931101
1.0493
-0.0786738
-0.608792
0.430621
1.56971
-1.04539
-0.689085
-0.110072
-1.37838
-0.451721
-0.494558
0.862214
-1.63387
-0.79349
0.61837
0.691991
0.488275
-0.17833
-0.521121
0.604326
0.813842
0.48805
-0.0139312
0.877182
-0.479755
-0.995368
0.213793
-0.478727
1.05074
0.866565
-0.315703
0.581589
0.899168
1.06694
1.31591
-1.1532
0.642162
-1.08861
0.947619
-0.724716
1.88214
0.87698
1.6326
-0.785427
1.17239
-1.16377
0.753959
-0.629015
-1.10218
1.06529
-0.758454
0.917744
-0.0612679
-1.49644
-0.383225
0.2807
-1.18323
-2.2842
1.70753
0.823594
-0.106298
0.618163
-0.319191
0.19064
0.521795
1.69758
0.363902
-2.2474
0.919059
-0.070057
-0.150296
0.436698
-0.672557
0.688223
-1.58116
0.31552
0.195999
-0.697968
0.445164
-0.270776
-1.21273
2.99205
1.69818
-0.202987
1.62006
-0.840378
1.72862
0.632153
0.230573
-0.542793
0.0429095
-0.989925
-1.73156
0.203363
-0.42461
0.140747
0.509667
-1.80328
-0.72034
1.24339
-0.339324
2.58306
-0.410192
0.764125
-0.317179
-0.123718
-0.751998
-0.249196
0.847073
-1.35303
1.23653
-0.239152
0.345555
-1.4668
0.627841
0.0352095
-0.197147
1.63088
1.1517
0.0962579
0.261891
0.500553
-1.09106
-0.668763
0.1147
-1.05445
1.22328
-2.37774
0.655036
0.39472
2.19126
-0.317247
0.265575
0.131705
-0.245429
2.11064
-0.211642
1.38989
1.68406
-1.86898
0.0083622
0.301663
-2.17998
-1.56758
-1.10071
0.0945121
1.15464
0.0582545
-0.762371
0.955971
-0.162568
-0.174609
0.939081
0.454318
-1.7359
-0.512888
-0.693431
1.62546
-1.0715
-0.742547
0.429966
-0.0967052
0.46154
-1.12801
0.785862
0.0935041
2.07729
0.627179
0.695314
0.0266556
-0.386236
-0.194259
-1.22077
1.0602
1.63898
0.0459349
1.14337
0.546851
1.03259
-0.247152
2.28753
-0.132655
0.276947
-0.646069
0.173431
0.496587
0.214151
-1.34629
0.0730132
1.97731
0.701628
-0.872863
-0.876611
-0.174558
0.372161
-1.69265
0.039117
0.580171
-1.25592
-0.0263653
-0.906225
0.295465
-1.58332
-0.0920557
0.535627
-0.357516
-0.702535
-0.134655
-0.714313
0.149006
0.777006
-0.657816
-0.696397
2.20084
0.647064
-0.513213
-0.0420944
-0.949024
1.80746
-0.110168
-0.944371
-0.362081
-1.07726
-1.22045
0.466385
0.988184
-0.269164
0.460043
-0.0280916
-0.402238
-0.0139052
-0.152052
-0.29242
-0.582198
-0.636215
-0.281965
-0.443931
-2.59065
-0.186953
-1.13774
-0.0871901
-2.30065
-2.26951
0.974771
1.41258
-1.34079
0.313379
1.38614
-1.73649
0.720501
-0.770239
-0.487425
-0.908941
-0.173369
-0.367081
-0.334549
1.04922
0.292461
0.271666
-0.00928992
0.588641
-0.707172
-0.315694
0.150483
1.81038
1.62014
0.450781
-1.04998
-0.236006
1.34604
1.46638
0.419613
0.0732976
-0.218958
0.514182
0.37629
-1.25452
0.423563
-0.605246
-0.413508
-0.918425
-1.60447
0.929465
-0.458885
-0.988535
-0.121559
-2.10024
0.419383
0.185311
0.266426
0.292499
0.597015
-1.5337
-1.36253
-1.00704
0.245937
-0.695372
-1.58881
-1.70401
-0.338679
-1.48857
1.09527
0.968096
2.13558
-0.521899
0.165719
-0.763744
0.548169
-0.781554
-0.748995
-1.17523
0.111313
-0.514032
-0.239378
1.65523
-0.639473
0.195926
0.804917
-0.205797
-1.49974
0.133687
-0.394089
-1.31038
-1.79337
-0.487186
-1.09811
-0.884662
-0.535189
3.51084
-0.0782727
2.69128
-1.07906
-0.231709
0.0951572
0.0311578
0.946296
-0.797568
1.37001
-0.941549
0.349595
0.697447
0.675498
0.406723
-0.942593
1.0342
-0.640804
1.44212
-0.841387
0.312056
0.0290308
-0.413474
0.894423
-0.166205
0.952838
-0.284692
0.335802
0.931469
2.08064
0.141898
-0.943624
0.579245
-0.329895
-0.392244
-1.03411
0.0244533
0.681533
2.04694
-0.7141
-0.400627
-0.96975
0.984858
-0.683434
0.215384
-0.314345
-0.122555
0.21152
-0.25367
0.877402
-0.322715
1.2438
-0.423807
0.0490028
0.25732
-1.91177
0.421971
-0.161979
-0.14244
-0.67329
0.482795
1.46105
0.458788
-0.790592
-1.51335
1.13904
-0.0480612
-1.99767
0.651658
0.989341
1.40403
1.9176
0.17477
0.387654
-1.38746
1.45755
1.09927
-0.743335
-0.407233
-1.09025
-0.252826
0.898855
2.06749
-0.51103
-1.03298
0.77796
0.0370172
0.160618
0.266083
-0.670553
1.16457
-1.47954
-1.10779
0.236585
-1.35819
0.521202
0.512103
-0.613736
1.2512
0.207337
0.697101
-0.682428
-0.412852
-1.38719
-1.21255
-1.55753
-1.24437
-0.974612
-0.53589
-0.4073
0.0602631
-1.69333
0.158449
-1.60288
-0.109016
-0.399866
0.0330557
0.352499
0.199928
0.363235
-1.1803
-0.468995
1.29947
0.766479
-0.370005
-0.274695
2.05329
-1.14816
1.32485
0.110985
-0.313759
0.481336
-0.495881
-1.6253
-1.20108
2.08584
-0.801642
0.0431554
-0.142238
-0.252906
-0.474833
-0.177462
0.819004
0.370265
0.221719
-1.35065
-0.0191594
-0.81698
0.476453
-0.0662538
0.392843
-0.489405
-0.155331
-0.675704
-0.24079
-1.2514
-0.929637
-1.5383
1.54421
-0.719489
-0.00943683
0.239154
-0.219078
-0.757478
-1.51841
0.335639
1.42616
1.3031
-0.180097
0.179265
0.766929
1.80854
-0.854527
0.523556
0.219845
-0.444533
0.104252
-0.903085
0.952825
1.50246
0.745144
-0.24931
-2.22264
-0.687484
-0.0612707
-1.51132
2.14406
2.38079
-0.714615
-1.27712
-1.09151
-0.330751
-0.586974
0.769159
-2.06831
0.0298031
-2.22001
0.324084
1.98019
0.302376
-0.408605
-0.332656
1.70323
1.07935
-1.93599
1.17449
0.114381
-0.908328
1.33818
-0.139039
0.0534988
1.05938
2.20096
1.4163
-0.401227
-0.309329
0.198629
0.402737
-0.0759989
-1.18699
0.136893
1.20417
-2.0284
0.848603
0.971596
0.247875
0.472413
1.82301
-0.631161
0.27756
-0.909457
0.0874586
1.54835
-1.28506
-0.216302
1.19891
-1.66058
1.43247
-0.238392
0.0565245
-1.16867
-0.223204
1.28257
-0.199946
0.460336
-0.564575
0.310024
0.739593
0.0126195
-0.596427
0.020881
0.00516941
1.84002
0.322187
-0.152206
0.791876
-0.480892
0.705669
-0.173849
0.587908
-0.673437
1.21587
1.08488
-0.0439462
-0.507491
0.0378286
0.519009
-0.58362
-0.443795
-0.346177
0.288762
0.409378
-0.480215
1.25944
-0.836453
-0.636946
-0.0868238
0.718505
-0.585832
-0.451031
-0.656148
0.926163
0.0673259
0.0319622
0.426545
0.20108
0.817111
0.00488064
-0.0519207
-0.770196
-0.324583
-0.103003
0.0258257
0.179355
0.181336
0.858674
-0.409447
0.354345
-1.75751
0.205577
-0.776892
-1.3516
-1.40426
0.833039
-0.617506
-0.864762
-0.0304376
0.303843
3.43235
-0.399782
-0.400749
0.454741
0.385644
0.473417
-1.42644
-2.35282
-0.185027
-0.0607184
0.0759834
2.92585
-0.169582
0.600699
1.9625
1.30495
0.210942
0.520149
-0.357498
0.242883
-0.580533
1.88505
0.253969
0.0140608
-0.35567
-0.559025
0.646685
1.03176
-0.124166
-2.53353
0.386142
-1.1227
-0.411951
-0.145316
-0.373577
0.191817
-0.108079
2.26491
-0.960363
-1.53508
0.629428
-0.10452
-0.164933
1.5535
0.211558
0.284344
1.19683
-0.584504
0.165095
-1.59819
-0.602104
1.1818
0.35864
-0.111761
-1.41913
-0.142541
-0.367836
0.0750552
-0.134235
1.2273
0.415
0.715384
1.12899
-0.189164
1.45681
0.73978
0.453811
-1.3448
0.446216
-1.03431
-2.0494
1.65762
0.0785627
-0.77864
-0.107056
0.890666
-0.715171
-0.867999
0.166928
-0.22621
0.62776
0.51282
-0.522714
-1.61983
-1.36459
0.219439
-0.223484
-0.0725524
0.737824
-0.000736202
-0.365525
-0.373533
-1.60801
2.222
1.19577
-0.77776
-2.13257
0.306929
1.40384
-0.36191
-1.28476
1.7667
-0.607854
-0.988927
-0.91052
-1.32983
0.283013
1.29396
-0.596362
-0.914116
-0.140688
-0.669912
-0.908172
1.51237
1.36789
-1.79085
0.592181
0.613698
0.668125
-0.475479
-0.930453
2.35541
0.9526
-0.933105
0.0494002
-2.63057
-0.303776
-0.595536
-0.253509
-1.3345
0.403254
1.69854
-0.711961
-0.779157
-1.41899
-0.477
0.49273
0.383466
0.422853
0.367541
-1.54759
-1.2883
-1.29795
1.91846
0.353347
0.984329
0.139167
0.456293
-0.267166
-0.534115
1.24971
2.44683
-0.0380072
0.535089
0.676171
-0.860813
0.235871
-1.44679
1.45315
-2.79806
1.43344
-0.536703
1.32566
-0.90469
-0.556137
0.909756
-0.120132
-1.00605
0.297315
-1.48498
-0.462364
-0.526612
0.493567
1.36226
-2.03684
1.01814
-1.11126
-0.924134
1.27605
0.242091
0.335722
-0.298072
-0.450779
-0.356062
0.392437
0.355999
0.848952
-1.44906
2.47517
-0.508709
-1.05818
-1.4743
0.269033
-0.581323
-0.377473
-0.0941001
0.432151
-1.30383
-0.574845
-0.581017
-0.94292
0.0900943
-0.319448
0.157878
-0.469618
0.480627
0.534213
-0.653043
-1.07672
0.764825
1.40923
0.258492
1.9612
0.413512
0.266168
-1.31221
0.762119
0.261386
1.74457
-0.136099
0.107397
2.09938
0.353916
0.694934
-0.150155
-1.65055
-0.0921587
-1.43711
-0.102224
-0.483072
0.597786
-0.407287
-0.390389
0.808486
0.809447
-1.21665
0.979589
1.1452
-1.02567
-0.435971
-0.232112
-1.06346
-1.22364
-0.326756
-1.1241
1.29901
-0.96191
1.30358
-0.245975
1.83022
0.763252
0.777615
0.0359011
1.18146
-1.69136
-1.65201
1.42601
-0.0968177
-1.19433
-1.65605
-0.504569
0.18089
-1.00188
1.28583
1.93083
-0.848072
0.077401
-0.657462
1.11466
-0.788332
-0.388456
-1.68207
-0.225725
0.380687
0.590851
1.59943
-0.659355
1.10912
0.273067
-0.592289
2.84062
1.37455
0.12438
0.78266
-1.47899
1.06388
0.983338
-0.641236
1.11043
-0.891805
0.094232
0.268226
0.874463
2.19273
0.268647
-0.859817
0.452493
-1.25209
-0.324147
1.11438
-0.347355
-1.09083
-0.381142
-0.23313
-1.24724
0.199015
0.954747
-1.25105
0.44936
-0.815512
0.214086
-0.818584
-0.752443
0.492715
1.1421
-1.33506
1.2459
1.55775
0.783761
-0.375747
0.867806
-0.015595
0.264183
-0.211968
0.13408
0.185119
-0.165361
2.36559
-0.0621933
-0.38517
-0.62475
-0.0357966
-1.34778
-0.667577
1.49632
1.17564
1.72896
1.43392
0.905177
-1.61436
-0.52338
0.921718
-0.308187
-0.858724
-2.12701
0.0335517
-0.863219
-0.196664
-0.867289
1.60447
0.076755
1.34143
-0.676285
-0.0348583
-0.0599514
0.0884401
0.956081
0.565562
-1.88464
-1.16374
0.312164
1.07183
0.685749
0.0774447
-1.53738
-0.682976
-0.0887521
-0.62063
-1.65332
0.631118
0.595501
1.40122
-0.222229
-0.0054211
-0.544198
-0.983808
1.34292
-1.08953
-1.22891
-0.570766
-0.170081
2.07897
3.21375
-0.106105
-0.694209
0.420814
-0.299071
-0.985017
0.0015035
0.481452
0.0147871
0.479758
0.319214
0.261559
-0.473862
-0.0693938
0.992759
-1.41372
0.348385
0.000531107
0.483127
1.07919
-1.66385
0.710014
1.64034
-0.0538026
0.309921
0.81716
-1.37393
0.24563
1.46134
-0.542432
1.93055
-0.160502
0.666907
0.416784
0.613475
-0.0946889
-0.115191
1.00665
0.489083
-0.67793
0.0441821
-0.695241
-0.228285
-0.725164
1.82038
-1.54514
-0.0465832
-0.11826
0.319481
-1.10724
-0.413342
-0.420856
-1.78585
-1.16344
1.17023
0.935469
1.23735
0.482871
-0.344938
-0.390332
0.228626
-1.41938
-0.0461089
-0.867231
-0.0979423
-0.273981
-1.26086
0.97261
-0.367765
-1.33412
0.963531
1.00814
0.556185
-0.789036
0.227977
0.572041
-0.728763
0.904275
1.16502
1.66883
2.03083
1.06975
0.374216
0.792266
0.565357
-0.522038
0.142811
-0.669033
-1.49079
0.158922
0.626612
0.341841
-2.22539
-0.985672
-1.02112
0.268801
0.442121
-0.320289
1.30077
-1.03464
1.01542
0.236116
-0.272303
0.56093
-1.83543
0.264202
-0.024636
-1.04454
1.92451
0.838683
0.434251
-0.409114
0.307887
-1.21984
0.126146
-3.11076
-0.158526
0.819946
-0.181076
-0.288841
-1.2967
0.973297
0.103622
-0.00843046
-0.6349
0.206018
-0.419279
-2.42534
-0.00948584
-0.366216
-1.03887
0.275121
1.63106
-0.927406
-0.00254497
-1.61833
0.70455
-0.520955
-1.26776
-1.32319
-1.36888
-1.6926
-0.299456
0.0517633
0.00188473
0.293748
2.16358
0.77114
-0.671513
0.0344266
-1.55653
0.237915
-1.36528
-0.256617
-0.662303
-0.198683
0.663609
0.157168
-2.79843
0.566854
0.409921
0.267055
-0.5018
-0.0630996
1.46813
-1.10929
-0.715664
1.27271
-1.45392
-1.72286
-0.190573
2.82917
0.922913
-0.855282
0.208714
0.355605
1.48603
-0.183295
1.15164
0.177756
-0.106111
0.774153
1.61665
1.61106
-1.17631
0.0510646
0.536183
-0.401063
-0.465176
0.554313
0.442877
-2.19628
0.384164
0.885156
-0.841364
-0.815765
0.796205
-0.811376
-0.214948
-0.3215
-0.218357
1.15035
-0.100692
0.658543
-0.526379
-0.00579969
1.77601
0.320292
1.83241
-0.0867717
0.0420001
1.47194
-0.217623
1.74171
-1.28131
0.0755322
1.81428
0.592199
0.0475856
1.68737
1.34178
0.119887
-0.766484
-0.858182
-0.0619395
2.80649
0.366449
-0.727067
-0.271788
-0.336674
0.758191
0.966972
-1.83089
1.38475
0.0421648
-1.89365
-0.664243
2.46493
0.468927
-2.14447
-0.423752
-0.725956
0.393948
-1.05812
0.679754
1.03816
-0.530695
-0.0731624
1.74498
-0.974419
-0.00638396
0.604629
1.00429
-1.00888
-0.557866
0.449796
-0.206426
-0.901974
-0.961994
-0.0651554
-0.39112
0.785223
-0.080157
1.04231
0.702084
-0.621364
0.00992806
-1.49142
-1.21365
0.836598
-0.720142
-2.56593
-0.110803
-0.87386
-0.609141
0.182219
-1.21883
-1.43885
-0.108574
-1.55714
-0.884713
-0.840015
-0.940559
-1.1033
-1.16049
0.042412
-0.118796
1.43622
0.0810761
1.22931
0.190285
0.416827
1.05627
0.622237
0.163398
-1.35112
-0.532146
1.89096
-0.929304
-0.706352
-0.51818
0.717621
-1.06069
-0.471
0.624961
0.433612
1.24923
1.45432
1.16541
-0.315225
-0.278462
0.72613
-0.0511792
0.370498
0.857105
-0.349314
1.39023
-0.769207
1.99644
1.33548
0.238843
1.32622
0.262079
-1.28992
-1.49074
0.994604
2.44421
1.65032
0.526111
0.344654
0.732146
0.314594
-0.429853
-1.29704
-0.759693
-0.814415
0.0250977
0.302767
0.161713
0.804322
-0.13111
-0.184953
0.0985453
-0.843584
0.71394
-1.13907
-0.427047
-0.396388
-0.895128
-0.515652
0.48413
-1.15029
0.590959
0.19091
-0.0622123
1.13719
-0.289485
1.50303
0.00458114
-1.2282
-0.0414466
2.4799
1.77919
-1.2436
-1.0056
-0.353886
1.33259
-0.283505
0.814976
-2.19131
0.421749
-1.20082
-2.27054
0.839073
-0.294477
0.647164
0.868726
-2.65384
-0.110809
-0.307593
-1.01934
-0.594984
-0.782328
1.62132
-0.0435687
2.09868
-0.743822
1.26669
0.979339
-1.18868
-0.0397879
0.522843
1.12422
-0.178144
-0.146489
-0.414135
0.711211
0.463176
0.614282
-0.121623
0.484176
-1.23847
-0.467615
-1.20452
0.927706
-0.937681
-1.66911
0.636369
-1.04408
-0.144565
-0.690353
0.826231
-0.260566
0.55806
-0.492385
-0.592846
0.851246
0.770455
-0.34116
1.61239
1.21499
-0.622589
0.696955
-2.48436
0.289115
-1.27476
1.76643
1.53222
0.325722
0.521363
-1.03285
0.0904262
-0.708664
-1.95063
2.67921
-2.07377
-1.18728
-1.01445
0.479225
0.0788782
-1.22248
1.0088
-0.983863
0.321283
-0.701659
0.339802
-1.67357
-0.30092
0.125879
1.20141
0.598568
-0.52152
0.434353
-1.33521
-0.189951
-0.391715
0.892757
3.27175
-0.428437
0.66373
-0.232259
0.306584
-0.294199
0.326756
1.31522
0.826115
0.017613
0.125857
-0.394483
0.525164
-0.0158044
0.25249
-0.556812
0.363495
0.039299
0.0609603
-0.95231
-0.840037
0.533197
-0.0363805
-0.771251
0.303655
0.79047
-0.429397
-0.799731
-1.29653
-0.638435
-1.02894
-1.09173
0.146593
0.23552
-0.0451056
-0.385834
0.852067
0.673429
0.69498
-0.310356
-2.60293
-0.487274
0.642304
1.46005
0.298687
1.77546
0.310089
1.0255
