0.484735
0.0323031
0.85821
1.97522
2.1658
-0.0804791
-0.471097
2.39231
1.3098
0.789337
-0.167916
-0.071743
0.325778
1.08678
-0.613036
-0.104972
-0.836691
-0.121289
-1.28169
-0.0225717
-1.00819
-0.597118
1.98934
0.107237
2.12364
0.136512
1.80908
-0.891
1.06585
0.425438
-0.367103
1.83269
-2.16809
0.0578691
0.206456
0.765251
-0.385511
-0.903575
-1.90469
1.98521
-0.573754
-0.419296
-1.31777
-1.11345
-1.2124
-0.361118
1.69501
2.30198
-1.59561
2.05903
-1.23778
-2.5606
0.388562
0.390289
0.621793
0.187869
-0.190389
-0.493456
-1.9742
-1.6729
0.429653
-0.216008
0.160508
0.645607
-1.14757
-1.25538
0.0373137
-0.875851
-0.10279
-1.75743
0.0816417
0.880582
-1.7208
-0.915694
-0.0798872
0.0972494
-0.367139
0.0340082
-0.380478
0.347011
-0.570196
0.861068
0.809251
0.578945
0.894501
1.62075
1.30451
-0.0795581
0.696864
-0.338994
1.98706
1.77523
1.52558
-1.90167
1.13095
0.995939
-0.426975
1.67572
-0.391057
-0.299243
1.73388
-0.00720803
0.617305
1.57447
1.37916
-1.77517
0.329141
1.18922
-0.616178
-1.83324
0.645713
-0.656007
0.448077
-0.919822
0.496601
-0.920101
-1.70253
0.422931
-0.379369
-1.02835
0.973278
1.40668
-2.14051
1.06628
1.45037
0.662017
-0.7445
1.19006
2.07457
-1.01714
1.41613
-0.697154
0.591901
-1.04435
-0.505822
-1.0987
-1.50398
-1.58147
-2.47148
0.805358
-0.84415
-0.49687
0.725474
0.915905
-1.86072
-1.4328
0.25055
0.791335
0.181046
-0.337937
-0.763728
1.21556
1.17224
0.332996
-0.982931
0.728133
-0.14977
0.91409
0.888972
0.102794
0.107807
-0.226547
-0.989211
1.43506
-1.4325
1.19701
-0.968337
-1.18533
-0.264948
0.0784304
-1.55505
-0.0724264
0.117535
0.186347
0.765341
1.28142
1.32325
1.25152
0.459414
-0.439606
0.513654
1.53281
-1.19702
0.172795
-0.436181
-1.94639
-0.733207
-0.190602
0.0286496
2.65542
1.56297
0.427168
0.245291
-0.912707
0.92634
-2.34721
0.72697
1.55323
0.614399
-0.31328
0.589116
0.281921
-0.538416
0.476735
0.79946
-1.49417
-1.37027
-0.950336
2.6919
1.63918
1.39394
-0.616786
0.718085
0.816507
-0.172146
0.895997
-0.0395991
-1.11075
0.23728
-0.356913
1.68915
2.01685
-1.34227
0.950439
0.223163
-0.996261
0.431794
1.00822
0.27346
1.31174
1.4149
1.43714
1.25361
-1.77677
0.174011
1.66566
0.561734
-0.151406
-0.585939
-0.753015
1.7956
-0.61238
-0.623013
0.608486
2.37852
-0.276798
0.207501
-0.237163
-1.07329
-0.413601
0.14043
-2.71519
1.11199
0.887609
0.669006
0.310558
-1.46494
1.67587
1.49472
-1.71528
-0.141729
0.939943
2.12122
-0.912411
0.116483
0.279541
-0.27487
-0.0947319
-1.54872
-0.818399
0.354389
-0.893486
-1.46274
0.518274
-1.64295
0.787281
-0.839145
-2.03338
-0.489587
-2.20148
1.54126
-1.23118
1.03914
-0.378447
-0.63515
-0.299042
1.40514
-0.92996
1.03296
0.121758
0.110559
1.30632
0.219061
1.81311
1.4851
2.3593
-1.15015
-0.760373
-1.47204
0.89699
-0.566025
-0.592308
-0.147877
0.818341
1.32668
-1.90124
-0.511355
-0.796193
-0.671557
1.28865
0.794751
1.87844
-0.497848
-2.74496
1.7042
0.738687
-3.80527
-1.80848
1.3103
-0.905482
0.406144
1.08369
-2.60168
0.173158
0.329189
-0.274652
0.464435
-1.91861
-0.340013
0.123996
0.855857
-0.0598368
1.26972
-0.93581
1.32807
-0.19904
0.721298
1.74032
-0.182237
-2.89736
0.876103
-0.472339
-0.242474
1.35132
-2.03778
2.28916
-0.532135
-1.83412
0.764605
-0.434752
0.702478
0.182797
-1.33946
-0.555646
-0.0180977
-1.36406
0.539026
0.792955
0.196574
-0.685317
0.0989172
0.90036
-0.358224
0.451607
1.4991
1.09724
2.17936
-1.52308
1.11538
-2.14076
0.191235
-1.4764
-2.16746
0.750534
0.633744
-2.15552
-0.868244
0.57109
-2.7146
-1.20452
2.57127
1.98191
-1.44171
1.27779
1.23662
1.92371
-1.00699
1.73984
-1.5053
0.352069
0.624874
-2.02483
-0.633664
-0.29249
-2.36873
-0.183671
2.01844
1.29452
-1.40923
0.638526
-1.1627
2.38553
-1.3148
0.846978
-0.104826
0.497506
1.49279
-0.135108
0.580814
-4.00432
-0.615526
-1.59425
-0.713748
1.02452
-1.34384
0.682017
0.400987
0.855871
-0.0698677
-0.727429
-0.838019
-1.07628
-3.59737
0.256069
-1.36555
-0.834528
0.0181055
0.162598
-1.77321
-0.58229
-0.917972
-1.38673
-2.10011
-0.848547
0.820208
0.181631
-1.41234
1.35495
-0.195299
-1.59745
-0.0396112
-2.00881
1.65038
-1.16759
-0.86042
0.606358
-2.07268
0.181216
0.885637
1.06344
0.00629651
-0.714535
-0.633446
0.583652
0.349739
-1.00306
-1.91619
-0.41623
1.11817
0.680898
-1.38644
-0.100687
-0.786922
1.25325
0.330443
-0.359789
-0.823617
0.99141
2.34402
0.989686
0.841637
0.310577
-0.158986
0.221787
0.518529
-0.751411
-2.57504
-0.703045
-0.65329
-0.599218
-1.34321
-1.12773
1.1165
0.0483755
1.34219
-0.228346
0.825951
0.62797
0.0967714
-1.09014
-0.850151
-0.903816
-0.712888
1.32561
-1.81346
0.614876
-1.19925
0.368507
-1.26844
0.664857
0.587887
1.56255
-0.261096
-1.42022
2.36315
-1.95729
-0.526983
-0.0229439
-1.78091
0.564565
-0.479999
-0.301094
-0.941465
0.837812
-0.177598
0.872139
1.33549
-2.37344
-0.866717
0.372845
-1.33395
-0.309573
1.34675
2.27066
-0.951708
0.57762
1.11356
-1.33372
0.0047428
0.536996
0.877704
1.23405
-3.01427
1.69624
0.460297
1.28511
-0.800175
-0.484253
0.079028
-0.077226
0.508056
-0.26485
0.12647
-0.0550542
-1.07755
-1.89179
1.74803
-1.05606
-1.15167
0.379521
-0.613315
-1.43166
0.98261
-0.692809
-0.302384
0.609398
1.16589
-1.01451
2.53342
0.140454
2.78438
-1.95677
-0.779123
0.240711
0.504161
0.0315256
0.421156
-0.0964606
0.596039
-0.799316
-1.0086
1.05919
-0.855478
0.563848
-0.944777
0.38919
2.17423
-0.517754
-0.0919955
-1.40213
0.783513
0.781219
-0.906887
1.10294
-0.624547
1.77958
1.81534
0.103716
0.136981
0.535016
1.11551
0.589816
1.34919
0.0571912
0.76277
0.883076
2.65402
0.419577
-1.43835
-1.96725
-0.0356798
-0.0938424
0.5775
-0.149164
0.412095
1.4995
-0.662485
-0.732928
1.10739
1.0261
0.0795938
0.20963
-0.855201
0.215359
2.06656
0.500734
0.658149
1.0831
0.555693
-2.00419
-0.524954
2.08492
0.713752
0.613815
0.644676
-0.847461
-1.18018
0.539163
-3.34688
0.609296
0.495179
-0.14451
0.170608
0.769695
-0.0787945
0.00568694
-0.402484
-0.431308
0.408694
0.785208
1.243
0.217714
0.388482
0.0402376
1.81286
1.89392
0.814935
-0.100007
-0.132411
-0.893343
0.0535873
0.0237258
-1.55002
0.878361
-1.16017
-0.138273
-1.29072
-2.28545
1.4179
-0.354786
-0.661733
-1.12716
-0.0504663
0.992047
-1.32883
0.236648
2.47543
1.23993
-3.75954
0.771207
0.754614
0.34957
0.141639
0.854967
0.430446
-0.17574
1.26412
0.958208
1.25239
-1.02784
-1.0537
-0.0989246
0.695171
-1.69471
2.1286
0.655141
2.40658
-1.95266
0.763763
0.175363
0.422092
0.522701
-0.476579
1.41042
-1.73905
-0.664718
-0.476545
-0.0767163
0.433217
0.180254
-0.781374
0.43494
1.53074
-0.593749
-0.271019
3.24347
-0.440394
1.02615
-0.643768
0.629362
0.200154
-0.452034
1.96253
1.45334
-0.265748
0.22784
0.209554
0.0232253
0.317338
1.47877
0.332596
-1.71542
-1.68791
1.108
0.718102
0.869562
0.363787
-0.223742
0.8814
-0.792501
0.425653
-1.25461
1.56858
2.43274
0.137877
-2.46076
-1.52394
0.0312893
0.413735
0.119465
-1.4212
-0.274631
0.2393
-0.310792
0.766298
-0.521604
-1.32256
2.069
-1.7529
0.484249
-1.37589
-1.07981
-0.00786562
-0.0159545
1.40228
0.620791
-0.864185
-0.0026433
0.91003
0.63817
-1.37198
1.31288
0.688466
-1.44765
-0.287246
0.565626
-0.257039
-0.953712
-0.73816
-0.936296
-1.53042
1.68879
0.615826
-0.624898
-1.71784
0.234703
0.455391
0.367992
0.168383
-1.00641
0.976808
-0.543916
-0.648763
0.124415
1.53065
-0.62594
0.732697
1.14031
-1.85679
0.226678
-1.62825
0.196469
0.0395245
0.309333
0.0616817
-0.477957
-0.942669
0.285646
0.34292
-1.0531
0.26048
0.28618
-1.30987
0.946396
0.131585
0.371684
-0.886584
0.537109
-0.544563
1.28042
1.11514
1.04112
-0.0350404
-0.0906379
0.411075
-0.00292538
1.71412
0.320142
-1.12889
-1.0502
0.447941
-1.62866
0.806896
1.20812
0.698793
-0.708387
-0.479279
0.0210242
-2.23732
1.19191
-0.590888
0.928189
-0.275744
-1.23067
-0.301776
-1.42741
-0.770137
-2.76473
-1.55817
-2.63647
-0.386163
-0.797505
-0.111439
0.00260955
-0.771995
0.973732
-0.928622
0.350116
-1.64829
-0.708442
-0.0430011
-0.575421
2.6793
0.156275
0.394524
0.957609
0.719434
-1.94544
-0.321514
-0.939103
-2.70305
1.04232
1.82514
-0.181331
1.36927
-0.357179
-0.803171
1.66278
0.703611
0.173859
-0.113406
1.48212
-0.0873906
-0.777889
0.0708021
-0.609061
0.153983
0.249272
-1.08505
-1.47305
-0.935779
0.677291
0.766009
-0.884773
0.92557
0.400272
0.786287
-1.08806
1.04623
0.368007
0.32202
-0.842826
-1.94101
-0.730675
-0.142004
0.397177
-0.689858
1.00883
-1.11415
1.34602
0.944589
0.815606
-1.74271
-0.103548
-0.524863
-0.661902
-0.689342
-0.0372514
0.611361
0.153709
0.389709
-0.648796
-0.953918
0.325834
-1.40854
-1.39114
0.312155
-1.55342
3.32153
-1.15028
-1.48373
0.783375
-0.921394
0.779621
-1.01148
-0.220578
-0.0981886
-0.140968
-0.148437
-0.111952
-0.0880061
-0.00301154
0.580849
2.43296
-2.50721
1.40341
-0.78077
-1.24786
-0.485756
-1.00265
-0.539835
-0.857646
-1.27505
-0.389551
0.85357
-0.951944
0.885788
2.23214
-1.16841
-0.832857
-0.28928
0.280141
-0.540316
-1.14989
0.558823
0.478105
-0.242993
-0.136829
-0.073781
0.525484
1.31552
0.505212
-1.1475
0.728078
2.00069
0.590466
1.25374
1.1792
-0.402649
-1.90782
1.11541
0.0848526
-3.00823
0.0561659
0.568802
1.57078
-0.883051
1.26947
-2.34198
-0.207535
1.70952
-0.633192
-0.881942
2.96454
-0.105662
-0.43067
2.05627
-2.30912
0.988081
-2.38041
0.930168
-0.0888447
-0.598861
-0.759644
-0.861367
-0.0445678
-0.170777
0.469485
0.44613
0.838599
-1.76072
0.925782
-1.89644
-0.35828
-0.700064
-1.74342
2.04365
-0.795545
-1.95348
2.082
-0.920874
-1.21515
0.954189
0.402722
0.474874
1.09828
-3.27044
-0.480059
-0.475244
-0.304627
0.000751807
-1.23222
-0.586185
1.19964
-2.01658
0.160665
2.09656
0.0349788
0.501287
-0.153018
-0.513669
1.60606
-0.0274524
-0.528881
0.0704629
0.425612
1.16204
0.836403
-1.27029
-1.96567
-0.718687
-0.608799
-0.00904828
-0.372054
0.18712
-1.84254
-0.529623
-0.592274
-2.13035
1.82877
-0.813005
-0.49245
-0.78185
-0.702309
-1.72277
-1.56837
-1.40963
-0.162696
-0.117511
0.30037
-0.550586
1.80423
0.511154
-0.0640627
0.402661
0.995765
0.454331
-0.715589
-0.278296
-0.673709
-0.132178
-0.209834
-0.54849
-0.458019
3.41787
0.0331427
-1.51351
0.438512
-1.18247
-0.282354
-1.69192
0.990145
-0.0614887
0.44542
-2.2835
0.46962
0.398522
0.373874
-0.873508
-1.41743
-2.08743
-1.37644
3.11779
-1.53537
-0.0964733
0.40781
2.21312
-1.66749
-2.69584
1.28487
0.402104
0.770389
0.290279
0.662055
0.388857
0.64702
-0.567179
-2.75967
-1.30334
-0.701444
0.223244
-0.565391
1.01348
-0.536217
0.481001
2.52454
-0.0580236
1.28024
1.31606
0.264806
1.71091
-0.914863
-1.29822
-0.210817
0.423877
-0.238606
0.0213546
0.657259
-0.501078
1.04678
0.9665
0.923902
-2.25875
-1.86113
-0.614687
-0.700288
1.05832
1.6579
-0.892092
-0.364296
-0.848458
1.92877
-0.579395
0.292956
0.943235
0.349809
0.0766101
-0.0367724
1.03369
0.547532
2.13725
-0.933383
-1.01204
0.622775
-0.425813
0.214392
0.250596
0.164472
0.727428
0.918644
-0.888908
-0.648544
0.978845
-0.180373
-0.00952346
-0.114682
1.45031
0.171879
0.179706
-3.02228
-2.29322
-0.123142
0.161143
0.809113
-1.21608
0.0405913
0.621258
-1.42916
-0.554111
1.25248
1.29731
-0.357746
-0.981397
0.399167
-0.612463
0.789389
1.63379
-0.0784569
-0.552798
1.03167
-0.144231
-1.48558
0.693651
0.180219
-0.325375
-0.691711
0.448078
0.0316462
0.0193336
0.799996
0.246421
0.0401714
1.41163
2.78948
-0.889033
-2.89284
-0.45916
-0.707288
-0.718233
0.249507
-0.511406
-0.0167418
0.107656
-0.389132
0.831562
-0.282789
-0.491451
0.0390559
1.06919
0.87999
-0.683671
-0.451176
0.863224
1.01555
-1.27908
-0.618908
-1.47088
-1.37651
-1.10034
-0.076105
-0.0153808
-0.797803
0.275713
0.68185
-0.547075
1.75923
-0.0176239
-0.522828
-0.3882
0.895578
0.641356
1.01602
-0.814398
-1.75615
0.784989
-0.559026
1.40025
2.43815
-0.61109
1.71055
0.233827
-0.533449
-1.37125
0.32231
0.826317
-0.499322
-0.347587
0.784975
-0.517616
-0.713907
-0.0161658
-0.328952
0.176776
-1.9162
0.656691
1.7661
0.350479
0.501108
-1.30383
-0.505652
0.851664
0.32308
1.89795
-0.684077
-0.0828477
0.328109
-1.22659
-0.993913
-1.97888
-1.85353
-0.764783
-1.34942
-1.33643
-1.24488
-1.72742
-1.23116
0.120163
-0.809245
-1.59843
0.198477
-0.757756
-1.13899
-0.98729
0.0638713
-0.532551
-1.77142
-0.0675781
0.401908
-2.95306
-1.41988
-1.72577
-0.417705
-0.0434107
0.0658363
-0.587195
-3.50982
1.76859
1.3638
-0.664401
-0.43128
0.91774
-0.892848
-2.37274
-1.21788
0.436015
-1.53712
1.86573
0.0647929
-0.837139
-0.761842
-0.832914
0.772303
-0.278954
-0.297539
0.856862
-0.309604
-2.57394
0.598731
-1.98913
0.193886
0.838947
1.40397
-0.0885167
-1.16876
-0.148503
-0.296079
0.0536206
2.31796
0.0569629
1.94588
1.40307
0.884843
1.02137
2.1841
0.0200068
-1.65384
0.392039
-0.722309
-0.284831
0.0853911
0.756518
0.90439
-1.74526
-1.45898
0.867606
0.566326
0.796147
1.03992
-0.635936
0.944736
-1.65622
-0.759903
0.0353274
0.811945
0.210232
0.277945
0.912986
0.964979
-0.24907
1.17626
1.54174
0.562077
-1.66763
1.4357
-2.66547
0.734595
-0.239651
-0.0696205
-0.935048
0.162759
1.89025
0.77357
2.73754
0.787919
0.819235
0.693923
-0.102148
-0.107227
-0.382693
-1.96482
-1.92456
0.750492
-0.775504
1.18779
-1.11292
-1.8265
-1.69844
0.804852
-0.253819
-0.533454
-0.125929
-0.110897
-0.261976
0.593169
-0.795689
1.13286
0.102455
0.933173
2.07093
1.07138
1.89811
1.67738
0.0659597
-1.50339
-0.533287
-0.112493
-1.45745
-2.25612
-0.850738
1.65867
1.18485
0.10387
-1.7004
-2.03661
-0.549311
1.98749
-0.300326
0.262488
-0.141153
-0.0924971
0.104504
0.269878
0.344671
1.40726
-0.510493
-0.121488
-0.0943311
0.992376
-1.19221
-0.694138
-1.53602
-0.236644
2.11071
-0.858742
0.858228
0.486968
-1.80811
-2.31072
-1.13913
-0.247046
-0.925757
0.536746
-0.249706
-0.598777
-1.80428
-1.59523
-0.726204
1.92459
1.55657
-1.21538
-1.05451
-0.91605
-0.921361
-1.86628
-0.266287
-0.293936
-1.38428
0.0754696
1.69021
-1.12892
-0.477591
0.910077
-1.02065
-0.476378
-0.652369
0.01678
0.569455
-2.64248
1.20304
0.522516
0.25014
-1.32241
-1.22688
1.17309
-1.92526
-0.257119
1.37881
-0.339725
-1.00249
-1.97249
0.233232
0.0819161
3.06196
0.530827
-2.48381
-0.73822
0.812095
1.5758
0.261958
0.081563
-1.08106
1.16443
0.163351
-1.10097
-0.600652
-2.09885
0.0256894
0.0292563
-0.856597
0.574645
1.52626
0.184642
0.720154
1.49122
-3.89883
0.886711
-0.0731842
-1.26366
-1.47539
-0.816847
1.82832
0.40268
-0.43069
0.897702
-0.0472327
-0.153084
0.38236
1.57431
-0.0638502
0.667773
1.37255
0.706113
-0.702542
-1.66764
0.130917
1.03856
1.58797
-1.12706
2.36985
1.74806
-0.50934
-0.620924
-0.668919
0.366603
-1.50192
-0.741796
-0.734362
0.840261
-0.986248
-0.329294
1.34284
0.743311
0.830522
-0.0367545
1.11319
0.606591
-1.11404
-0.0469843
1.38377
0.337435
2.06797
0.591245
-0.199932
-1.1912
1.04643
0.324313
-0.105773
0.558497
1.66362
0.604864
1.07748
0.491515
1.76826
0.302055
1.14076
1.15506
-0.652525
-0.66897
-0.0659779
3.05869
-0.831656
-1.708
-1.14729
0.574425
-1.30422
1.30792
-0.533753
0.864748
0.551255
-0.53419
-1.45114
-0.461869
-1.19866
0.40215
0.203645
1.8336
-1.97825
0.126772
-0.66231
-2.52973
0.730043
-0.250442
-0.937007
-0.315952
-0.781403
0.586814
1.01641
0.433226
-0.036513
1.09462
-0.200599
-0.268884
-0.225206
0.359581
-0.99178
0.139113
0.757011
-0.0349053
-0.611057
-1.62874
0.157976
-0.0874525
0.202345
1.37821
-1.96354
-1.6812
0.408015
-0.63217
-1.44328
-0.854113
1.63867
-1.00608
-0.639717
-0.290091
0.0830821
-0.91007
-0.91808
-1.31749
-0.0393095
0.310004
-0.180526
-1.16874
-0.144962
0.0319252
-0.728398
1.95381
2.38958
3.03075
0.143049
-0.334811
-1.48332
0.984512
-0.628597
-0.0945984
0.311168
0.966054
1.49032
-0.663845
-0.439391
-1.4006
0.429101
1.06
0.405752
2.13046
0.99519
-1.49666
2.44059
0.429539
0.514162
-0.159085
1.32429
-0.244035
-1.21925
-1.43407
-1.47058
1.03304
-0.522813
-0.0254548
-0.347784
2.67765
0.788516
-0.458145
-0.397511
-0.799152
2.04843
-0.0826648
-1.59811
0.232887
-0.239541
0.10257
-0.0988235
1.06288
1.84317
1.35676
-0.67041
0.510108
-1.95926
-0.20489
0.033906
0.646172
-0.565224
-0.870256
-0.815066
-0.964019
-0.653089
0.221355
-0.0591527
-0.984924
-2.893
-0.14154
0.710686
-1.74576
0.762429
-0.194001
1.17527
-0.195832
-0.387664
1.13398
2.14391
0.120047
-0.496035
0.67999
-0.651159
0.206085
0.0367233
1.07811
1.28596
0.622018
-1.813
-0.00603952
-2.13199
-0.630713
1.15479
0.343109
-0.472125
1.49558
-0.166807
-1.11169
-1.17568
0.525494
1.03962
1.10028
0.951812
-0.363651
1.423
-0.838712
0.00482187
-0.484374
-0.104278
2.22479
1.20483
-0.738333
-0.851115
-0.723094
-0.0214457
-0.822169
0.189848
1.04276
0.45865
-1.24757
0.586045
1.23561
-1.04311
0.947779
-1.33404
-0.262042
-1.67816
-1.04352
-0.35439
-0.969109
0.462303
0.664264
1.17807
-1.97129
-1.34105
0.899893
-0.47558
-0.741877
-0.503104
0.200478
-0.834837
-1.12593
0.559888
0.41386
-0.798505
0.122672
-0.833106
-1.78332
-0.902592
-2.50228
0.608194
0.605938
0.446973
0.0432497
2.04359
0.503602
0.345237
0.277535
1.0574
-1.62147
0.885566
0.112424
0.705006
-0.125666
0.633176
-1.24419
0.644394
0.546292
0.256134
-0.652498
-0.0383314
0.701101
1.06149
0.226143
0.679775
0.0375618
0.704343
0.776369
-0.644329
-0.73346
-0.353402
-0.675923
-1.43928
0.958676
-1.0375
-0.951057
-1.65766
-2.58115
-0.0067332
1.83201
-0.462158
-1.06481
-1.60103
0.352012
0.783058
0.472892
0.218196
0.0989558
-0.78787
-0.0762875
0.689563
-0.113359
-1.33456
-0.117331
1.06612
0.368755
0.463015
-1.12023
-1.81408
-1.65076
-2.31645
-0.269058
1.23829
0.284021
-0.125417
-0.496843
0.320238
-1.14721
-0.769892
-0.907022
0.360315
-0.873201
-0.294211
0.194717
-0.878181
-1.58802
-1.09917
-1.05251
-0.527487
1.1015
-1.96828
-1.40134
0.12644
2.43327
-0.778262
0.724352
0.923569
-1.77137
-1.77593
0.286007
-0.53045
-0.743551
0.908444
-0.927243
1.40695
1.28167
0.796765
0.501918
0.543712
0.576002
1.55876
-0.694277
0.418184
-0.678677
0.160668
-0.92586
0.18058
-1.18313
-0.72824
-0.220005
0.116781
-0.980648
-0.3937
-0.451792
1.54687
-1.13179
-0.285984
0.595294
0.244028
1.89048
-1.47716
-2.25867
-0.445221
1.08127
-0.205989
-0.355048
-0.962365
-1.28235
0.455733
-0.000628649
0.0194988
0.412349
0.0787053
-0.413992
-0.69451
0.416392
0.539343
-1.65006
-1.28034
0.253175
0.521171
0.337383
-1.98625
-0.144494
0.897441
0.108265
-0.157957
0.522842
-0.521315
0.035946
-1.22664
0.88001
-3.01242
-1.24757
-0.686591
1.58743
2.20108
-0.346786
0.00630126
-1.18508
0.0173857
-0.911727
-1.47459
-2.18474
0.130643
-1.36569
0.474943
0.130625
-0.396233
-0.856487
-1.34174
-1.57179
-0.749672
0.794988
-1.63855
-0.524763
1.63462
-0.532469
1.82084
-0.755887
0.358611
0.188769
1.16873
0.807917
1.55765
1.53842
1.94555
1.22356
-0.746659
0.985059
-1.2158
-2.24852
-1.051
0.106568
1.97312
-1.27981
-1.72318
0.198629
0.638473
1.88745
0.439918
-0.575218
-1.17965
1.0709
-0.296389
0.387122
1.23122
-1.35214
1.31309
-0.694336
-3.45792
-0.813146
0.618497
1.00187
0.0440576
0.654195
0.256424
1.38028
-1.88422
-0.844895
-0.00482146
-0.806945
-0.0089396
1.08126
1.30747
0.168958
0.153526
0.0848401
0.29972
0.418725
1.01628
-1.16881
0.102635
-1.0057
1.80999
-0.812898
1.19452
0.920426
1.40609
-0.958939
0.687675
-1.729
-0.896042
-0.0376834
-1.88959
-0.015448
0.624178
-1.32419
-0.169828
1.60851
0.261338
-0.292747
0.486497
1.63633
2.85698
0.122807
-0.472753
0.464975
1.20818
0.869764
0.858185
-1.21782
0.0441567
0.274907
0.944091
-1.09309
-0.266321
-0.532469
-2.17316
1.26032
-0.43481
1.06259
-0.0710573
1.11842
0.107348
0.353505
-0.165745
0.128487
-0.97289
0.0672555
-0.421205
-0.390005
0.455468
-0.0177918
0.641853
0.363847
0.107208
-1.21745
-0.513484
2.35
1.00755
1.21585
-1.16931
-0.208045
-0.448204
-0.778845
1.83594
-0.475541
1.57368
-0.233848
1.44951
0.0195256
0.0647513
-0.322576
-0.232077
0.838022
0.157383
-0.535949
0.606343
-0.316215
-0.954682
0.204701
1.11916
-0.400664
0.282472
-0.355246
2.5306
2.19864
0.608785
0.267018
0.0819774
0.635653
-0.404926
-0.603058
0.519994
-2.0228
0.226734
-0.399786
-0.481781
-1.26502
0.905979
1.78117
2.26607
-0.0108009
0.975855
-0.972733
0.947758
-0.592155
0.174107
2.23734
0.338351
-2.39625
0.442838
-0.748498
-1.81092
0.272211
-0.604664
-0.791877
1.68148
0.81533
-0.179609
0.149145
1.44842
0.961369
0.975638
1.1746
-1.18413
0.793057
-1.88645
0.739823
-0.338648
-0.675999
-0.399955
-0.894039
0.353906
-0.313495
1.57722
-0.141914
1.45105
1.34322
0.951426
-0.689563
-1.40825
0.52099
-0.13012
1.06362
-0.879624
-0.183687
0.174051
-2.24072
0.235227
0.937574
0.150884
-0.017111
1.0006
-1.43936
-0.984011
0.676541
0.282084
-1.24683
1.06063
-0.760355
0.855351
-1.03088
-1.05487
-0.241786
-1.70756
0.678644
-1.57839
0.455399
-1.07771
-0.566009
-2.34491
-0.130526
0.915173
-0.104402
-0.227538
-2.28948
-1.709
-0.188006
1.51746
1.08717
-2.16738
-1.48904
-1.41399
-0.154867
-0.324209
-0.244765
0.0840002
0.573609
-0.349056
0.946304
-1.86306
0.675186
0.88242
-0.0679508
-2.7534
1.19225
-2.06647
0.617959
2.12907
-1.4079
-0.827032
-1.84776
0.332929
-0.715393
0.582009
-1.14312
-1.23087
-0.0881894
0.989401
0.745982
-0.448887
2.58421
0.900482
-0.20247
0.247768
-1.72533
-0.902746
-1.9153
-0.864089
-1.42124
-0.449284
-1.30269
0.151793
0.497807
-0.140761
0.0709869
0.294021
0.147175
0.763452
-0.873722
2.28359
-0.0508184
-1.44684
-1.46883
-0.478968
0.346596
0.0211675
-1.29671
-0.643172
1.2855
0.601692
0.613435
-0.708691
-1.18394
0.473664
-1.90851
-0.121492
0.509915
-0.788449
-1.28681
-0.0229833
0.347366
-0.644568
-0.935173
-1.29216
0.714908
-1.06033
0.100151
-0.345514
-1.25996
-1.97367
0.460302
-0.0189567
-2.24832
-0.380178
-0.355769
0.230123
-0.788166
0.898361
0.0401322
-0.160766
1.91231
0.227454
-0.849321
-1.10206
0.957012
0.699896
0.375143
-1.12836
-0.157299
0.538153
1.75813
-1.02392
-1.83305
-0.176393
0.62183
0.576254
-0.397198
0.673898
0.165248
-1.5541
-1.44196
-2.11662
-0.630954
-1.48361
0.831561
-0.328101
0.960691
-0.183418
1.6206
-0.499156
-0.351144
0.917864
-0.720877
-0.505991
-1.64955
2.54406
-0.571199
-0.665795
1.00842
0.0825291
-1.10629
-2.39593
-1.22915
1.32811
-1.59066
-0.283061
1.08796
-1.1907
-2.19434
0.27055
0.888544
-1.54471
-0.814634
0.521184
-1.43913
0.14666
0.101856
-0.103326
-1.4295
-2.01516
-1.40896
-2.76506
0.120529
-0.306745
0.793045
-0.700001
-0.865626
1.45018
1.27637
2.36828
0.696402
1.48235
-0.248643
1.07408
-1.03336
1.3494
-0.0961289
-1.50952
0.673811
-0.540265
0.0205412
0.709933
0.113855
0.28578
1.28988
0.126299
-0.0521634
0.550277
-0.923264
-0.350221
-1.30745
0.444221
-1.69514
-2.59173
2.02012
1.42574
-1.26815
-0.0470138
1.10466
2.0146
0.719104
0.99187
0.451862
-2.32682
1.10508
-0.618539
0.702376
-0.167082
-1.52001
2.6886
1.9188
-0.447418
-0.670238
-0.471422
-1.11325
1.04267
-1.25559
0.912702
-1.3311
-0.0545526
0.159822
1.76605
0.398269
0.861535
-0.592927
-1.24839
0.540728
0.147988
-0.747018
0.155452
-0.73951
2.11061
0.423977
-0.346027
0.797433
-1.40791
-1.24024
0.299159
1.6063
0.570571
1.02004
-1.78409
0.414326
1.2239
-0.607417
-1.11512
1.11988
0.636032
-0.794741
0.143534
-0.597206
2.02165
-1.505
0.931069
-2.37264
2.88729
-0.132612
-0.620367
-0.228956
-0.150686
-0.836657
-0.0146181
-0.341272
-0.383718
1.04841
-1.31595
0.851206
0.531516
-0.984622
-1.37569
-1.28978
0.292799
0.266258
-0.340469
1.16482
-0.479939
0.15737
1.2042
1.15272
0.572679
-0.0716972
-1.83595
0.45688
1.46344
-1.24761
-1.8559
0.521819
-0.301093
0.52116
1.10899
0.963449
0.347941
0.826027
1.37929
0.877534
0.0731468
0.577318
0.590348
0.270039
-0.160346
0.0750779
0.674372
-2.11316
-0.920867
0.51397
-0.879327
0.345447
-1.0317
-0.113415
0.325631
0.364336
-0.780121
-0.188051
-1.49641
0.0107453
-0.593531
-1.06114
2.05504
1.18801
-0.643349
-0.308652
-0.907828
1.60291
1.4512
1.45408
0.691225
0.0973669
-0.322265
0.32295
-0.991943
-1.6918
-0.7777
-0.331605
0.579725
0.119598
1.35577
2.80568
-1.46859
0.330808
-0.152695
0.185758
0.733504
0.528755
-0.676895
0.312085
0.329103
0.507614
0.73729
-2.67749
-2.79418
2.12949
-0.30878
-1.36927
-0.0153703
-1.0979
0.172658
-0.134824
-1.28287
0.851491
3.19747
-0.338986
1.02543
-0.753701
0.297023
1.31566
0.998465
-0.862746
0.834326
-0.794275
-1.02352
1.21033
0.713381
1.63391
-0.683524
-0.682342
0.371353
1.91764
1.35079
-1.13402
-0.318675
-0.165314
0.650796
2.77313
0.44147
1.16794
1.37769
-0.378235
0.125478
0.204605
-2.91917
0.425814
0.49195
0.0351416
-0.709957
-0.579629
0.404335
0.127073
0.967298
0.499716
-1.2994
0.491981
-0.670113
-0.164864
0.0947166
0.165288
0.0852849
-1.42443
0.197733
0.426477
-1.10549
-0.820997
0.35162
0.0239081
-1.44304
1.04841
-0.739616
-0.162809
1.51936
0.271279
0.428975
1.94311
3.7964
-1.1202
1.17221
-0.871444
-2.15947
1.29546
0.886024
1.48088
-0.773542
0.0706707
-0.893028
0.102709
0.535688
0.559585
0.788139
-1.23265
1.12146
-0.552476
0.354491
1.78676
1.02869
1.30037
0.256542
-0.673354
1.87898
0.145046
1.89705
-0.144573
-1.26659
2.00309
1.80633
-1.32182
0.0250879
1.24941
0.316169
0.718996
0.759428
0.727919
-1.87274
-1.05535
2.39532
1.03298
1.21766
-0.280313
-1.03151
1.36908
0.750973
-0.188494
2.76213
-2.65328
2.13231
1.16494
0.685162
0.106355
-0.488878
-0.308771
0.373235
-1.04128
-3.48002
-0.218908
-2.17562
-0.911824
0.298642
1.50449
0.494065
0.222576
-1.55067
-0.069374
0.858557
0.520092
-1.78128
-0.379293
-0.197269
-0.851355
0.537383
1.78089
1.27965
-0.364008
1.41345
0.941637
1.0989
-0.748953
-0.123004
0.165403
0.637423
0.0311037
0.995898
0.00864604
0.289631
-0.895666
0.276549
0.691196
-1.12693
-3.1551
2.23545
-0.593649
-1.00594
1.24333
1.72544
-2.06317
-0.160938
0.157485
-0.0943129
0.342551
-2.32827
0.609564
-1.45311
0.64952
-1.17595
-0.404518
0.766419
0.963231
-0.0433976
2.3289
0.842009
0.595583
-0.267193
-0.924331
0.577336
1.03066
-0.369446
-1.14129
-0.998314
0.583812
1.43642
1.08745
0.60418
0.0608296
-1.69207
-0.579257
0.893854
3.94361
-2.23846
1.18051
-1.21349
-1.44136
-2.45566
-0.482182
-0.261523
0.315258
1.50234
0.584327
3.26211
-0.0273736
-0.452483
2.92405
2.62544
0.341961
-1.50639
-0.530292
-0.0657362
0.139263
0.853279
-0.0643173
3.04793
-1.92091
0.989052
-0.376248
-0.428853
-0.482358
0.292923
0.846056
1.83643
0.452114
0.446262
-0.40125
0.829476
-2.26614
-0.985625
0.621344
-1.84073
-0.855203
1.82003
-0.640506
0.438748
-0.123908
-0.0928179
0.0786558
-0.215373
0.391341
0.128348
0.436725
-0.626525
1.51224
-0.83017
0.158022
0.594446
0.551543
-0.510766
-1.13032
1.48349
0.462122
-0.768489
0.0391699
0.124384
0.831137
-0.0947604
-0.0275534
1.20049
0.622056
0.972234
-0.887667
0.941003
0.0732453
-0.163229
0.50616
0.258343
-1.80858
-2.45986
2.16031
1.1522
0.86587
0.110072
0.216624
0.592999
0.242324
0.309259
2.30062
-0.987912
-0.40003
-0.323416
-0.696898
0.223564
1.11256
1.72935
0.406022
2.55268
0.988339
0.211368
0.386655
-0.00128342
-0.40461
0.127741
-0.296664
1.75792
0.630271
0.920748
1.12669
-1.35677
0.361877
-0.290144
-2.02246
-1.13232
0.394513
0.755579
-1.49641
0.236034
-0.234904
-0.431934
1.20911
-0.424039
-1.23984
-0.697003
-0.682354
0.0849592
-2.4315
0.382833
-2.7654
0.864633
0.540212
-0.0127988
-0.566828
0.436953
-0.477929
-0.0131895
-0.457526
0.316598
-1.65771
1.85704
1.14231
0.650415
-1.11683
-0.429125
-1.39477
-0.726694
-0.153793
-0.362056
-0.652413
0.351885
-0.406539
-1.58163
-0.550268
-0.140057
-0.000306489
1.20395
-1.89308
-0.184176
-1.33883
-0.912049
-1.9437
1.66975
-0.852028
0.85233
0.358741
-1.09902
-1.50552
0.667581
-1.37301
-0.715993
-0.616258
1.19485
-0.33491
1.73385
0.688042
0.537063
0.775854
-0.546793
1.59663
1.15771
0.360624
-0.347204
-1.01459
-0.772477
-1.28431
-1.83012
1.14357
1.71356
1.12158
-1.13528
-1.4313
0.840535
-3.79355
1.34602
-1.46177
-1.13295
0.36018
-1.45279
-0.983937
-0.105637
0.516209
-1.29002
-1.42539
-0.554623
-2.0263
-0.295369
0.790527
-0.797515
-0.72477
-1.24629
-0.225826
-1.34314
1.40483
0.329187
0.292108
1.00013
1.05387
1.42383
-0.492833
0.892665
-1.30287
-0.300774
1.75057
0.916816
-1.07479
0.32415
0.890388
-0.423479
-0.423327
1.64106
1.64203
0.796738
1.13979
-0.493324
1.3608
1.74328
-0.0714567
0.0161594
-1.07111
-0.645775
-1.01764
-0.0805055
-0.605897
-0.131677
-0.134633
2.66198
-0.245368
-1.38461
-3.39036
1.83958
1.28132
0.361029
2.22469
-1.30968
-0.34562
-0.0252991
-2.73828
2.31611
-2.29222
-0.965863
-0.54368
0.433025
-0.629616
0.161515
-0.565943
1.88034
-1.12772
-2.71746
0.0930498
-0.444415
0.218854
-0.608956
4.19526
-0.731652
0.542471
0.273337
1.50547
-1.22689
1.04888
0.454654
0.217283
0.334138
-0.215495
1.15379
0.824314
-0.955689
0.711145
-0.545857
-0.191344
-0.0262632
1.30235
-1.04099
-0.979987
1.37833
-0.920433
0.237454
0.766288
-1.03995
-0.919856
-0.165891
-0.0252266
1.86897
0.487077
-0.194626
0.517147
1.05356
0.804474
0.528497
1.71873
0.146258
0.253446
-0.0802797
0.126557
1.06453
-1.4676
0.870135
-0.901381
1.95097
0.51756
-1.06192
2.4111
0.323403
0.378022
-0.825408
1.29711
0.652693
-0.460512
-0.313565
-0.921949
1.44692
-0.557455
-0.917351
1.23647
-0.598336
0.189249
-0.0891924
0.466038
-0.142058
1.07095
0.517252
2.14594
0.585139
-0.587666
-0.637029
0.410838
0.614198
2.86807
0.195423
1.90977
-0.72148
-1.3235
-0.369237
1.40503
-1.54364
1.15009
-0.295183
-1.17117
3.56408
-0.298278
1.42092
-0.874898
-0.823491
-0.56517
0.922413
0.444777
0.620951
-0.950235
1.19892
-0.102786
-0.194277
-0.235149
-0.488763
-0.975532
0.0851677
1.28297
-2.67852
-0.924288
-0.499382
0.805102
-0.472252
0.377374
0.231211
-1.15424
1.73266
-0.843272
-0.285892
-2.667
0.265086
-1.28656
0.381834
-1.80015
-1.08428
0.26524
-1.13932
0.864999
-2.55454
0.295018
0.291029
0.092491
-0.845663
-3.65808
-0.0380199
0.249148
-0.0695345
-1.02825
0.40671
0.141127
-1.17043
1.74524
1.15609
0.207305
-0.440043
-0.368111
-0.4402
-1.72687
1.40658
1.32266
1.48162
-0.96575
-1.45498
0.0339871
0.0635501
-0.530198
-0.602483
-1.2519
-0.432539
0.738615
0.319372
0.251827
-1.26479
-0.00579449
0.434135
0.158714
1.0461
0.171553
-1.03764
-1.2455
1.07438
2.43876
0.648321
0.562911
0.379874
1.09971
1.1142
0.0983014
0.338221
-0.315065
-0.548014
0.238569
-0.217647
-0.0689885
1.18116
1.73326
0.553706
-0.0513147
1.74497
-0.590317
-0.493184
0.121553
0.700884
-1.70273
-0.43599
1.2388
0.42647
1.25417
-0.152272
1.08175
-0.62845
0.594857
-0.81591
0.597374
-0.512961
-1.97175
0.468655
-0.22585
-0.178891
0.877271
-0.0129755
-0.570392
0.114274
0.191307
0.132537
-0.212999
-1.51076
-1.02205
-0.316762
-1.57382
1.45541
-1.65973
0.208618
-1.65042
1.48389
-1.33848
0.929277
-0.119948
-0.295867
2.01453
0.755752
-2.27532
-0.55649
-1.07966
0.0500599
1.7063
-1.41288
0.503642
-1.01163
-0.315089
-1.40161
-1.39734
1.28584
1.01878
0.962419
0.762886
0.177104
0.519782
1.44936
0.0168793
0.427371
0.155498
0.209191
1.65487
-0.684369
0.985149
-0.87409
-0.400762
0.00141393
-0.39012
1.15327
1.1647
-0.429633
-0.60521
-0.358672
0.102358
-0.216332
-1.52029
-0.0607989
0.236667
-1.39883
0.485559
0.474046
-0.516479
-0.117962
0.716778
-1.13023
1.91725
-0.219942
-1.74317
-1.98861
-2.55192
-0.507892
1.27184
0.503699
0.11409
-1.79418
-1.04981
-1.20454
-0.708723
2.33818
-0.456764
-0.21514
0.123263
0.485532
-0.956018
1.46638
-1.04073
-1.51731
0.560625
0.435026
-0.0694874
0.810287
-1.33375
-0.828887
-0.798995
1.12425
0.262194
0.644251
1.5197
1.59188
0.344653
-0.255126
-1.20636
0.584459
-0.635766
-0.446863
-0.0326863
-0.636734
-0.0601861
-0.468701
-0.711705
0.142785
-0.282183
-1.05564
1.06945
-0.724624
0.59788
-0.969897
-0.0348579
0.99262
0.954393
1.2234
-1.08685
-1.42665
1.57757
-2.19826
0.523234
2.6357
-0.918997
-1.99548
0.382083
0.942679
-0.0512574
-2.08768
-0.0220002
0.0442913
-0.0750503
0.823339
0.857417
-0.875546
0.0190153
1.32831
0.402069
-0.699828
0.823885
0.70127
0.944613
-2.57169
0.389517
-0.858411
-0.303665
-0.731652
-0.347763
-0.840818
0.399073
1.28001
1.18842
1.0119
0.61535
2.22257
0.0467252
-0.288563
-1.05781
-1.71747
-0.231935
-0.64761
0.841282
-1.30724
-0.463827
0.44238
0.212693
-0.887211
0.103795
0.425504
-1.48742
0.605448
0.435409
-0.0681255
0.173115
1.10179
-0.455643
1.88736
1.59825
2.29306
2.62725
0.989385
-1.56841
1.91674
-0.0422344
0.833839
0.0619773
2.33528
-0.994537
-0.877644
0.690778
-0.0589074
0.801692
0.743798
0.746019
0.718839
0.39503
0.837415
0.996334
1.26582
0.446672
-0.37194
-1.00462
2.26359
-0.282166
0.728998
-0.109605
2.26253
-0.430433
2.10344
1.14531
-0.626698
-1.23498
2.05891
1.31833
1.40821
0.763365
1.47125
0.314301
-0.820979
-0.235115
0.4177
0.844142
2.28538
-0.117227
0.250603
2.91649
1.0856
-0.400646
-0.0925114
-0.862528
-0.29629
-0.184347
-1.15494
0.304119
1.59202
-0.0468697
-0.851585
-0.695504
0.53416
0.426931
1.16365
1.06503
0.554688
0.726689
-0.0405128
-1.07516
-0.576167
-1.53642
1.78608
0.00602449
-0.660529
0.100854
0.621083
-2.40734
-0.064873
1.28718
0.452729
1.50097
0.893293
0.621292
-1.18401
0.375102
0.42195
-0.637835
-0.370606
1.79187
-0.597078
0.207707
-0.108117
-0.0654885
1.58317
0.563213
0.0712055
-0.844219
-0.581062
0.582903
1.16581
-1.17118
1.96945
-1.24062
0.568533
-0.166109
-0.197443
-0.751174
0.173457
-0.938821
-0.726907
0.748609
-2.05429
0.899026
0.0998256
0.968429
0.670689
0.224669
0.630893
0.361147
0.0394932
0.867706
-2.73987
-1.40819
0.57667
-0.320509
-0.966375
-0.40686
-0.268693
0.208694
0.53695
-0.501256
-1.4187
-0.626027
1.7582
0.592118
0.894522
0.691518
0.00675861
1.11007
0.243141
-1.02285
-0.413137
0.601672
-0.396148
0.0354813
0.686193
2.55019
-1.0943
-1.15626
-1.65801
1.95504
1.61081
0.412565
0.391403
-0.00304377
1.23027
-0.422242
-0.639279
1.54301
0.312233
0.16758
0.53197
1.50615
0.629198
0.586045
-0.160253
1.22284
2.29949
-0.225413
0.269341
-1.03923
-1.79885
0.807742
-1.60415
-0.308472
-0.0143895
-0.0135654
0.421113
0.959495
-0.00594319
-0.0026505
1.36487
-0.473647
0.0169311
0.264427
-1.18378
-1.39377
0.126397
0.304816
1.27415
-0.926807
0.210149
-0.490889
1.25091
-1.82788
-0.24361
0.905628
-0.0342559
0.199828
-2.58002
-0.652846
-0.228561
-0.972385
1.51505
-1.22852
-1.41037
-0.0546744
1.58927
1.40664
0.566766
-1.08907
0.211061
-0.0663515
1.96629
0.220481
2.64106
1.57546
-0.516495
-0.0269149
-0.450722
0.642953
-0.608562
1.17113
-1.92583
-0.104134
0.367956
0.738233
-0.0454833
1.1573
1.58976
0.236927
-1.20441
-0.858272
0.0756764
-2.06913
-0.807551
1.14816
1.16354
-0.0823954
0.192091
-0.961785
-0.22063
-0.623365
-0.471182
-0.88365
-0.100082
0.320176
0.0484995
0.758389
0.68074
-0.3056
-0.728915
0.577813
1.90676
-1.64141
-1.74052
0.214897
-1.02881
-0.725989
1.14814
-0.396819
-0.0159234
0.710159
0.660353
-0.263184
1.22032
-0.249231
-0.365425
-0.317731
1.7957
-1.26588
0.435651
1.45719
-1.51398
2.32742
-0.0331481
0.0507305
-0.755564
-0.28224
0.226166
2.42603
1.37804
-0.241341
0.601287
0.00814135
-1.82649
1.21511
0.78707
0.643051
-0.587483
-0.58539
0.345865
-1.50346
1.08065
-0.956977
-1.16771
0.298164
-0.899454
-0.770954
0.59907
0.605739
1.29653
-0.336714
-0.390152
-0.0585951
0.0778011
0.177892
0.387142
0.103321
0.709875
0.279714
0.730495
0.0592147
0.862976
-0.845553
-0.432401
-2.0366
-0.35282
-0.789099
0.0395258
-0.263355
-0.204179
-0.322181
-0.0589189
-0.233934
-1.77351
1.33856
-0.253155
-1.24473
-0.513841
0.69962
0.280828
-0.359287
-0.3293
0.785663
1.22995
0.749832
-0.743998
1.23008
0.51144
0.228133
-0.24626
0.15612
-0.949956
0.946381
-0.0620589
1.55616
0.0787463
-2.11986
-0.302223
-0.961979
1.37224
1.04927
-0.0561816
-0.735421
-0.608178
-1.45331
-1.20317
0.317237
-0.50538
-0.0652168
-1.03199
-0.969506
0.921801
-0.0692681
0.192776
1.48742
-1.84596
0.138809
-0.981545
2.04833
0.184878
-1.32351
-0.632703
0.386916
0.0348282
0.24105
-0.952521
-0.196942
0.546273
1.7631
-1.43841
-1.53461
-0.112715
0.00995031
-1.47882
0.977568
-0.483734
-0.126651
1.75621
-0.343442
-0.817699
0.435499
1.16758
0.889668
-0.107212
-1.135
-1.02873
-0.830245
2.70889
0.446339
1.20946
0.432075
0.147814
-0.341729
0.145067
1.75464
0.0449951
-1.43545
-0.0119203
0.765055
0.463652
-1.11426
0.173391
-0.907945
0.197723
0.831015
0.387516
1.05084
0.562311
-0.197139
-0.185764
-1.59721
0.839752
-1.20512
-0.15695
-0.168409
-1.63981
0.822136
0.390551
-0.769539
-0.183302
0.414155
1.4136
-1.36069
-1.50858
-1.00847
2.00777
-1.08399
1.09426
-0.547467
0.0210012
-1.16536
0.262046
0.0581708
-1.76317
0.0138176
2.38712
0.92462
1.53208
-0.329363
-1.52284
1.00236
2.46462
0.128602
-1.91063
-0.338973
-0.78513
1.23701
0.846857
1.90176
0.556903
-0.0993114
1.88489
0.337603
-0.779879
0.449025
1.01674
-0.195622
-1.08326
-0.952765
-0.12382
-0.289069
0.395792
0.146341
0.638521
0.462896
0.519912
-0.367847
-0.298056
0.275913
0.400115
0.0256891
0.889505
0.353929
-0.690578
1.79912
0.806423
0.0945013
-0.666623
-0.988312
0.545682
0.00775537
0.931743
-0.619612
1.14648
2.05822
0.477468
-0.829637
-1.69048
1.20891
1.42612
1.37092
-0.763686
2.64603
0.453789
1.18514
-1.57169
1.14709
2.10047
-0.0911733
1.67046
0.163242
1.62343
1.72849
-1.44554
-1.29309
-1.50692
-0.504403
-1.66134
-0.842234
0.195662
-1.57095
-0.0579193
0.305458
0.0825416
0.15665
-0.343382
2.20454
1.61921
0.587317
-2.14516
-0.701814
-0.657292
0.0114938
1.03068
-0.859191
-0.651585
0.528601
0.699653
0.0619292
0.595591
-1.19971
1.15202
1.68846
0.859849
1.63076
-0.951312
-0.875855
0.938485
0.758938
1.41571
-3.08205
-1.71346
0.453352
0.693269
0.308242
-1.56144
-0.496987
1.05506
0.492599
0.974884
-0.400474
-1.36088
-1.09448
-0.233801
0.114567
0.535314
0.157185
0.54432
-1.12444
-1.63973
-0.261292
3.15391
0.456915
-0.180791
-0.72215
-0.441924
0.44621
1.82596
-0.19685
0.874978
-0.416035
-1.69612
-0.30997
0.478567
1.35792
-0.0448246
0.655596
-1.66075
0.809202
0.187472
-0.846212
-1.25716
-0.292976
-0.118075
-0.220591
-0.57133
1.34567
-1.05924
0.308057
1.86603
-1.23661
-0.783063
-1.47957
0.689621
0.399288
2.41071
0.401414
2.1381
-2.34473
0.192931
0.133532
-1.53618
-1.55688
-1.03765
-0.1584
-1.72032
-1.93096
0.674592
0.301259
-0.0909142
-2.60742
-2.11241
-1.31926
-1.40612
-1.84061
0.598689
-0.0817632
-0.381897
-1.16397
0.288994
-0.549117
0.933352
0.155271
0.791441
-0.353037
2.52081
0.239534
-0.947448
0.871772
0.450354
1.07785
-0.0125458
0.858501
0.490024
0.616418
0.689707
0.123917
-0.100474
0.686338
-0.836526
-0.999137
-0.784495
-2.50692
0.648505
-0.669863
1.34058
-0.838521
0.18466
-0.489678
-1.24046
-0.385793
1.41639
1.04609
-3.07036
-1.15623
0.0825137
-0.0789121
1.15142
0.449742
1.63966
2.15873
-0.437079
0.679454
0.370595
-1.23027
1.46012
-0.447987
2.5262
2.83373
-3.12084
1.2098
2.139
0.422181
-1.85933
-0.445707
-1.97856
0.421832
-0.4388
0.14208
-0.1199
-0.347897
-1.2438
0.556447
2.56107
2.01914
0.596209
0.0837343
0.205886
-0.650587
-0.193054
1.0104
-1.05973
-0.112423
0.690009
0.209323
0.383746
-0.214622
-0.307531
1.15529
0.546135
-0.634579
0.227464
1.09186
2.20309
-1.70649
1.40187
1.53672
-0.616033
-0.50644
-0.417897
-0.249704
-1.01951
0.999587
0.0572238
2.09874
0.689649
-1.24108
2.36276
0.92973
-0.55891
-1.56992
-0.830825
-0.895484
-1.26856
0.827831
0.371771
0.28202
1.20528
-0.0190618
-0.0794079
-1.5319
-1.6944
-0.829436
-0.549588
-0.970449
-1.25832
0.649488
0.650093
-0.942146
-2.39616
-1.51407
0.265441
0.0201678
0.910008
0.864456
-0.948213
-2.19182
-0.462316
-0.343269
-0.107819
0.0382278
0.305464
-0.00549168
0.143494
0.469828
-2.29832
0.368711
2.13774
0.242299
-1.22995
0.421088
-1.34786
0.329764
-0.5232
-1.0374
-0.608735
1.86316
0.203934
0.366725
3.16687
-1.79059
-3.29547
1.05775
0.743634
0.0776979
-0.780975
-0.826765
-1.31337
-0.215411
-1.18836
0.585197
0.537745
1.77823
-0.804543
0.458767
0.0772692
-1.61035
2.31802
-0.549976
0.985603
1.97346
1.69189
0.172739
-0.145746
0.640263
-0.351894
0.293135
0.837441
-1.04755
-1.70133
-0.083683
-0.74682
0.238847
-1.5134
0.0961622
-0.0560941
-1.04664
-1.09138
-0.98366
0.476673
0.0904695
0.118804
-0.343105
-0.453479
-1.00579
-0.856517
0.233529
-1.38108
1.38081
0.53961
-0.197755
-1.20296
-0.0313725
0.781249
-0.565026
1.41813
0.464557
-0.549849
-0.156252
2.01362
-0.182591
-2.3754
1.18682
-0.98161
0.117045
2.40783
-1.32983
0.195797
-0.695915
-1.78322
-0.25683
0.601706
0.767803
-0.311477
0.8649
-1.49427
0.687986
-0.400124
1.36457
-0.217095
-0.127836
-3.34627
0.123014
0.04995
-1.75075
0.14005
0.739278
0.345478
-0.361681
-0.537308
-0.457983
-0.741394
-1.59125
-0.572588
0.969909
0.947565
0.345697
1.05004
-2.11772
-0.664544
0.716643
-1.05018
-0.626329
1.95363
-0.216476
-0.622683
0.658057
1.23921
-1.57969
0.371835
1.2273
0.242074
0.416532
-0.304112
1.10442
-0.835644
0.512949
1.30713
-0.6689
1.23914
1.2221
-1.09917
-0.860242
-0.210505
-1.28011
-0.75459
-1.34389
-0.831224
0.699057
-0.233737
1.02011
-0.118376
-0.137015
-1.01387
-0.575118
2.17439
0.861907
-0.361651
0.893353
-1.60526
0.555836
-0.839874
1.65386
2.277
2.3846
1.13742
1.72932
-1.53589
-0.1501
1.22887
-1.30788
-0.435916
1.82906
0.0614845
-1.14563
0.269656
0.313146
-1.12224
-2.66455
0.135492
-0.454743
-0.776503
-0.735444
-0.325374
0.351459
0.715688
0.08246
-1.33652
-0.207483
-0.63756
-0.110561
-0.181826
-0.836664
-0.446905
2.0717
1.14863
-0.614421
1.73149
-0.754563
-1.62661
0.151678
0.198255
-0.404353
-1.45199
-0.971383
0.309268
0.331089
-1.53242
0.209367
-2.1766
1.46068
-0.737243
0.340776
1.48309
1.33607
1.05769
1.82821
1.28354
1.53212
0.0382152
1.33003
-0.896742
-0.353201
1.47581
0.0822776
1.20836
-0.710928
-0.455121
0.455219
-0.90541
-0.102437
-0.205029
1.42797
0.19782
1.01226
-0.447292
-1.16643
1.47203
0.525591
-0.1379
1.90818
-1.43276
0.0430453
-0.667312
0.120202
0.780426
0.199849
-0.64634
1.06288
-0.129983
0.637759
-0.911888
-0.608992
-0.00657911
1.1601
0.30768
-0.0279596
-1.56889
0.666964
2.11636
-1.12886
0.72853
0.0969912
-0.880473
-1.72092
0.073861
0.548947
-0.552368
-0.231083
-1.13538
-0.792881
1.16826
0.837703
0.975583
1.80287
0.814622
0.162017
1.88916
-0.101015
-0.649585
-0.657657
-1.81201
-0.750944
0.678129
0.805579
0.370851
0.75125
-0.671537
-0.208333
0.269449
-0.32132
-0.287173
0.0991387
0.336237
-1.03487
0.422509
1.267
1.48666
1.27716
0.777727
0.421275
-1.32525
0.809469
-0.59176
0.850631
2.41867
1.41733
-0.238398
1.10426
0.798696
-0.652361
0.204862
-1.17092
-0.71055
-0.00503655
-1.66933
-3.53191
1.16683
2.05904
1.74919
0.320281
-0.86403
1.31632
1.0162
-1.04168
-1.23444
-0.717045
-1.60437
-1.08931
0.0574479
1.43691
0.943132
0.613616
0.480881
-0.242979
1.94984
1.23653
-2.43061
-0.305123
0.738721
0.228345
-0.792891
0.0450705
0.422449
3.04435
-0.65655
-0.604943
-0.158876
-1.00912
-2.55843
-1.36015
-1.76596
0.3979
-2.41641
-0.381905
0.561041
-0.5463
1.3243
-1.70539
0.875497
0.499861
0.910775
-0.724434
1.2695
3.08767
0.0489998
-0.33874
-0.583446
-0.086625
-1.38766
-1.35927
-0.461316
-0.430241
-0.356295
-0.117028
-0.274349
-0.902297
1.12414
-2.43145
-1.0565
-1.04222
-0.72195
-1.03989
0.520239
1.96991
0.013129
2.33451
0.626562
1.53019
0.28277
1.33023
-0.0885034
-0.820906
0.938371
0.994179
-0.505503
0.818727
0.751263
0.22202
-0.591757
0.0694526
0.664201
1.77105
1.10042
0.96433
-0.502195
-1.38595
-0.695537
-0.223997
-0.913688
-0.619078
0.055931
-1.10977
1.09945
1.28434
-1.82819
0.436626
0.651617
0.401251
0.177251
-0.778682
1.43751
0.96767
1.15003
-1.18219
-0.194197
-1.49131
0.126009
1.05241
0.227431
-0.262942
0.190882
-0.515882
-0.317401
-0.272833
-0.101687
1.52755
1.23703
-0.426255
2.65017
1.79281
2.05745
-0.502639
0.493065
-0.488334
-1.27124
1.52396
0.725363
-1.54351
-0.32909
0.693675
-1.77513
1.44121
-0.615428
0.634041
1.42986
-1.95603
1.73271
0.534054
-1.97938
-0.215316
0.266653
2.25183
0.0925131
0.670585
-0.772552
0.11466
0.708641
-0.123092
-0.372538
-1.5394
0.411717
0.394527
-0.160077
-2.21717
-1.76795
-1.29846
-1.82201
1.05078
-1.04894
-1.80749
