0.128858
-0.095612
0.185114
0.282855
1.39829
0.0911525
-1.25453
0.0362457
-0.454139
-0.160349
-0.789144
0.280402
-0.428924
-0.0552512
0.18653
-0.0425736
-0.241125
0.290659
0.155193
0.00905761
0.0123706
-0.377762
0.51438
-0.906893
-0.0251033
0.613949
0.27966
0.432069
-0.401722
0.642665
-0.385447
0.135646
-0.952458
-0.512268
-0.0164464
0.232447
0.626045
-0.230623
-0.101501
-0.155252
0.708853
0.127021
-0.479181
0.00112964
-0.574133
0.0489833
-0.534732
0.0651451
0.203032
-0.00210268
0.0952451
-0.134653
0.565283
-0.797491
0.000576573
-1.09869
-0.332221
-0.0265666
-0.570542
-0.538388
0.295251
-0.126176
1.09118
-0.303747
-0.275113
0.224191
-1.35282
0.0716117
-0.796511
0.145803
0.427346
0.478723
0.719194
0.0235766
0.0584053
-0.167384
-0.2884
-0.157709
0.4616
0.787623
-0.443264
1.13552
-0.0332762
0.30608
-0.163352
-0.188389
-0.182682
-0.516449
0.0169333
0.29909
0.0553183
0.0584238
0.0472136
-0.26232
0.152749
0.731859
0.869958
0.852601
-0.318446
0.0976119
-0.0927288
0.786344
-0.439358
-0.631846
0.532354
-0.387149
0.228682
0.534611
-0.209818
0.224631
0.084545
-0.0489698
0.298637
-0.789047
-0.979044
0.478494
-0.752568
0.200902
0.31678
0.210733
-0.719859
-0.207987
-0.239388
-0.113502
0.0549974
0.0514362
-0.122583
0.702799
0.394026
-0.602844
-0.160029
0.0549375
0.00659901
-0.324802
1.19242
-0.584946
0.484766
0.970191
0.754537
0.325641
0.40013
0.876883
-0.0078669
0.249916
0.0692301
0.239594
-0.662366
-0.0633603
-0.601817
1.24027
-0.555623
-0.454786
-0.00844525
-0.285197
-0.27234
-0.935205
0.210388
0.90622
0.281493
-0.0773486
-0.00385771
0.498418
1.01263
0.986808
-0.811835
0.0961142
-0.630526
0.388071
-0.290114
-0.0297965
0.80975
0.423409
0.149949
0.381461
0.197206
-0.0906914
0.13246
0.414381
-0.570346
-0.897318
0.104622
0.0903661
-0.863538
-0.5607
0.249965
0.376283
1.04917
0.233729
0.567533
0.301891
-0.93239
0.647393
0.169638
-0.267727
-0.314822
0.153898
0.578078
-0.393417
-0.307693
0.632388
0.583349
-0.628118
1.00479
0.497861
0.491933
0.239499
-0.119155
-0.0207899
-0.527853
0.480013
0.346618
0.425592
-0.112693
-0.186299
-0.0426109
-0.607915
0.880263
-0.307917
0.0299402
-0.443797
0.400182
0.0311431
-0.174116
-0.49501
-0.797875
0.555669
0.0722748
0.406098
-0.461282
-0.509581
-0.427768
-0.603585
0.0359267
-0.48948
-0.634971
0.346921
-1.16335
0.564757
0.419845
0.374938
-0.618676
0.139036
-0.0915217
-0.771982
-0.219705
0.299204
0.728552
-0.236104
0.472812
0.279569
0.672993
0.258629
0.497241
-1.05723
0.714517
0.882141
-0.0326736
-0.553689
0.588355
-0.447831
0.437282
0.445861
0.291259
-0.0481054
0.297051
-0.305201
0.251543
-0.322759
0.854202
0.527204
-0.681945
0.854085
0.353487
0.319758
-0.299866
0.822681
1.07904
0.237945
0.474383
-0.607032
-1.27098
0.959934
-0.634612
0.110789
0.360995
-0.814988
-0.0220469
0.26684
-0.128108
0.474588
-0.0576278
0.227015
0.844511
0.0763062
-0.99713
-0.367043
-0.188279
0.161427
0.177029
0.874263
1.0436
-0.303204
0.694874
0.52996
-0.101577
0.301706
-0.719942
0.148585
-0.206883
-0.268048
-0.735039
0.100493
-0.0677455
-0.364557
0.616779
-0.219172
-0.183969
0.116618
1.19062
0.738092
-0.827376
0.876258
0.472578
-0.882611
-0.100632
0.242174
0.630425
0.00541307
-0.0334785
0.400474
0.0549724
-0.100169
1.1103
0.304261
0.348019
-0.400305
0.190152
0.231467
-0.205712
0.623016
-0.483288
-0.048752
0.274046
1.08288
-0.684338
0.516981
-0.381437
0.15148
0.67549
0.63046
0.25198
-0.647495
-0.782948
0.0199341
0.168749
0.63092
0.317907
0.721776
-0.541641
1.05588
0.448824
0.776365
-0.553845
-0.68441
0.545921
0.0153175
0.162558
0.224655
0.547469
0.110671
-0.291855
-0.553548
-0.0845957
0.102513
0.42752
0.0167754
-0.198288
0.589291
-0.358115
0.525233
0.187396
-0.189158
-0.80148
-0.572548
-0.193803
-0.676769
0.382742
-0.0640451
0.340128
0.361229
-0.530633
0.00492217
-0.30149
-0.465568
0.730727
-1.00459
-0.831746
0.247158
0.35814
-0.463341
0.248598
-0.724562
-0.330932
0.160094
-0.114594
-0.47082
0.742193
0.320902
0.555582
0.19925
0.640016
-0.340896
-0.156509
-0.220993
0.570284
0.0310047
-0.390837
0.0433249
-0.144019
0.249838
0.417283
0.810024
-0.122537
-0.141126
-0.224889
0.00584019
0.275762
1.47804
-0.2953
-0.486174
-0.18616
0.00640682
-0.509315
0.226749
0.541219
-0.662099
-0.104483
-0.0415158
-0.179424
0.099082
-0.14537
-0.159608
-0.0897723
-0.597446
0.468736
-0.29918
0.533086
-0.160733
0.237322
-0.752328
-0.634984
0.221334
0.053393
-0.0492201
-0.0751444
-0.195994
0.222647
-0.359208
-0.626349
0.330809
0.451248
0.200905
0.429676
0.274203
0.025979
-0.405601
0.389461
0.190715
-0.691414
-0.504627
0.699207
-0.114335
0.142843
0.0918271
0.631613
0.761437
-0.413749
-0.113141
0.331162
1.71877
0.732568
-0.223275
0.672879
0.0569908
0.520988
0.241859
0.613447
-0.485053
0.440959
0.258507
0.664591
0.618148
0.20543
0.0620215
0.247111
-0.512891
-0.191453
-0.172213
0.497338
-0.338819
-0.0742288
1.0213
-0.0305483
0.919438
0.287754
-0.496151
0.22192
-1.14033
-0.151321
-0.359475
-1.13001
0.945866
-0.199224
-0.110652
-0.516109
-0.0870365
0.477271
0.00873014
-0.0972047
-0.420916
-0.229663
-0.246159
0.491001
0.773135
0.595792
0.198538
0.10062
-1.17562
1.16911
0.184529
0.108443
0.660797
-0.566101
-0.519468
-0.729094
-0.777089
-0.592277
-0.244784
0.074633
0.0575146
0.346763
0.028036
0.50555
0.109969
0.323714
-0.363142
-0.38741
0.1003
-0.0729858
-0.237824
-0.537764
-0.810707
-0.398544
-0.50085
0.324038
0.588207
-0.0867263
0.468387
-0.0140405
-0.339609
0.72908
-0.0545147
-0.275747
-0.939563
-0.626827
-0.297474
-0.57767
0.327242
-0.292518
-0.0504631
-0.316773
-0.679939
-0.0689587
0.127469
0.715534
0.157704
-0.517127
-0.198736
0.0553114
0.36483
-0.0439518
0.304939
0.148904
0.163358
0.26564
0.00583592
-0.13514
-0.457657
-0.0898788
-0.123351
0.0679511
0.137142
0.710473
1.07087
-0.875016
0.0309106
0.19106
0.506697
0.401682
-0.00317068
1.45042
0.384706
-0.223094
0.659303
-0.238962
0.172644
0.0291007
0.380432
0.0761577
0.78778
0.340086
0.0915941
-0.427833
0.853774
-0.652859
0.184265
-0.673115
0.192968
-0.735862
-0.124735
-0.479105
0.0797367
0.640764
0.197976
0.581463
-0.199362
0.596755
0.0442903
0.941127
0.0267177
0.17325
0.321873
-0.366278
-0.0382844
-0.993588
1.04463
0.000332292
-0.208413
0.116419
1.12788
-0.661155
0.326781
-0.169642
0.406472
0.201481
0.454906
0.15187
0.68561
0.403297
-0.197248
1.0239
0.223357
0.296069
-0.0611417
0.405774
-0.243247
-0.882879
-0.511659
0.0944304
0.111282
-0.573668
-0.328471
0.48975
0.159253
-0.0205021
0.535018
0.600979
0.171839
0.455086
0.56561
0.185351
1.09492
0.815705
0.587443
1.03414
-0.774374
-0.119882
0.950787
0.769068
-0.399371
1.15201
-0.387989
0.452187
-0.770022
0.637842
0.170757
-0.112017
-0.179037
-0.579867
0.648769
0.458636
0.226352
-0.793229
-0.394372
-0.642598
-0.381873
0.505285
0.452612
1.01806
-0.0208401
-0.00407166
0.0876967
-1.09933
0.70318
-0.0351212
-0.779101
1.28623
0.47008
0.434294
0.0171226
0.512653
0.0272311
-0.974331
0.0355039
-0.421728
0.0392231
-0.325037
-0.503742
-0.011725
-0.541674
0.749686
0.604779
0.17212
0.355967
-0.909449
-0.221378
-0.424731
0.669562
-0.0881211
0.105225
-0.669125
-0.442697
-0.149818
0.0174577
-0.159513
1.01082
-1.37314
-0.629191
-0.47337
0.758476
0.163836
-0.440405
0.868806
0.794095
-0.369522
0.501786
-0.378258
-0.172691
-0.195163
1.05665
-0.455567
0.128051
-0.567672
0.748805
0.0370431
0.123428
0.64141
0.315575
-0.663498
0.716152
-0.00416014
-1.01589
-0.142237
-0.0250468
0.663768
-0.807995
-0.59139
0.339971
0.104232
1.12914
0.645724
-0.353304
-0.0638891
-1.12629
0.540082
-0.286801
0.101336
-0.0234698
-0.389777
0.13292
-0.401538
0.398247
0.100388
0.380407
0.148317
0.414172
-0.430293
-0.0449112
-0.345815
-0.444767
-0.235868
0.26664
0.0752034
0.131297
-1.133
-0.076654
-0.452385
0.281031
0.370867
-0.126068
-0.120245
0.424157
0.204318
0.12438
-0.428549
-0.0803707
-0.148058
1.01123
0.59651
-0.210211
-0.49506
0.308928
0.246332
-0.143586
-0.653684
0.967041
0.342875
-0.24139
0.392507
0.295591
0.40818
-0.424638
0.753414
-0.0625789
-0.173106
0.572854
-0.104803
-0.433604
-0.294123
-0.642403
0.693254
-0.237817
-0.264514
-0.148346
-0.452964
0.113762
0.0546061
-0.62627
0.0664511
0.598891
-0.0216919
0.490521
-0.302246
0.418234
-0.493824
0.68883
0.173047
-0.285471
-0.153205
0.897945
-0.811397
0.590036
0.144343
0.644138
-0.419221
-0.624631
-0.429425
-0.0935462
-1.18282
0.437266
0.680634
0.551666
-0.492978
-0.0898322
-0.881424
0.323771
-0.363725
0.993637
0.67565
0.172038
0.0767422
0.210965
0.516903
-0.11593
-0.00790424
-0.498516
-0.894092
0.646905
-0.323537
-0.104695
0.251348
-0.380193
0.240461
0.341774
-0.469419
-0.593987
-0.588966
0.312172
0.410868
0.664356
0.0725633
-0.140268
0.597213
1.06723
-0.641345
0.254512
0.277667
0.40481
0.579706
0.840471
-0.495232
-0.536968
-0.751458
-0.486647
0.16615
0.222148
0.600602
1.56657
-0.100826
0.214802
0.118103
0.477044
-0.366622
-0.0989125
0.122331
-1.09647
-0.808282
0.334742
0.0713802
0.87778
0.0600005
-0.162381
-0.440716
0.0480282
0.469161
0.175256
-0.476479
-0.246691
-0.618596
-0.010291
0.0394227
-0.0674229
0.299831
-0.43464
0.399224
0.415838
-0.154417
-0.171993
-0.141389
0.0262622
-0.485647
0.181139
0.412575
-0.0401656
0.408929
0.0455647
0.180543
0.322118
0.640178
-0.328646
-0.0461593
-0.500729
-0.118419
-1.18866
0.642103
-0.00957478
-0.292884
-0.205638
-0.406973
0.739828
0.740035
0.0615929
-0.476577
9.29746e-005
1.24396
-1.0029
0.271557
0.180269
0.446897
-0.29489
-0.0955714
-0.168531
-0.229235
0.428725
0.855978
-0.247292
0.720001
-0.121473
0.353249
-0.668031
0.458664
0.114628
-0.591763
0.694808
-0.443814
-0.127126
0.70182
0.0145878
-0.746168
0.342853
0.541176
-0.368792
0.0267132
0.108322
-0.594398
-0.69373
-0.376182
0.43979
-0.207804
-0.0797029
-0.0959569
-0.445683
-0.605622
0.233183
-0.398016
0.808065
0.933479
0.325314
0.095051
0.343399
1.94375
0.0653744
-0.705307
0.116335
-0.841268
-0.535303
0.429992
0.0925403
-0.2034
0.591295
-0.22415
-0.646205
-1.06543
-0.19454
-0.667833
-0.563497
0.513964
0.280129
0.018242
0.248422
-0.0557008
-0.877062
-0.236147
0.127872
-0.318802
0.253505
-0.224915
-0.220607
0.332997
-0.0636689
0.335834
0.0251925
0.0689134
0.452991
-1.29644
-0.497638
-0.35203
-0.201383
-0.519434
0.00246584
-0.302334
-0.175318
-0.0591136
0.254944
-0.669102
0.247938
-0.14134
-0.248739
0.145521
0.243769
0.0334906
-0.0971676
-1.26938
-0.722294
-0.126978
0.42156
-0.51196
0.627242
-0.227482
-0.123691
0.238246
0.290098
-0.0937778
-0.805016
-0.399442
-0.176774
0.188332
-0.37559
-0.322346
0.404513
0.383623
-0.189599
1.04178
0.165829
-1.03654
-0.952888
0.453678
0.553091
0.371491
0.567744
0.366246
0.0184811
0.691894
0.0690307
0.060148
0.367634
-1.19182
-0.468222
0.095599
-0.215209
0.572482
-0.660428
-0.71301
-0.433402
-0.923021
-0.256869
-0.0816775
-0.626257
0.00855365
-0.238868
-0.432787
0.167913
-0.0805382
-0.343484
-0.153924
0.855532
0.317646
-0.296542
-1.16376
0.245522
0.343538
0.117115
-0.333127
-0.115031
0.234545
-0.158683
1.14863
0.401927
-0.40444
-0.373879
-0.236854
-0.276952
0.243436
-0.0670606
-0.721902
-0.54448
-0.125341
0.324063
0.192436
-0.301161
-0.259337
-0.0496896
-1.14534
-0.0872469
-0.764347
-0.0624342
0.213034
-0.36395
0.450832
-0.113728
0.32415
0.357964
-0.081375
0.935456
0.186457
-0.918219
-1.00047
0.123081
0.99892
-0.342743
-0.036867
-0.561616
-0.20036
0.79469
0.290647
0.144657
-0.899788
0.493636
-0.314363
-0.144493
-0.73421
0.0266909
0.266993
0.552639
0.432685
-0.102947
0.400712
-0.410436
-0.0736503
1.17247
0.428837
0.823795
0.842462
-0.43927
0.924084
-0.529919
-0.55194
0.519099
0.209221
0.531518
0.191476
0.0700177
1.3524
0.314438
0.0481169
0.136163
0.450095
-0.102922
0.383753
0.231308
-0.767162
-0.19682
-0.202475
0.250156
0.120048
-0.580216
0.0766594
-0.115999
-1.0936
-0.272668
0.567422
-0.229357
-0.0738522
0.152769
-1.47772
-0.455299
-0.365438
0.263829
-0.210246
-0.898071
-0.309973
-0.317014
-0.358292
0.441591
0.54774
0.00292232
0.183228
-0.595985
0.629177
0.540529
0.379713
-0.665585
0.144834
-0.345529
1.11195
0.140812
-0.431159
0.695789
1.11085
0.101383
-0.245912
-0.100409
-0.252336
-0.211579
0.589366
0.731158
0.0661036
0.121916
-0.160455
-0.196308
0.430393
0.367857
-0.789986
0.840521
-0.0159831
0.196338
-0.163444
-0.708915
-0.37773
-0.407566
0.397225
0.928661
-1.03882
0.0529706
-1.07225
0.463431
-0.318282
-0.157908
-0.97038
0.60353
0.353794
0.682966
0.736356
-0.49365
-0.785156
0.316052
0.77499
-0.401636
-0.600178
0.283143
0.314221
-0.26315
-0.721267
-0.241121
-0.0845926
-0.916639
0.134592
-0.109095
0.0968499
-0.0885723
-0.702772
-0.180726
-0.638795
0.165457
-0.257165
-1.27551
-1.07004
-0.0675554
0.353872
0.306256
0.722008
-0.208985
0.812256
0.00129884
0.161681
0.754608
0.032276
0.653086
0.416752
-0.0395645
-0.413829
0.208365
-1.64251
-1.45485
0.254416
-0.244525
-1.07726
-0.880958
0.568934
0.153031
-0.0892073
0.294281
0.127737
0.454234
-0.29758
0.530287
-0.350299
0.267387
-0.425791
0.938486
-0.888602
-0.136938
-0.0553826
-0.0893594
-0.0592971
-0.296649
0.557589
-0.106783
0.581399
-0.399859
-0.252563
-0.210206
0.890725
-0.0252051
0.228882
0.143419
-0.445433
0.479712
0.666754
0.382607
-0.325859
0.130583
-0.0317767
0.619787
-0.166744
-0.0391095
0.0985793
-0.240261
0.0676646
-0.0825675
-0.260395
0.188515
0.0493268
-0.870156
0.092621
-0.0632951
-0.473729
-0.146497
0.235001
0.500328
-0.11102
0.746456
-0.230277
0.116959
0.284004
-0.208782
0.291898
-0.135156
-0.254213
-0.317287
0.129549
0.260819
0.16249
0.206972
-0.392573
0.73242
-0.437639
-0.538301
0.152693
0.283758
0.345723
0.405866
0.432657
-0.423883
-0.101675
-0.432687
0.508658
0.0268348
0.442898
0.186768
-0.689887
0.263063
-0.764711
-0.125638
0.780598
-0.00471155
0.216389
0.895901
0.407195
0.143569
1.00764
0.162093
-0.417868
0.037538
0.61313
-0.509809
0.21978
0.42351
0.450744
0.021355
0.347595
-0.0255623
-0.578563
0.498571
0.437397
-0.483443
0.0234966
-0.0594611
-1.26701
-0.0542302
-0.0480719
-0.025589
-0.0108497
-0.303015
-0.870669
-1.15563
0.062781
-0.520316
-0.0759132
0.0702638
1.05016
0.36746
0.562555
-0.869065
-0.260664
0.180199
0.0703673
0.349108
-0.296607
-0.0939864
0.58698
0.189572
0.861763
-0.738619
0.559336
0.38006
-0.686287
0.53411
-0.363582
-0.729656
0.000310985
0.335138
0.310137
-0.392141
-1.02899
0.275571
0.592376
-1.06466
0.0463476
0.415156
0.199696
-0.354603
0.0739441
0.990374
0.403746
-0.108135
-0.611826
1.19018
-0.223797
0.635221
0.347165
0.167214
0.921421
-0.951028
0.345374
0.455431
-0.302587
-0.769805
-0.27142
0.770835
-0.202509
0.371958
-0.111565
1.1586
-0.071595
0.632212
0.631478
-0.412429
0.855748
-0.165404
0.210259
0.190965
-0.489332
0.536698
0.490594
0.591465
-0.124307
0.717255
0.173079
-0.0739756
0.816957
-0.881937
1.09831
0.00507495
-0.492339
-0.117809
0.72727
-0.206883
-0.51936
-0.309553
0.0963038
0.718874
-0.16963
-0.329406
-0.450113
-0.272607
0.439142
0.315234
-0.217014
0.16319
-0.325839
-1.21197
-0.187242
0.614808
-0.0228611
0.26967
0.0566208
0.326658
-0.757815
0.113213
0.536451
0.804486
-0.857449
0.00273772
-0.269636
-0.659281
-0.918927
-0.0489443
-0.960451
0.335193
-0.0101984
0.390078
0.000275439
-0.0205254
-0.0806961
-0.246134
0.418677
-0.559582
-0.00590833
0.150189
-0.419676
-0.571163
-0.251843
0.0188401
-0.659516
0.360356
-0.507054
0.863106
0.184195
-1.35632
0.780054
-0.681388
-0.676347
-0.288383
0.391648
0.432877
0.416361
-0.551423
-0.310976
0.298899
0.391919
-0.72689
-0.0247143
0.102283
-0.905497
-0.175927
-0.616222
0.845344
-0.272393
-0.511086
1.04074
-0.821714
0.115609
-0.653163
-0.289714
0.325106
0.357778
0.238285
-0.217673
-0.170132
-0.485515
-0.178099
-0.219347
-0.121244
0.69221
0.104464
0.49812
0.635446
-0.230871
-0.172
-0.24025
-0.13054
-0.676364
-0.573161
-0.237986
0.178342
0.377578
-0.0315794
-0.492942
-0.184475
0.282851
-0.226544
0.94464
0.999337
0.596179
0.330481
-0.215873
-0.0988918
-0.250943
-0.332105
-0.0939041
0.0904473
-0.231338
0.147208
-0.73187
-0.393862
0.516171
-0.459153
0.520273
-0.143148
-0.697993
-0.284558
-0.213606
0.613187
-0.436383
0.141052
-0.540193
0.190959
0.087963
-0.200841
0.302598
0.363552
0.293085
-0.797545
-0.168349
-0.30413
0.392907
0.837091
-0.492338
-0.637491
-0.213928
-0.268814
-0.0200645
0.39766
-0.213807
0.548655
0.557413
-0.104716
-0.992612
0.143641
0.0430324
-0.207513
0.252875
-0.101695
0.254729
-0.0017512
-0.0364242
-0.694913
0.10414
-0.224461
-0.164015
0.210388
0.5058
-0.63307
0.916622
-0.934643
-0.312965
-1.06478
-0.911732
0.437911
-0.476048
0.587377
-0.185572
-0.272512
0.901449
-0.398315
0.292877
0.942291
0.257684
-0.191615
-0.418732
0.118357
0.458639
-0.724123
0.269607
-0.058803
-0.315057
-0.76977
0.471863
0.170585
0.235734
-0.235648
0.911347
0.781999
-0.104093
0.083342
-0.00405091
-0.034702
0.0158064
0.416433
-0.300537
-0.0603069
0.789699
0.791164
0.946308
0.270816
-0.995475
-0.123538
0.508485
0.584823
-0.159968
-0.511082
0.17407
0.228466
0.465444
-0.160823
-0.312939
0.197251
0.908089
0.334766
0.15023
0.0823409
0.526347
0.487111
-0.436581
0.318653
0.231317
0.0362477
0.0234676
-0.559839
-0.0402933
0.121549
-0.902259
0.237229
-0.986031
-0.426605
0.325929
-0.134849
0.424491
-0.139301
0.403271
-0.324994
0.433789
0.32919
-0.440422
0.265748
-0.287216
0.467139
-0.362633
-0.381396
0.133918
0.125456
-0.256308
0.720174
0.488144
-0.929497
0.374935
0.228219
-0.799895
-0.0903823
0.545865
-0.167886
0.653685
-0.0299432
-0.143707
0.262258
-0.0272997
0.3336
-0.0182862
0.302409
-0.699519
-0.41627
1.0959
1.50522
0.242238
-0.191307
-0.777146
-0.112124
-0.259732
-0.371789
-0.890295
-0.00710494
-0.316594
-0.40445
0.255385
-0.829164
-0.133477
0.521887
-0.208437
0.0317294
0.569367
0.0906547
-0.528517
0.142533
1.05699
-0.207731
-0.0302008
-0.247959
-1.25214
-0.0364687
0.395021
-0.191661
-0.634488
0.476192
0.0529798
-0.445328
1.22862
-0.551722
-1.22561
-0.156993
-1.09979
-0.752507
-0.0740028
-0.38978
0.410846
-0.557566
-0.234028
0.0314621
0.00769786
-0.00545357
-0.719832
-0.342908
0.801357
0.139715
-0.0425188
-0.448245
0.17315
0.115574
0.338509
-0.317538
0.135098
0.336603
0.371072
-0.1763
-0.0203227
0.527975
0.855858
0.990804
0.153936
-1.22765
0.711361
-0.649022
0.154086
-0.116741
0.394235
-0.270516
-0.648397
-0.375831
-0.179811
-0.217445
0.598897
-0.308183
0.0250199
-0.584601
-0.268176
0.136864
0.0390732
0.863038
-0.416882
-0.297371
0.218454
0.21417
0.275111
0.560126
0.639407
-0.516107
0.166269
0.510559
0.507117
-0.797091
-0.274275
0.435454
-0.0460427
-0.247988
-0.467994
0.00604519
-0.935171
-0.797834
-0.0079702
0.446531
-0.625669
-0.149003
-0.289824
-0.249153
0.140577
-0.203367
-0.088673
-1.1838
1.02384
-0.368369
-0.534821
0.0546119
0.525421
0.770634
0.416648
-0.238368
-0.498574
0.118811
0.258655
0.349192
0.105884
0.409111
0.815137
1.37628
-0.393935
0.0505614
-0.079554
0.187877
-0.160019
-0.0475997
0.199865
-0.532104
0.548421
0.283518
-0.123265
-0.27726
-0.152738
0.43426
-0.556691
0.203058
0.437261
0.148628
0.14886
0.873325
0.528293
0.393704
0.702648
-0.543888
-0.454553
-0.936417
0.676383
0.22901
-0.175739
-0.359807
-0.350074
0.824171
-0.279269
-0.266244
0.452041
1.18966
0.173332
0.249494
-0.455581
-0.686674
0.150971
-0.268268
-0.0163523
0.0170822
0.536166
0.341189
0.0684841
0.139311
0.216761
-0.323875
0.28607
-0.644868
0.322623
-0.441818
0.820082
-0.0342753
0.0197119
0.0472457
0.181057
-0.356595
0.627369
-0.295204
-0.688546
0.183054
-0.762478
-0.452266
0.105703
0.0234337
-0.441756
0.194932
0.125791
-0.607498
-0.00247604
0.0950113
0.456845
-0.43914
-0.387008
0.400437
0.18071
-0.94628
0.947511
0.259506
-0.333023
0.0782111
1.1991
0.37138
0.658961
-0.203892
0.163254
-0.168037
0.554825
-1.03324
-0.553704
-0.215418
-0.425554
-0.317516
-0.14613
-0.120998
0.277027
-0.360327
0.476951
0.221642
-0.562093
0.421754
0.143716
-0.397123
0.303202
0.810535
-0.250539
-0.0504871
-0.402123
0.949325
-0.139949
-0.611262
-0.349117
-0.541981
-0.0160032
0.61683
-0.431783
0.708538
-0.259796
0.778285
-1.06609
-0.367024
-0.71341
0.11652
0.280591
-0.0801261
-0.913923
-0.239725
-0.386898
0.228883
-0.318075
-1.21534
-0.613578
-0.433054
0.142971
-0.236095
0.603245
-0.0808034
-0.633325
0.690592
-0.0207327
-0.0816272
-0.23435
0.207446
-0.509596
-0.989082
0.448743
0.169002
-0.227834
1.02701
-0.177118
0.212721
-0.322184
0.501288
0.111783
-0.341706
0.435352
-0.152931
0.201336
0.480468
0.21208
0.353636
-0.732839
-0.311745
0.843948
0.349051
-0.019602
0.54448
0.228536
0.591746
-0.846844
-0.822542
-0.0307176
-0.397762
0.574327
-0.907878
0.936894
0.955861
-0.692411
0.246393
-0.747174
0.308054
0.00880122
-0.103635
0.004624
0.00596427
0.709307
-0.144881
0.118638
0.174936
-0.133863
-0.493228
-0.560852
-0.731747
0.24699
0.188816
0.0954945
-0.183729
0.721428
0.808906
-0.0365966
-0.66605
0.885948
0.0620139
-1.71262
0.975842
0.393513
-0.964719
0.566613
0.330727
-0.706765
-0.352236
-0.00360933
-0.037071
0.341787
-0.633052
0.425973
0.261996
-0.120399
-0.24856
-0.527436
0.000718551
1.08527
0.900707
-0.141432
0.000552419
0.341769
0.589413
-0.120404
0.00264106
0.0284822
0.227887
0.130579
-0.213267
-0.606104
-1.34677
0.442947
-0.288483
-0.153658
0.680014
0.625223
-0.116758
-0.651716
-0.588722
0.47115
0.0264969
0.469912
0.32007
0.0696784
-0.45479
0.434101
0.215732
-0.425605
-0.102796
0.165089
0.856127
-0.84554
-0.112009
-0.126076
0.454909
0.252444
-0.278549
-0.00517137
-0.435593
0.0784615
-0.649311
0.422565
0.206878
0.0676351
-0.124908
-0.721706
0.512434
-0.0204201
0.852089
0.196497
-0.95321
-0.170024
0.178166
-0.0212017
0.14538
0.271311
0.35651
0.44821
0.0107262
-0.609705
0.572469
0.84927
-0.0256826
-0.391057
0.324187
-0.602229
-0.450354
-0.122969
-0.229428
-0.432404
-0.0177296
-0.721245
0.0947859
-0.259483
0.302572
-0.0839122
0.262404
-0.626963
0.074612
-0.260136
-0.34684
1.02893
-1.09219
-0.467526
-0.0688474
0.333029
0.203372
0.00230521
0.63613
-0.0908666
-0.293696
-0.0873681
-0.780938
0.847423
-0.207368
0.275733
-0.246067
0.041261
0.734425
1.30855
0.857172
-0.0349202
0.409202
0.893342
0.201941
1.20853
-0.285461
-0.292888
0.470093
-0.396654
0.300742
-0.137081
0.49727
0.144474
0.507936
0.0445955
0.261972
0.334625
-0.132466
0.665324
0.520757
-0.573226
-0.160428
0.223997
0.0616025
0.459626
0.313953
0.434291
0.0935999
-0.186464
-0.314288
-0.782223
0.0460064
0.390605
0.0395703
-0.872938
-0.467386
0.220767
-0.348477
0.331674
-0.76692
0.99953
1.07472
-0.736893
0.156097
-0.366081
0.104142
0.509187
0.00842526
-0.544599
1.55354
1.04642
0.454217
-0.20305
0.331659
0.860635
0.107487
-0.732866
0.238224
0.341612
0.756886
0.566144
-0.0939547
0.156291
-0.515141
0.522697
0.436352
-0.694861
0.527051
-0.999932
0.416068
0.186436
0.225253
-0.421903
-0.451691
0.0295322
0.532983
0.155869
-0.296064
-0.434599
0.974382
-0.387789
-0.0651297
-0.718241
0.611373
0.552805
-0.141241
0.167778
0.153248
-0.377041
-0.0994038
-0.222109
-0.134676
0.24488
0.476811
0.132942
0.333437
0.484406
-0.049951
-0.0971101
0.342959
-0.412051
0.387499
-0.283051
1.08521
-0.621692
-0.101796
-0.108026
-0.488249
-0.332621
0.463167
0.455173
0.511188
-0.337727
0.183703
-0.383463
0.171908
0.571578
0.441418
-0.0870996
-1.10644
0.278541
-0.710888
-0.340592
0.304805
-1.06422
-0.117166
-0.497865
0.0657841
-0.176378
0.401038
0.134132
-0.0318463
-0.224894
-0.0740944
-0.582267
0.047321
0.841065
-0.791998
-0.589251
-0.553282
0.37601
0.279444
-0.573725
-0.0612475
1.01439
0.379855
-0.18363
-0.014897
-0.083716
-0.682438
0.281991
-0.866093
-0.469711
-0.477313
0.471016
0.641411
0.0476899
0.298995
-0.321522
-0.187782
0.487387
0.27544
-0.122124
-0.215623
-0.584458
-1.1258
0.134721
-0.124724
0.0531547
-0.0118801
0.347542
-0.298229
-0.584165
-0.880835
-0.00961115
0.33604
-0.790913
-0.365347
-0.801067
-0.220694
-0.193481
-0.768766
-0.735227
-0.21835
-1.07196
-0.274539
0.754095
0.594929
-0.773018
-0.591759
0.280684
0.839094
-0.395212
-0.213663
0.608454
-0.242938
-0.120811
-0.512075
0.547232
-0.544336
-0.14006
-0.75726
-0.59692
-0.13592
0.123719
0.009289
0.174523
-0.269499
0.0359207
-0.208137
-0.0326129
-0.657477
-0.835028
0.0358939
0.450046
-0.395823
-0.10212
-0.112585
-0.883668
-0.0657972
-0.101162
0.449487
0.152378
-0.474649
1.06054
0.836284
-0.568339
-0.457913
-0.648398
-0.647248
0.0107373
-1.47607
-0.0958142
-0.295901
-0.142415
0.260137
1.05245
0.214352
-0.706865
-0.0815978
-0.108447
0.139509
0.513898
-0.769028
0.316889
0.852151
-0.178628
0.112177
0.708839
0.475572
-0.528493
-0.571331
-0.0778482
-1.59023
-0.799164
0.101863
-0.213064
0.138631
-1.27724
-0.229877
-0.486654
-1.00814
-0.690844
0.149095
-0.373509
0.669889
0.72805
0.346113
0.662295
-0.388957
-0.0630372
0.473941
-0.23644
-0.767933
1.27259
-0.451459
-0.386557
0.267736
0.574125
0.299245
0.484551
0.461934
-0.0570457
-0.333926
0.0967856
-0.425942
0.00277207
-1.10459
0.0452122
-0.44268
0.522798
0.31762
0.602394
-0.124328
0.951077
1.02483
-0.593523
-0.218135
0.578766
-1.05532
-0.421591
0.330525
0.867202
-0.114481
-0.630774
0.371447
0.523808
0.158145
-0.141422
-0.300653
0.260656
-0.905402
0.0871371
0.214864
-0.427027
0.179383
-0.342614
0.00318878
-0.306025
0.332289
0.106291
0.382929
0.888552
0.66121
-0.171508
0.369433
-0.0642429
-0.657792
-0.401904
0.149203
0.0760558
-0.0524301
-0.320022
0.300246
-0.190145
-0.816775
-0.27833
0.624463
0.267337
-0.198242
-0.940503
0.186911
-0.133917
0.109695
0.177077
0.801944
0.0384479
0.214825
-0.979131
0.948459
-0.264099
0.372166
0.179011
-0.568281
0.0831792
0.044655
0.37042
-0.630797
0.95282
0.900538
-0.0275463
0.436949
0.322334
-0.153336
-0.153259
0.191118
-0.293993
0.335725
0.26603
0.491563
-0.154729
0.933338
0.0784437
0.360935
-0.199162
-0.0383198
0.473259
-0.424726
-0.373375
-0.439624
-0.933169
-0.675038
-0.489758
0.204727
0.279468
0.191081
-0.285989
0.826072
0.275188
-0.243607
0.750887
-0.0954594
0.327777
-0.200839
-0.153103
-0.634896
-0.531957
-0.398644
-0.403352
0.294576
0.419434
0.663523
-0.0864403
0.180095
-0.823511
-0.120618
-0.147145
-0.0951465
0.96718
0.961228
1.04873
0.303974
0.330252
0.933296
0.440985
0.838597
-1.03077
0.197607
0.834697
-0.782409
-1.34724
-0.629883
-0.0527744
0.0764943
-0.767881
0.0107723
0.202307
-0.0765942
-0.769617
-0.363366
-0.569355
0.104904
0.1135
-0.265283
-0.386455
1.11608
0.23139
-0.326409
0.421279
0.568071
0.299165
0.0604589
-0.473617
-0.515847
-0.654374
0.786308
0.551909
-0.363175
-0.422433
-0.232943
-0.116265
-0.831983
0.374165
0.0166016
0.053268
-0.109553
-0.323297
-0.670635
0.317566
1.31884
-0.448285
-0.577281
0.38607
0.305492
-0.30655
-0.415894
0.833481
-0.414874
0.105538
-0.299489
0.302936
0.606526
-0.252104
0.0209474
-0.253504
0.615228
0.00637627
-0.214343
0.162034
-0.878031
-0.14528
0.510447
1.01171
-0.643118
0.058225
0.22211
0.236788
-0.444378
-0.592097
0.438996
0.551422
0.303917
-0.161227
-0.58623
-0.0762316
1.02835
-0.498483
0.418712
0.106055
0.472641
0.270087
-0.383731
0.793084
0.137586
-0.365606
0.465319
-0.239083
1.29487
0.664855
-1.10063
0.736383
-1.25709
0.373659
0.132949
0.0629086
0.250377
-0.349497
0.208785
-0.0216592
-0.870414
0.880986
0.0107624
0.409354
0.453309
-0.372405
1.0129
-0.193851
-0.517906
0.174702
-0.848917
0.656687
-0.188684
-0.102486
-0.351125
0.452548
-1.06104
0.648921
0.254386
0.856382
-0.579238
0.43624
-0.627925
-0.321376
0.368548
0.226936
-0.772074
-0.129261
-0.294376
-0.133083
-0.924892
0.111077
0.167416
0.0077098
-0.193401
-0.414449
-0.179409
-0.00463662
-0.319997
-0.146149
-0.300016
0.0181637
-0.488108
-0.226795
-0.548089
0.905722
0.412628
0.754951
0.0496854
0.368276
-0.195271
0.416846
-0.724346
0.143782
-1.05069
0.926124
-0.0798331
0.0636319
0.61452
-0.215428
-0.310206
-0.212796
0.634408
0.145738
0.297744
-0.0473683
0.21432
0.0630825
0.144459
1.04427
0.356113
0.293886
-0.0400023
0.194902
-0.042923
-0.229508
0.066192
0.211399
0.385222
-0.549431
-0.433041
1.195
0.430489
-0.413627
-0.430801
0.0572074
0.243657
0.199316
0.037801
-0.357491
0.355426
-0.374005
0.2742
-0.788875
-0.956784
0.418717
-0.0926721
-0.155447
0.298898
-0.453158
-0.170473
-0.64262
-0.448499
1.0309
-0.449645
-0.201084
-0.0249178
-0.609603
-0.467237
-1.06659
-0.474936
0.171375
0.0888746
-0.115951
0.29991
0.440274
-0.0929126
-0.444493
-0.327966
-0.424743
-0.373005
0.34159
-0.497548
0.612486
0.0145711
-0.555897
0.748014
-0.359815
0.198302
-0.0124221
-0.0962451
-0.161021
-0.412785
0.211839
-0.548789
-0.328853
-0.558703
0.0925714
-0.556139
-0.325266
0.332256
0.514555
0.504776
-0.238552
0.233216
-0.469064
-0.334847
-0.202217
0.163283
-0.308294
-0.61911
0.576847
0.89294
0.187758
-0.960748
-0.490487
0.247658
0.129196
-0.993327
-0.556724
0.497341
-0.129215
1.34406
0.147561
0.60719
0.208535
0.125845
-0.815603
0.48142
0.672056
-0.157614
0.795198
-0.0443469
-0.190057
0.543274
0.115868
-0.0674191
0.559406
0.358688
-0.28324
0.528816
-0.379032
-0.222114
0.950168
-0.162017
-0.192392
0.0128017
-0.449447
-0.446247
0.320753
-0.355681
-0.16548
-0.663439
0.909169
-0.116368
-0.20966
-0.129658
-0.552753
-0.103885
-0.20192
0.0306307
-0.0329749
0.0547621
0.801863
-0.178644
-0.129465
-0.17268
-0.501428
0.592559
0.313154
0.477704
-0.14167
-0.777726
-0.697006
0.14661
0.28067
-0.127526
1.00102
-0.477247
-0.122682
1.26824
-1.65804
-0.00309679
0.206894
-0.304855
0.301875
-1.04377
1.08487
-0.542833
0.450589
0.277429
-0.301391
0.561746
0.183466
-0.103366
-0.0679793
0.452313
0.624215
0.319564
0.319812
0.0141949
1.10029
-0.120888
-0.280395
0.0893695
-0.429609
0.520902
0.0451553
-1.18039
1.01164
0.3873
-0.477202
0.373951
0.243343
-0.962621
0.562758
0.467134
-0.272777
-0.211904
-0.525922
-0.67038
-0.0886256
0.195403
1.22142
0.300459
-0.194949
-0.764517
0.168084
-0.517139
0.339248
0.427426
0.049542
0.177437
-0.601733
0.131505
0.231358
-0.0503033
-0.347804
-0.723122
-0.540359
0.293528
0.232521
-0.1777
0.0891115
0.284426
0.216648
-0.590283
0.329597
-0.233168
-0.111208
-0.268329
0.531046
0.145016
0.121092
0.473322
0.0473693
0.85872
-1.03292
0.0235353
0.252123
0.461966
-0.442781
-0.477943
0.525746
-0.870418
-0.872015
0.403247
0.0613025
0.0474776
-0.230824
-0.677966
0.234841
-0.841303
0.418907
0.273832
-0.346235
0.223846
-0.440162
-0.394986
0.486989
-0.873257
-0.0317613
1.06683
-0.25909
0.0240162
0.764922
0.412405
-0.123181
-0.276965
0.0663695
-0.158256
0.58154
-0.425263
0.0554088
-0.0825336
0.696207
-0.6748
0.371866
0.0122801
-1.03942
-0.176674
-0.319294
0.506721
-0.617311
0.432837
-0.0463797
-0.229575
-0.680767
0.966411
-0.435848
0.409275
0.0737359
-0.643484
-0.413129
-0.399336
-0.389664
0.366511
-0.680003
0.818712
-0.0865572
0.0555118
0.379411
-1.1373
0.0353836
-0.14169
-0.434584
0.110869
-0.967672
0.344889
-0.230014
0.65788
-0.110334
0.250917
-0.6931
-0.222891
0.241543
0.0289217
0.682025
0.64333
-0.278451
-0.616609
-0.15582
-0.082794
0.54975
0.285288
0.0883434
-0.639797
0.810588
-1.1423
0.118985
0.37909
0.0752558
0.29843
0.303335
-0.169001
0.268486
-0.203502
-0.222011
0.482073
-0.553548
0.000373025
-0.133684
0.209135
0.645963
-0.902089
0.0804824
0.139234
0.485489
-0.285769
-0.119303
-0.680615
0.399956
0.652981
0.293364
-0.211562
0.284027
-0.287544
0.71756
0.669739
0.572698
-0.833524
0.976916
-0.240976
0.27479
0.263171
-0.229452
-0.360047
-0.481887
-0.310256
-0.210354
-0.276585
0.510059
0.374877
0.436311
0.245445
-0.0434037
0.454064
-0.915894
0.00116606
-0.192417
0.0604971
-0.238519
0.240054
-0.291683
0.301624
0.969368
-0.137571
0.286419
0.648116
-0.300185
-0.851201
0.294749
0.014378
0.400759
-0.505174
-0.357424
-0.225444
-0.0587129
-0.479086
-0.850134
0.17584
0.379077
-0.581188
-0.928109
0.399971
0.706682
-0.0469544
-0.44037
-0.212066
0.0992185
0.0560501
0.150977
-0.166089
-0.254338
-0.891542
1.28159
-0.611772
-0.103667
-0.10299
-0.263394
-0.0838743
-0.551717
0.0294651
-0.0613429
0.962846
-0.678503
-0.908838
0.0576064
-0.180298
-0.762997
-0.0281481
-0.0719727
0.871464
-0.27506
0.815238
0.494199
0.0525088
0.449148
-0.17395
-0.209013
0.136952
-0.444785
-1.23253
0.00901148
-0.460672
-1.21542
0.500072
0.0388016
-0.469717
0.359042
-0.767982
0.0992656
1.19976
-0.289157
0.249398
-0.166741
0.132274
0.21189
-0.248683
0.19882
-0.468003
0.534209
-0.423072
-0.231933
1.26337
-0.3886
-0.834699
0.346535
-0.262025
0.558392
-0.46795
-0.197208
-0.469967
0.264069
0.146486
-0.698398
0.206901
0.688227
0.396939
-0.189091
0.0798956
0.53224
0.0666558
-0.0671051
-0.4888
0.0778179
0.675279
0.3187
1.23686
-0.129255
-0.255896
-1.12396
-0.115856
-0.945175
-0.254218
-0.531331
-0.270854
-0.133051
-0.22883
-0.536641
0.376422
-0.52694
-0.182005
-0.113012
-0.181433
0.235752
0.776796
0.470373
0.519863
0.141611
-0.121993
-0.769316
-0.317698
-0.334244
-0.296376
-0.917647
-1.07776
0.0685713
0.746948
-0.675133
-1.07493
0.069064
0.179696
-0.369483
-0.380117
-0.114619
-0.10108
-0.49909
-0.341361
-0.501631
-0.505192
-0.126616
0.537002
-0.654608
0.214707
0.0775264
-0.213286
-0.37001
-0.475237
-0.154853
0.47798
0.786396
-0.150534
-0.338228
-1.08357
0.109955
0.0752213
-0.592305
0.358728
1.09504
0.409224
-0.338665
0.546664
-0.192513
0.129887
0.178922
-0.181926
0.142507
-0.663844
-0.216162
-0.753131
0.0474013
-0.992626
0.470596
0.141771
-0.654552
0.374789
-0.0919391
-0.0836013
-0.0626775
0.137931
-0.153622
-0.33055
-0.156225
0.140319
-0.13685
-0.130004
-0.361685
-0.267433
1.06242
0.315581
0.11196
0.164231
0.0761964
-0.521741
0.126409
-0.475307
-0.576085
-0.133796
0.558727
-0.756888
0.582911
-0.627618
0.305718
0.064576
-0.0520963
-0.240603
0.537386
0.3427
0.788959
0.624056
-0.195406
0.299823
0.750525
-0.0344635
0.283109
-0.414871
-0.222481
-0.189532
0.433361
-0.674868
0.0495619
-0.430822
-0.971728
-0.507979
0.203055
0.85705
0.268195
-0.28089
0.488185
0.118223
0.42787
0.256475
-0.0565881
-0.74497
-0.24985
0.175481
0.847739
0.274189
0.0331397
0.308527
-0.0291275
-0.12221
-0.0920857
0.302668
-0.0518357
1.38814
0.333971
-0.759243
0.300115
-0.43546
0.574992
-0.321771
-0.722225
0.390519
0.326026
-0.323259
-0.268953
0.439337
0.29174
0.359855
-0.201158
-0.400197
0.344352
0.721054
-1.3127
0.489344
0.649112
0.732503
0.0484588
0.396576
0.233387
-0.444042
0.328611
0.0100887
0.869048
-0.206098
-0.636747
0.312123
-0.435715
-0.817416
0.338276
0.525092
-0.682394
-0.312198
-0.336199
-0.547682
0.675082
-0.279044
0.0770274
-0.663355
0.535367
0.534016
-0.0700065
-0.393793
0.562916
-0.441262
0.0036662
-0.345687
0.101101
0.183976
0.158844
-0.191359
-0.481392
-0.157035
-0.438474
-0.0749497
0.145057
0.134556
-0.197734
0.0988379
-0.39551
-0.27788
0.902283
0.416188
-0.367549
0.424834
0.0846348
-0.368595
-0.197829
0.15375
0.242457
-0.405776
0.163553
-0.439394
-0.0679984
-0.518893
-0.361562
-0.35822
0.138903
-0.415266
-0.193373
0.711953
-0.985298
0.0584235
0.219473
-0.756201
0.584607
0.0884771
0.262012
0.987577
-0.298685
-0.624652
-0.224446
-0.229555
-0.0420029
-0.895265
0.064719
0.554733
-0.47411
-0.0140908
0.279599
0.0702459
0.423462
-0.193552
-0.444813
-0.26524
-0.185486
-0.341697
0.419688
-0.430055
0.670303
-0.941621
-0.178913
0.0932063
-0.229756
-0.867897
-0.37489
-0.129704
0.116531
-0.773788
-0.384649
-0.301052
-1.1866
0.919692
-0.0450871
0.999157
0.0593836
0.136439
-0.61197
-0.688263
-0.110069
0.430791
0.113118
-0.115943
-0.629159
-0.0278206
0.0259566
0.458263
0.255049
-0.0236973
-0.47136
0.332925
0.744972
-0.0378268
0.589264
-0.422191
-0.699089
0.23649
-0.316249
-0.0912378
0.237667
0.485925
-0.556566
0.315729
-0.201996
-0.135708
-0.0487377
0.986074
-0.468961
-0.046094
0.380663
-0.789363
-0.746042
0.95065
0.190874
0.408102
-0.199757
0.109939
0.432009
0.258717
0.183506
0.0617904
-0.683755
0.302223
-0.527186
-0.0655026
-0.305671
-0.470408
-0.0330512
0.0655163
0.463035
0.731895
0.310372
-0.487112
0.43415
-0.183895
-0.242179
-0.942851
-0.357637
0.145354
0.151774
0.544619
0.114955
0.484936
-0.532641
-0.200353
-0.25095
-0.238512
-0.224791
0.0474572
-0.572533
0.119905
0.819472
-0.0459977
0.117515
1.02747
0.359575
-0.341508
0.812074
1.78979
-0.308117
-0.061315
0.0957457
-0.64641
-0.0708317
-0.533036
0.0407734
-0.0621176
0.868601
1.15996
-0.129755
0.219111
-0.00209919
-0.441165
-0.0267612
0.704939
0.441292
0.425063
-0.294214
-0.386289
-0.672361
0.607588
0.95595
-0.264004
-0.527831
-0.756478
0.0718508
-0.775053
-0.877042
-0.541575
0.67217
-0.053402
-0.266221
-0.350556
-0.125503
-0.171887
-0.0453197
0.395073
-0.560813
0.50145
0.194049
0.205605
0.430411
-0.0025118
0.456228
0.368412
0.569715
-0.361791
0.143989
0.866678
0.021007
-0.315202
-0.313804
-0.3386
0.70098
-0.413845
-0.237457
-1.32901
0.557159
-0.38136
-0.0833899
-0.404457
0.0425405
-0.582641
-0.47048
0.0673816
0.00822871
-0.256617
-0.107025
-0.541014
-0.038314
-0.239227
0.758425
0.0187111
-0.0036666
0.149087
-0.480713
-0.0539129
-0.0572451
-0.393963
0.210198
-0.233143
-0.583376
-1.13599
0.0866324
-0.298431
0.74647
-0.401779
0.485536
-0.124985
-0.922464
0.0463784
0.306602
0.0834428
-0.451202
-0.398176
-0.381743
0.119058
0.0641578
-0.630874
-0.307424
-0.137154
-0.0226891
0.204712
-0.972864
0.380102
-0.692976
0.605296
-0.7794
-0.462628
-0.170522
-0.2611
0.708016
0.302675
0.0777579
-0.090148
0.132263
-0.0563123
-0.907434
-0.224818
0.435359
0.0837105
0.174869
0.00588643
0.0495624
0.846782
-0.0441966
-0.441613
-0.104741
0.195631
0.469233
-0.080636
1.0034
0.196734
0.718527
-0.0630303
0.269612
0.377686
0.322731
0.332173
-0.133188
0.488588
0.0455602
0.160996
0.134104
0.0194398
1.07481
-0.361503
0.383475
-0.427075
0.214257
-0.0605424
-0.188284
0.779585
0.404961
0.252732
0.387842
0.271644
-0.513885
0.652312
-0.0470643
-0.482404
-0.0922082
0.263899
0.0794139
0.959742
0.206365
-1.12365
0.449376
0.022877
0.510537
0.0308034
0.616908
0.287377
1.54743
0.47748
0.115069
-0.0809612
-0.826927
-0.276485
0.0227615
0.332071
-0.386316
0.367119
-0.790341
-0.0708327
0.316567
0.462391
0.135975
0.373078
-0.377396
-0.0215264
1.08945
0.0491781
-0.591224
-0.0417755
-1.17494
-0.0733781
-0.506602
0.676447
-0.198798
0.421606
-0.0293843
0.124693
0.192161
-0.446858
-0.191493
0.311238
-0.123041
0.459726
-0.821652
0.505882
-0.136032
-0.0728694
-0.308816
0.489794
-0.746361
0.0607862
0.651005
-0.87714
0.959805
0.224274
-0.587023
0.0915944
-0.293971
-0.12661
-0.452797
-0.0361357
0.192799
0.645982
-0.100921
-0.0804386
-0.271915
0.16938
-0.2481
-0.290756
0.242797
0.307448
-0.180444
-0.277638
0.0286528
-0.229891
-0.30731
-0.168939
-0.166902
-0.196027
-0.0574493
-0.126024
-0.313105
-0.131833
0.666615
-0.283999
-0.640859
0.389765
0.345105
-0.603075
1.36426
-0.548
-0.223586
0.382031
-0.188809
-0.144013
-0.828962
-0.143864
0.259595
-0.545865
-0.0458182
0.328475
0.126911
-0.964081
-0.108919
0.228623
-0.0448488
0.261099
-0.126388
0.461904
0.139072
1.03713
0.0813912
0.408571
-0.171191
-0.213271
-0.526114
-0.0971044
-0.352333
0.230142
-0.342265
0.359295
-0.286275
0.0339423
-0.327197
-0.0278061
0.646892
0.596888
-0.543473
-0.0210025
-0.846998
0.30936
0.967188
-0.43977
-0.702835
-0.483421
0.0647171
-0.288319
0.581554
0.607607
0.682653
-0.773725
0.24809
0.203575
-0.677812
-0.176514
0.442193
0.322938
0.260138
-0.0501331
-0.212923
0.374503
-0.267916
-0.873899
-0.848567
-0.379496
-0.364065
-0.160766
0.718887
0.353403
0.395114
0.662004
0.0457419
-0.16331
-0.319716
0.026012
-0.146739
0.908612
-1.28711
-0.422019
-0.0346889
-0.422566
-0.0180812
0.154693
-0.175359
0.747047
0.424944
-0.603978
-0.10381
0.2758
-0.126788
0.0105233
-0.297812
-0.0359577
0.314612
-0.147442
0.390533
0.44244
0.301733
0.015948
0.0903014
-0.0965977
-0.735009
-0.743486
0.776168
-0.00701022
0.586117
0.170453
0.491034
0.245483
-0.245699
-0.319174
-0.138543
-0.382644
0.551171
0.0640645
-0.224999
0.0875259
0.226642
-0.0358139
0.126375
-0.28808
0.953602
-0.412433
0.953842
-0.904323
-0.459937
-0.497005
-0.478851
0.393733
-0.0785806
0.406917
0.0539611
0.313737
0.386432
-0.0161552
-0.078602
-0.384126
0.526063
-1.08104
-0.202834
-0.235333
0.448877
0.39937
-0.269452
0.0905671
0.152886
-0.32447
0.23745
-0.755901
-0.480343
-0.459861
-0.045072
-0.0417821
-0.84694
-0.686798
-0.654689
0.464789
-0.0182676
-0.113599
-0.833357
-0.448809
-0.276334
-0.420719
0.536879
-0.295414
0.615863
0.592562
0.98444
0.929155
-0.454812
-0.260227
-0.925018
-0.0590514
0.276821
0.295712
-0.273573
-0.101351
0.278183
0.462962
-0.10279
-0.186766
-0.288055
0.259745
-0.488471
-0.602497
0.650043
-0.388588
-0.406161
0.903406
-0.238819
0.0867868
0.546564
0.112112
-0.328615
-0.16923
0.155375
-0.237989
0.165396
0.288244
0.732277
-0.951486
-0.146548
-1.2915
0.527619
-0.127885
-0.317347
0.66514
0.447333
-0.169315
0.325622
-0.337471
-0.110279
-1.19323
0.395144
0.0337601
-0.00293154
-0.558014
-0.182115
0.262921
-0.246733
0.273734
-0.1078
-0.327706
-0.665319
0.779398
-0.507185
0.385778
0.342033
-0.755637
-0.191336
-0.771927
-0.581935
0.942335
-0.128743
0.557614
1.25952
0.0203826
0.244738
0.410848
0.78134
0.0459942
0.560432
0.268331
-0.112917
0.244208
-0.267864
-0.210133
0.440284
0.276592
0.74285
0.0316974
0.973482
0.86207
-0.618814
0.208481
0.354211
0.222643
-0.203816
0.504046
0.290736
0.483416
-0.152635
0.284845
0.586559
-0.304312
0.588029
0.506583
0.609466
0.640732
-0.757734
0.509713
-0.276872
-0.0622423
0.325608
-0.0571572
-0.2527
1.34164
0.066605
-0.324899
0.755211
-0.613094
0.624208
-0.691306
-0.153993
0.00320869
0.251188
-0.261667
0.307887
-0.191447
-0.291733
-0.227642
0.69684
-0.557858
-1.29605
-0.771694
0.386434
0.836583
-0.144368
-0.129214
-0.387586
0.187985
0.0959712
-0.285118
0.00100777
-0.550647
0.0766885
0.211531
-0.36656
0.263338
0.520409
-0.620144
-0.0851562
-0.926855
0.653726
0.42939
-0.0230758
-0.081569
-0.465092
-0.238563
-0.105639
0.188151
-0.675906
0.308646
-0.424978
0.0841475
-0.926437
0.0996589
-0.264426
0.478645
-0.295788
-0.0148882
0.180031
1.04251
-0.389543
-0.35899
0.0191452
-0.707644
-0.730265
0.207672
-0.336828
-0.136832
-0.757308
-0.678897
0.694007
-0.128015
0.201257
-0.403357
-0.24967
0.217887
-0.326228
0.287096
0.137589
-0.266931
0.410127
-0.116018
-0.570374
-0.15642
0.098212
0.482766
0.669669
-0.849747
1.26462
0.916895
0.783246
0.0837531
-0.212073
0.584116
-0.183912
1.10373
0.434914
0.269897
0.763719
-0.309696
0.544718
0.553886
-0.200665
-1.63813
0.0366605
-0.108779
0.343782
-0.275158
-0.370912
-0.519721
-1.11704
0.96164
0.485784
0.213538
1.0282
-0.0904703
0.153425
0.543377
-0.70187
-0.592695
-0.172056
0.357179
0.477147
-0.52416
0.0930849
-0.133256
-0.0790441
-0.0034564
-0.150113
0.37615
0.417707
0.450733
0.154554
-0.27984
-0.0305596
-0.343947
0.199023
-0.478127
0.86623
0.761745
-1.04894
0.551824
0.147944
0.866471
0.277866
-0.212984
-0.352978
-0.743698
-0.276438
0.257013
-0.679875
0.622114
0.946272
-0.0609453
0.198187
-0.226116
0.278011
-1.13047
0.297322
-0.00893691
-1.25917
0.127136
0.329507
0.115404
-0.440972
-0.320712
-0.62743
-0.51395
0.378109
0.178208
-0.295052
0.897755
-0.481844
-0.137351
-0.249843
-0.248435
0.445809
-0.683783
0.384951
0.510956
0.125878
-0.199126
0.718303
0.557663
0.558762
0.301753
0.261036
-0.405137
0.180454
0.0968686
0.0128517
0.0221281
-0.489798
0.389202
0.543824
-0.470495
-0.749981
0.39108
-0.516559
-0.964075
-0.636643
0.592186
-0.488546
-0.936934
-0.0928885
-0.0558028
-1.04116
-0.162639
-0.0262821
-0.0544764
-0.808859
0.342276
0.509909
0.168325
0.0887502
-0.118351
-0.317215
0.699089
0.927335
1.12759
0.360419
-0.357623
-0.56594
-0.409759
0.59696
-0.0404254
0.917906
0.308627
-0.32237
-0.411335
-0.642146
-0.199217
0.699768
0.327461
-0.267567
0.192606
-0.452577
0.37829
0.528361
0.462182
-0.614005
-0.445971
0.587676
-0.243276
-0.614704
0.509277
-0.231144
0.597329
0.504552
-0.256326
0.365692
-0.049914
-0.711871
-0.21571
-0.188213
-0.256269
0.0255062
0.399241
-0.106623
0.452637
0.00644793
-0.494498
0.0707819
0.733471
0.1051
0.482223
0.910146
0.516194
-0.475296
-0.115423
-1.20717
-0.933508
-0.224218
-0.270863
0.149837
-0.0860864
-0.66158
0.509892
-0.236817
-0.991477
0.59326
-0.48797
0.210665
0.50892
0.910703
0.438218
-1.02582
0.494181
0.221976
-0.391062
-0.175355
0.580768
-0.358175
0.00970251
-0.976746
0.620445
-0.223567
0.317511
0.147795
0.143977
-0.559179
0.610833
-0.287963
-0.369682
0.0152168
0.352801
-0.603974
0.351464
-0.525377
-0.603268
0.912898
0.833519
-0.513282
0.0477619
0.185052
-0.434853
-0.958932
-0.247009
0.679035
-0.0384056
0.403325
-0.117491
0.080238
-0.500255
-0.382489
-0.00339623
0.0470854
0.0580167
-0.192334
0.485216
-0.81647
0.728471
-0.89531
0.377037
-1.34133
0.401504
-0.33437
-0.0172569
0.684793
0.0512322
0.11378
-0.162164
-0.392051
-0.368767
0.412154
0.0493651
0.604594
-0.100869
-1.04097
0.529446
-0.301185
0.934666
-0.247893
-0.842868
0.339959
-7.65022e-005
-0.761347
1.03502
0.155244
-0.486215
-0.92193
0.111526
0.53185
0.0344212
-0.0630098
-0.0933338
0.790947
-0.473146
-0.389435
0.0887439
-0.805457
0.374507
0.301753
0.495918
-0.283535
0.0791149
0.13814
-0.446577
-0.302403
0.928096
-0.677163
-0.345829
0.350126
0.73848
0.0542603
0.336668
-0.960226
1.07998
0.394881
0.291253
0.179389
0.377948
0.794432
1.18526
-0.526811
0.222102
0.113454
-0.810347
0.191341
0.0617274
-0.248905
-0.0277279
0.302718
0.377045
-0.656026
-0.242318
-0.627647
0.955636
-0.242313
-0.649869
0.0777201
0.666288
0.475886
0.187199
-0.0818498
0.799004
0.400753
-0.28935
0.0622968
-0.469251
0.00109472
0.695989
0.56094
-0.602281
0.0537232
-0.249651
0.018106
0.43277
-0.663179
-0.0697764
0.455855
-0.350136
1.07673
0.247798
-0.980902
0.118679
-0.107179
0.603104
-0.777703
-0.796516
-0.483167
-0.228224
0.661822
-0.294994
0.213998
-0.368088
-0.392047
-0.586779
-0.25623
0.307884
-0.0898722
-0.256365
-0.450639
-0.0500669
0.368035
-0.127893
0.200027
0.296433
0.749607
0.276096
0.115071
0.233064
-0.174538
-0.730642
-0.598557
0.241577
0.41527
0.576969
0.0427285
-0.668455
-0.549561
0.626792
0.312424
-0.297245
0.154043
-0.325557
-0.93596
0.810974
0.237061
1.23268
-0.28709
0.336377
-0.973905
-0.308701
0.0879583
0.333906
0.81237
-0.479619
0.220756
0.763218
0.0252886
-0.778442
-0.0837001
0.0950592
0.728915
-0.736819
1.13693
1.91285
0.32914
0.129889
0.13658
0.245771
0.165414
0.672926
0.581896
0.927732
0.731579
-0.243417
-0.44103
-0.46204
0.167816
-0.14679
0.41347
-0.412778
0.688265
-0.015334
-0.113864
-0.12215
-0.0147999
0.251062
0.0762288
-0.245794
-0.611551
0.427806
-0.455557
0.530692
0.82911
0.893044
0.226364
-0.614532
-0.714537
0.347117
0.732085
-0.0289737
0.125123
0.140731
-0.19481
0.441549
-0.30192
-0.0509913
-0.89564
-0.277543
-0.753919
0.0976399
0.137008
-0.240869
0.60888
-0.257776
-0.373551
-0.872989
-0.929149
0.0514641
0.288323
0.139483
-0.821475
0.529303
-0.433647
-0.67455
-0.00514503
-0.227287
0.380618
-0.419147
0.0869055
-0.327826
0.402001
0.0327696
0.2305
0.211803
0.70537
-0.304429
0.0203312
0.430939
-0.411622
0.543206
0.0820262
0.333473
0.68093
0.780321
0.514053
-0.502473
-0.258041
0.209411
-0.348361
0.151709
-0.287353
-0.250332
0.310964
0.482125
0.0406812
-0.258126
0.530139
-0.00775147
-0.932028
-0.589745
1.0231
-0.561182
0.432631
-0.617596
0.231681
-0.292589
0.174297
-0.33663
0.205004
-0.162343
-0.186854
0.438894
0.271471
0.570946
0.244573
-0.419217
0.236567
0.102394
0.0214964
0.673525
0.25
-0.0182342
0.936621
-0.113271
0.426214
0.171179
-0.86126
0.183394
0.963319
-0.265683
-0.0648273
-0.15879
0.406011
-0.308401
0.412061
0.531824
0.409558
-0.607739
0.147708
-0.0380877
0.697633
0.350611
-0.441509
0.0848519
0.324993
0.208466
0.377019
-0.183435
-0.829778
-0.0318929
1.0074
0.149174
-0.352463
0.220438
-0.618793
-0.0297889
-0.0849585
0.190576
-0.0604441
-0.552447
0.196975
0.0438827
-0.472524
-0.237062
-0.0304816
-0.0435947
-0.25909
-0.332232
-0.459398
-0.591666
-0.12378
-0.463797
-0.473191
-0.274815
0.423166
-0.228005
-0.13446
-0.060708
1.07026
0.569615
-0.991854
-0.614697
-0.177797
-0.754765
0.276695
0.447932
0.502186
-0.789874
0.716188
-0.531964
0.808893
-0.0392376
0.778412
-0.226212
0.333643
-0.334972
-0.462449
0.0100629
-0.00645636
0.818654
-0.637684
1.21997
-0.147851
0.212212
0.80506
-0.550722
0.227975
-0.553316
-0.294225
-0.224409
-0.941179
1.16475
0.524773
0.741496
0.510645
-1.01335
-0.0772491
-1.07187
-0.0471191
-0.34341
0.0303995
-0.0543976
0.344629
-0.440523
0.33459
0.388504
-0.479157
0.172355
-0.121486
-0.309423
-0.450783
-0.818621
-0.212303
-0.345734
0.936171
-0.30617
-0.00049135
0.345399
0.959554
-0.0652208
1.19189
0.457377
0.50249
-0.0779625
-0.766331
-0.258582
-0.321598
-0.146156
-0.331425
0.666785
0.191331
-0.77346
-0.020509
-1.04078
-0.387454
-0.192711
-0.666324
-0.62754
-0.171856
-0.821949
0.594909
0.450845
-0.0332725
-0.731736
-0.487575
-0.028892
-1.22465
-0.550964
0.0967312
-0.0426412
0.0432081
0.106151
-0.485408
0.21387
-0.252275
-0.201952
-0.352194
-0.0652791
0.736244
0.616294
-0.59815
0.755207
-0.435921
-0.318953
-0.820837
0.280642
-0.109244
0.01643
-0.458156
0.100849
0.446494
-0.452258
0.30795
0.267617
-0.0946471
-0.412252
0.602438
-0.32781
-0.792987
0.700046
0.381216
-0.169819
0.428062
-0.496248
-0.232479
0.987458
0.245362
-0.188282
0.227744
-0.365036
0.357506
-0.124269
-0.0412839
-0.0139072
-0.11482
-0.215119
-0.397595
-0.161015
0.278048
-0.246658
-0.647291
-0.0117158
-0.307428
0.141581
-0.0768469
0.250528
0.106146
0.634375
1.07989
-0.719815
-0.391306
0.198195
-1.39106
0.59054
0.672615
-0.680106
-0.768494
0.0492708
-0.644738
-0.567464
-0.526571
0.0404407
-0.569521
0.163451
-0.933965
-0.232528
-0.725313
0.143961
0.449767
-0.107379
-0.606165
-0.508704
-0.57686
-0.396396
0.00185439
-0.937542
-0.277999
1.01318
-0.0290787
0.40685
-0.830176
-0.354404
1.29588
-0.187506
0.0671275
0.513175
0.0629726
-0.718716
0.036312
-0.73668
0.227742
-0.936451
0.339422
-0.220398
0.255728
0.714038
-0.0810115
0.212531
-0.270899
0.787884
0.599108
0.284554
-0.210703
-0.757537
-0.120744
-0.112549
0.0854877
0.759209
-1.09871
-0.142418
-0.729626
0.958868
0.292982
0.68308
0.00233515
-0.261665
0.634502
0.703879
-0.0905883
-0.260334
-0.260616
0.115956
-0.422642
-0.396254
0.0840155
-0.64211
0.0332526
-0.390804
-0.396296
-0.192046
-0.0245897
0.0551957
0.316306
0.157937
0.935329
0.623987
0.0923423
-1.03373
-0.135905
1.06311
-0.253606
0.558291
0.180884
-0.118911
0.421088
0.656654
0.121321
0.499203
0.315381
-0.0955661
0.279281
-0.368951
-0.555414
-0.790648
-0.935909
0.431947
0.420938
-0.250552
0.052351
-0.0144306
-0.398421
1.02487
-0.74199
-0.0984585
-0.259381
1.38128
-0.666831
-0.0779431
0.887183
0.112688
-0.359375
0.225869
0.653062
-0.52072
0.428086
0.72209
-0.1612
-0.775949
-0.0893924
0.0249495
-0.908644
0.211444
-0.242072
-0.54597
0.48483
0.228465
-0.520152
0.236382
-0.346113
-0.0600816
-0.137062
0.28269
0.111517
0.138538
-0.366125
0.0364871
-0.140266
-0.145978
-0.0441144
-0.971141
-0.45683
-1.14101
0.345594
0.622578
-0.119403
0.142681
0.19429
-0.362099
0.105338
-0.0488831
0.0825989
-0.470926
-0.84744
0.852614
0.510696
0.443711
-1.27748
-0.948037
0.163981
0.621359
0.0596001
-0.409861
-0.31099
-0.0297542
0.941748
0.402336
-0.494582
-0.257043
-0.450886
0.502293
1.00717
0.606863
-0.250437
0.297985
0.0237526
0.193732
-0.0834398
0.234452
-0.754495
-0.777444
-0.321258
0.572888
-0.674513
-0.134309
-0.125812
-0.653906
0.188606
0.461031
-0.0618265
-0.251102
0.139821
-0.00207406
0.208131
-0.38754
0.0653538
0.655526
0.0679351
-0.216854
0.935485
-0.433433
-0.326493
-0.363083
-0.0262659
1.01598
0.196116
-0.79326
-0.37498
-0.358541
-0.18939
0.270102
-0.316458
0.691781
-0.48984
-0.290015
-0.768043
0.221364
0.258344
0.0702335
-0.304221
0.392755
-0.461717
0.606898
-0.884115
0.0183373
0.0617812
0.824897
-0.543029
0.523631
0.0525579
-0.614214
0.916006
0.196917
0.790518
-0.141268
-0.0595047
-0.224071
0.215091
-0.285501
0.146961
-0.531769
0.282447
0.242976
-0.513909
-1.07663
0.175918
0.588529
-0.605623
0.640898
-0.147555
0.171112
-1.28069
-0.363283
-0.457909
-0.102731
0.262149
-0.799739
0.352334
-0.495404
-0.0286521
0.519672
0.332494
0.602888
0.0468306
-0.802219
0.150629
0.666593
0.72314
0.0872589
-0.459211
0.292637
0.330527
-0.256915
0.327854
0.759465
-0.232794
-0.600935
-0.60807
-0.184895
0.379803
-0.864045
-0.55228
-0.301132
0.251302
0.863329
-0.940317
-0.0444588
0.255866
-0.325694
0.444963
0.466149
0.319119
-0.0778917
1.04416
0.0101352
-0.159027
0.223934
-0.682075
0.0296226
-0.232584
-0.0669894
-0.369146
-0.693681
-0.406898
-0.461187
-0.298746
-0.443269
0.498235
0.459589
-0.767618
-0.518461
0.865726
1.73963
-0.986925
0.539406
0.734326
-0.382424
0.0108604
-0.90374
0.504712
0.985094
-0.0778236
0.614959
-0.149698
-0.120055
-0.376966
-0.815663
-0.515736
-0.0208182
0.0465269
0.0876967
-0.889163
0.325177
0.774791
-0.621542
-0.337841
0.296271
0.402921
-0.645487
-1.14117
-0.708632
-0.356133
0.288252
0.219109
-0.642315
-1.04659
-0.0186937
0.733854
-0.000406674
-0.657766
0.688548
0.485603
-0.697901
-0.975083
0.00282563
1.62458
-0.112623
-0.787956
0.150571
0.0541618
0.399998
0.152803
0.0326677
0.858716
0.35377
0.174636
0.24751
0.365641
0.214562
-0.464245
-0.538924
-0.247345
0.418457
0.192015
0.133103
-0.147955
-0.410609
0.512633
-0.789
-0.58669
-0.142498
0.614324
-0.71998
-0.573624
-0.0431096
0.296533
-0.521971
-0.229684
0.365027
0.123446
-0.0892262
-0.74262
0.476161
0.320166
-0.431131
0.280986
-0.170903
0.365125
-0.159666
-0.452829
-0.03192
0.15059
0.623222
-0.0683394
0.774283
0.0557957
0.0289813
-0.458829
0.446039
-0.844981
-0.468122
1.18455
-0.0565757
-0.92986
-0.24405
-0.149407
0.138551
-0.55194
0.512892
0.490008
0.242024
-0.367365
-0.389032
0.316683
0.451702
0.528315
0.897026
-0.813069
-0.625952
-0.264738
0.854876
0.263908
0.676139
-0.555188
-0.259434
0.656963
-0.979497
-0.182124
0.78507
0.138666
0.654213
-0.161414
0.153948
-0.0880256
-0.0812715
0.249416
-0.112651
0.158976
-0.627889
-0.610906
-0.0507837
-0.378592
-0.0793403
0.356869
-0.418618
-0.449894
0.444867
0.557534
0.486481
-0.386929
0.219727
0.451637
0.238454
0.380786
0.85743
-0.662668
-0.370439
-0.477319
-0.514663
1.05063
0.232467
0.50867
0.404945
-0.995121
-0.710154
-1.11871
0.14669
-0.0354106
0.551696
-0.0955495
1.22039
-0.153617
-0.0573255
-1.05439
-0.187211
-0.261494
0.0485104
1.08099
0.604549
0.423159
0.539472
-0.389994
-0.459954
-0.49755
0.141617
0.688145
0.28196
0.559741
0.349306
0.169102
0.588575
-0.0902349
-0.261747
-0.369792
-0.808556
0.0858688
-0.670803
-0.308725
-0.243721
-0.491826
-0.642351
0.0796449
-0.235428
0.707329
0.672076
0.0184834
0.514548
0.789741
-0.300218
0.0489842
0.03115
-0.340255
0.332831
-0.139278
0.0587722
-0.0416555
0.375908
0.0480411
0.00451763
0.141879
0.422016
0.506927
1.00913
0.681956
0.5849
-0.44622
0.130916
0.185639
-0.411061
0.673542
0.462814
-0.322761
0.271545
0.315953
-0.256021
0.0606172
-0.758781
1.32646
-0.860299
0.283489
-0.406253
0.246132
-0.700222
-0.123576
-0.285092
0.470259
-0.358585
-0.422802
1.0312
-0.953387
-0.028931
0.538163
0.254762
-0.464198
-0.540796
-1.29366
-0.166415
-0.852845
-0.662004
0.55115
-0.254105
0.109508
-0.241991
0.761595
0.51539
0.864356
0.373055
-0.488966
0.0142384
-0.105845
0.212251
0.154841
-0.243057
0.67939
-0.56752
0.15989
-0.375547
0.181439
0.179859
0.108967
0.345941
-0.0172536
-0.734184
-0.13107
0.173381
0.694301
0.114942
-0.595126
0.285649
-0.0165347
0.0850268
-0.45459
-0.721857
-0.0575998
-0.083525
0.356688
0.320028
-0.18729
0.376853
0.0263903
0.277487
0.232273
0.179618
-0.0482997
-0.0776265
-0.513112
-0.353167
-0.370074
-1.00427
-0.249738
0.575141
-0.201812
-0.0342059
-0.116867
-0.392514
-0.793904
-0.0313207
0.190681
-1.17415
-1.39032
-0.608026
0.606074
-0.124194
-0.117342
0.465107
0.212182
0.887202
0.528056
-1.07521
-0.205093
0.341197
-0.469703
0.126541
1.25194
0.87791
-0.778069
-0.264729
0.717531
-0.255011
-0.145924
0.333019
-0.187268
0.363801
-0.067859
0.455878
-0.451111
-0.7754
0.189182
-0.151663
-0.311539
0.776506
0.399614
0.295377
0.360842
0.208499
0.648879
0.332656
0.442327
-0.0476
-0.921793
-0.146826
0.0816533
0.264538
-0.744507
0.211125
0.220458
-0.0175658
0.385693
-0.525818
-0.570987
0.32846
-0.33313
0.616562
1.35867
-0.559569
0.0863639
-0.83902
-0.252873
0.263691
-0.00289421
-1.04086
0.777686
-0.0412927
0.441445
0.0605288
-0.323309
0.121388
0.38949
-0.104804
-0.662403
0.364377
0.599115
-0.179586
-0.359615
-0.136334
0.0462852
0.197859
0.241141
-1.26404
0.304745
0.327254
-0.0205866
-0.247488
0.163414
0.495357
0.351099
1.03853
0.0166017
-0.294653
-0.621074
-0.0578551
-0.0847217
0.240106
0.435395
-0.160975
0.0990865
0.168492
-0.373021
0.452752
0.325225
-0.965554
1.4271
0.585472
1.09625
1.21624
0.318499
-0.330931
0.889006
0.144264
-0.776465
-0.196527
-0.126128
-0.654503
0.220272
-0.00780103
-0.235619
-0.537083
0.458791
-0.315621
0.186308
-0.598103
-0.512084
-0.0731378
0.744977
-0.114513
0.192756
0.213062
-0.0308739
0.11647
-0.554727
0.889741
-0.686837
-0.444597
0.0643345
-0.621835
-0.399899
-0.131736
0.241964
0.190688
0.376307
0.0200328
-0.686874
-0.731064
0.14634
0.0914689
-0.514799
0.269156
-0.408743
0.0811719
0.242761
-0.89622
-0.0323574
-0.0942037
-0.182123
0.5394
0.139989
-0.534948
0.277968
-1.02382
0.208243
-0.00470613
-0.727914
-0.120678
0.256283
0.498136
0.0142016
-0.0091018
0.450054
-0.71402
-0.218145
-0.046483
0.834182
0.173457
0.556306
-0.130991
0.799673
0.212591
0.275716
0.792198
0.66229
-0.393875
-0.15145
0.231304
-0.615306
0.299384
-0.852272
-0.0253199
0.981771
0.543873
0.471315
-0.0538969
0.231614
0.327866
0.25579
-0.0175386
-0.219276
0.340439
-0.315687
0.112278
-0.484421
0.0630771
-0.0159488
-0.44534
-0.147926
-0.0963039
-0.218359
-0.418609
0.0923413
-0.618019
0.101286
-0.0022606
-0.187102
-0.541046
0.536507
0.128882
0.532111
-0.241162
0.106958
-0.13839
-0.310187
-0.044628
-0.907437
-1.36357
-0.120072
-0.117369
0.179426
0.850864
-0.308308
-1.30794
-0.0115723
-0.137093
-0.82339
-0.152193
0.350297
0.632452
0.677735
-0.330422
-0.391495
0.802049
-0.431398
-0.657258
-0.28333
-0.12849
-0.0772262
0.30833
0.517795
0.700455
-0.11665
-0.143817
-0.429978
0.846873
1.00265
0.642692
-0.657086
0.451599
0.154727
0.784522
-0.161049
-0.143403
0.595728
0.0859044
0.587229
0.185308
0.227481
0.37448
-0.073266
-0.213531
0.240274
0.764208
0.493492
-0.55503
-0.210568
0.232174
-0.164203
0.0660989
0.00442956
-0.422263
-0.617865
0.18551
0.556482
-0.484634
-0.183423
-0.371399
0.240376
0.42759
-0.0889959
1.0862
-0.312321
0.324265
-0.331326
0.432431
-0.161166
0.545188
0.123905
0.478334
0.216105
0.716196
-0.563861
0.108535
0.160523
-0.424652
0.27062
0.266796
0.057682
-0.153811
-0.347194
0.0904288
-0.632021
-0.791496
0.310274
-0.914774
-0.184399
-0.525284
0.166157
0.199034
0.0910834
-0.36933
0.193899
0.266688
-0.169355
-0.413553
0.997793
0.183211
-0.290508
-0.0288489
0.191648
-0.763877
-0.623238
-0.515775
0.325519
-0.356636
-0.266367
0.410657
-0.689758
-0.109944
0.602818
0.534103
-0.330587
-0.736608
-0.293389
-0.399236
0.498367
1.31773
0.0504613
-0.144714
-0.084464
0.628299
-0.0713488
0.25914
0.185823
0.16969
0.353487
0.750731
0.384336
-0.433919
-0.0656182
0.338471
-0.894711
-1.24842
0.276561
0.443611
-0.42319
-0.504229
0.0675696
0.201678
-0.718132
-0.0196852
-0.563051
-0.000316941
-0.42475
-0.351601
-0.200039
-0.584551
2.06899e-005
0.554328
-0.76133
0.416216
0.27258
-0.632402
0.101226
0.143516
0.101306
-0.144794
-0.0324428
0.020398
0.0147776
-0.6613
0.626695
-0.47404
-0.00519113
-0.0865658
-0.419888
-0.471868
-1.42182
0.554296
-0.0827432
0.427021
0.964312
0.455758
-0.616695
-1.16665
0.747076
-0.426017
-0.354335
-0.170602
0.200921
-0.159853
-0.0881847
0.623705
-0.377539
-0.158032
-0.148089
-1.11419
0.416043
-0.548122
1.03065
-0.357182
0.269221
0.316035
0.782222
0.334875
-0.109549
-0.165227
0.205344
-0.160601
-0.507745
-0.225731
0.721597
-0.536994
-0.0731019
-0.106416
0.397772
-0.373521
0.0401802
0.531095
0.267777
-0.0897658
0.201707
-0.551708
0.372884
1.14795
-0.700264
-0.0877926
-0.192751
-0.491073
0.0189947
1.08998
0.262241
0.146845
-0.448948
0.773836
-0.329306
0.487898
0.521244
-0.95637
0.0380304
-0.0689221
0.114047
-0.414131
0.371724
0.329177
0.245621
-0.900586
-0.846653
-0.658947
-1.05811
0.160105
0.383703
0.648668
-0.208893
-0.452483
0.222404
-0.141213
0.216543
0.231868
-0.031782
-0.231774
0.100507
0.0260252
0.516582
0.666134
0.134816
-0.392197
-0.623593
-0.385085
-0.147303
0.746163
0.777756
-0.191238
-0.231941
0.593411
0.199587
-0.236517
0.479686
0.4606
0.259796
0.511563
-0.732916
-0.171022
-0.0890538
0.714785
-0.328477
-0.240537
0.310798
-1.31213
0.271956
-0.270958
-0.337907
0.0749142
0.412245
-0.681072
0.566675
-0.342969
0.243049
0.390398
0.527498
-0.648089
-0.510883
-0.099095
-0.628435
0.748078
0.505752
-0.116736
-1.15654
-0.628708
0.42877
0.750406
-0.36362
0.799655
-0.256768
-0.0543888
-0.762133
-0.396588
0.256345
0.174108
0.050978
0.678878
-0.436283
0.186502
-0.364121
-0.217323
-0.706009
-0.202885
0.474193
0.171348
-0.659305
-0.606692
-1.53192
-0.0573274
0.267917
-0.089996
0.749704
0.324235
0.300988
0.0410425
-0.429021
-0.193735
0.12242
-0.737895
-1.35295
0.158958
-0.275198
0.615625
-0.342561
-1.29737
1.07888
-0.488034
0.106641
-0.330393
1.06691
-0.00234618
-0.0141717
0.182904
0.0547529
0.874619
-0.440994
0.211815
-0.138097
0.0537453
-0.222016
-0.133868
-0.22579
0.439978
0.69181
-0.289413
-0.595276
0.0145314
0.499563
-0.325412
0.230921
-0.433161
0.485116
-0.517948
-0.27185
0.0982981
0.557327
-0.621216
0.560882
0.0696228
-0.166502
0.0107154
-0.477496
-0.124184
-1.12802
-0.245526
-0.681635
-0.568769
-0.118038
-0.723837
0.258807
0.37989
0.342349
1.11095
-0.476095
-0.746451
0.531106
-0.474277
0.920293
-0.0580999
1.03283
0.251618
0.694806
-0.402834
0.329569
0.824954
-0.685441
0.173933
0.120548
-0.0720934
-0.149919
-0.6117
-0.0809016
0.234135
-0.764606
0.363006
0.635011
-0.660579
0.626469
0.0587123
0.244396
-0.273122
0.18974
-0.128866
-0.555674
0.659128
-0.300106
0.070303
-0.445598
-0.336999
-0.0684437
-1.2323
-0.0443144
0.263566
0.203719
-0.790816
-0.488372
0.0610686
0.175315
0.468594
0.120716
-0.164703
0.412605
0.00357757
-0.0704118
0.522193
-0.23317
1.04051
-0.226533
0.0953005
-0.276374
0.0532831
0.449659
1.6107
0.450372
0.53039
0.30604
-0.654823
-0.481643
0.856227
0.122412
0.170122
-0.646574
0.486367
0.273538
0.268931
-0.293955
0.0666953
0.510317
-0.468108
0.637442
-0.335444
-0.64301
-0.604118
-0.789947
-0.697805
0.908631
-0.209069
-0.218386
0.284057
0.0975478
-0.00808687
1.12757
0.439623
0.0826209
0.0734873
-0.57368
0.170781
-0.656017
0.088337
0.161657
-0.626352
0.276725
-0.123442
-1.10143
-1.05849
-0.608074
-0.550862
-0.530059
0.168068
0.931319
-0.320127
-1.08708
0.565644
0.211812
0.281688
-0.5374
0.152094
-0.421507
-0.0416702
-0.200159
0.654183
0.159893
0.617057
0.286147
-0.202862
-0.182992
0.19519
-0.683049
0.262451
-0.12652
0.594323
-0.548662
0.11622
0.185069
0.548461
0.352859
1.20943
-0.630253
0.34895
0.0735575
0.109503
0.116092
0.260757
-0.584003
-1.06359
0.0250664
0.1484
0.439252
0.437712
-0.586204
1.17833
-0.190219
0.663645
-0.0970811
0.323509
-0.236252
-0.167934
0.554838
-0.340556
0.523727
0.769589
0.246365
-0.530598
-0.0235102
-0.222187
0.241443
-0.531523
-0.232795
0.370074
-0.717123
0.451675
-0.176342
0.478614
0.500444
-0.98225
0.620586
-0.139891
-0.0604866
-0.319306
0.149164
0.047132
1.06953
1.15019
-0.278333
-0.0940261
0.230599
-0.133388
-0.128402
0.0923336
-0.0797182
-0.21234
-0.551039
0.272985
-0.906454
-0.884356
-0.174119
-0.0714755
0.540398
0.611626
0.836981
0.232568
1.07163
0.155157
-0.779586
-0.128606
0.72508
0.414459
-0.652314
-0.59965
-0.268471
-0.0443919
0.0139031
0.613471
-0.0188749
-0.236446
-0.105935
-0.624625
-0.505895
-0.122387
-0.157739
0.205391
-0.331396
-0.164408
-0.529398
-0.187623
-0.106186
-1.00817
0.772305
0.0810166
-0.20339
-0.157217
0.656608
-0.381981
0.714369
0.100355
0.787235
0.383783
-0.387526
-0.416189
0.414602
-0.498707
-0.227403
-0.858474
0.307033
-0.611639
0.457623
0.418773
0.475887
0.419526
-0.63798
-0.478672
0.191188
-0.271855
-0.814895
0.105311
-0.396739
0.181025
-0.376631
-0.970748
0.601927
-0.218883
0.00479812
-0.274448
-1.0447
-0.101924
-0.0681407
0.639527
-0.322636
-0.106913
-0.0521428
0.16416
0.340785
0.724506
0.102121
-0.0913207
-0.228108
-0.393093
-0.648058
0.800321
0.14202
-0.146179
0.0168186
0.168918
-0.534574
-0.553247
1.41857
-0.27557
-0.0929179
0.786117
0.462866
-0.0621544
0.0614609
-0.0979389
-0.0932208
0.948809
-0.145339
0.558979
0.157243
0.624155
-0.533332
0.261294
0.309655
0.206589
0.363101
-0.499592
-0.680632
-0.0961204
0.428079
0.153323
0.335829
0.550937
-0.286228
-0.0359715
-0.370794
0.288126
0.411398
0.538486
-0.214802
0.77495
0.0958355
0.0142767
0.0877338
0.625886
-0.53812
0.490707
-0.711095
0.0812998
-0.669045
0.875605
-0.887087
1.23888
0.793398
0.08637
-1.36384
0.725347
0.635231
0.417555
-0.326161
-0.0596507
0.415319
-0.0705489
-0.439699
-0.265532
-0.117565
-0.191689
0.553333
0.671345
-0.311707
0.805827
-0.648043
0.479787
1.18662
-0.0253454
-0.216857
-0.383945
0.313241
-0.0552653
0.758945
0.382553
0.968368
-0.134683
0.654946
-0.87399
0.198468
0.0921732
0.594661
0.258339
0.111224
-0.515531
0.684378
0.577143
0.110542
0.766661
0.091996
-0.563232
-0.287025
0.328761
0.237296
-1.03901
-0.108613
0.0806492
0.521865
0.461896
-0.200112
0.83446
-0.757767
-0.0588958
0.464716
-0.128918
-0.325746
0.0983677
-0.154197
0.249883
-0.0405153
-0.891821
0.272833
-0.0121621
0.56238
0.323902
0.432365
-1.16693
-0.258053
-0.402222
0.0821039
-0.866766
0.40694
0.0837754
0.62959
-0.513664
1.0449
-0.203411
0.799986
-0.379029
-0.100586
-0.462533
-0.386673
0.349336
-0.284929
-0.0707432
0.368799
-0.470409
0.591082
0.352571
0.0906031
0.604515
1.24307
-0.704116
0.464367
0.856485
-0.35376
-0.456828
-0.30491
-0.290642
0.23228
0.202884
-0.329954
-0.335023
0.341769
-0.559322
-0.453615
0.0748871
-0.167318
-0.0312838
0.935366
-0.278024
-0.438705
-0.488949
0.551633
-0.0200175
-0.810722
0.719932
0.15855
-0.000864331
-0.462716
-0.0502831
-0.0238209
0.624888
-0.969358
0.279346
0.0831382
0.270528
0.556796
-0.535491
0.730078
0.720836
-0.0747167
-0.519344
0.152387
0.233559
-0.161901
0.156844
-0.178025
0.379446
0.14796
1.01549
0.304086
0.00481295
-0.350085
-0.345353
0.390287
0.195364
-1.07814
-0.100766
-0.17233
-0.525132
0.480839
-0.547416
1.17745
-0.94214
1.96131
-0.722958
0.695828
-0.0747559
-0.567123
-0.514748
-0.301456
-0.116469
-0.00143967
-0.143758
-0.458961
-0.48059
-0.26936
-0.151017
-0.722873
0.276846
0.210098
-0.37603
-0.359947
0.596939
-0.344421
0.0803089
-1.03299
-0.5115
0.257048
-0.29335
0.151315
-0.285092
0.0869666
-0.444167
0.326692
-0.608222
0.543609
-0.32312
-0.298558
0.234898
-0.285949
-0.565428
0.465945
-0.179918
0.179748
1.15801
-0.423485
-0.148017
1.18223
0.123207
-0.108938
-0.313728
0.0852937
0.228224
0.432742
0.906497
-0.121941
-0.698064
-0.155891
-0.135369
0.146557
-0.757663
-0.115035
1.59103
0.392776
0.886216
0.561286
-0.502472
-0.260871
0.649258
-0.304193
0.0281348
0.298107
0.472246
0.564031
0.359281
0.481203
0.10847
0.57309
-0.330644
0.182913
0.0215586
0.185139
0.0694636
0.373488
0.321073
-0.347708
0.776983
0.182283
-0.677219
0.211894
0.437345
0.8503
-0.204178
0.585204
0.682342
-0.385683
0.0740062
-0.230015
-0.456297
0.446945
0.318093
-0.564927
-0.856144
0.178012
-0.020547
-0.271206
1.10138
-0.710652
0.360352
0.753631
-0.547388
-0.430268
0.527417
0.660354
-0.0521817
-0.460066
-0.0710748
-0.181448
-0.232102
-0.0153418
0.264383
-0.953824
0.964815
0.421065
-0.662302
-1.26953
-0.397013
-0.820012
-0.501091
0.706321
-0.877521
-0.285884
-0.502337
0.383826
0.547207
0.315828
-0.240465
-0.314958
-0.347724
0.292197
-0.0676562
-0.101291
-0.0738831
-0.757181
0.558838
-0.427536
-0.156034
0.511503
1.2826
0.952281
0.115887
-0.770603
-0.417992
-0.021251
0.0969166
-0.110772
0.196013
-0.156015
-0.0642164
0.156116
0.131649
0.0275522
0.992012
0.545527
-1.06098
-0.373817
0.0977493
-0.20655
-0.511422
0.184234
-0.241207
-0.261245
-0.554176
-0.787437
0.0162519
-0.3265
-0.18847
0.17427
0.27617
0.392112
-0.717517
-0.441367
-0.755703
-0.655225
-0.835946
0.129557
-0.147603
-0.348903
0.439296
-0.981864
-0.0267717
0.684455
-0.24631
0.830237
-0.301339
-0.0261493
-0.517817
-0.0128391
0.132815
0.216509
0.812463
0.00741525
0.100374
0.520515
-0.568852
-0.324528
0.397944
0.764646
-0.135372
-1.01931
-0.243006
0.511153
-0.496987
-0.112687
-0.660909
0.14464
1.09849
0.127286
0.299275
-0.30479
-0.177112
0.636772
-0.578523
0.174425
0.276005
-1.04055
-0.159179
0.0592043
-0.753368
-0.069597
0.354438
-0.220619
0.176249
0.215556
-0.358697
0.675962
-0.0669054
1.01147
-0.522893
-0.19071
-0.752399
0.14726
-0.686986
-0.37477
-0.0845865
0.049134
-0.486878
-0.227057
-0.636036
0.763082
-0.122893
-0.230192
-0.126332
0.0483222
1.39745
-0.00613963
-0.36331
0.492638
0.799876
-0.432222
0.0109435
0.129469
-0.736275
-0.267264
0.581717
0.164162
-0.591346
-0.346829
-0.379746
-0.0620575
-0.022596
-0.00620134
-0.0812865
-0.0132594
1.61684
0.5294
-1.11935
0.345761
-0.369733
0.72067
0.469266
1.53887
0.870647
0.171493
-0.102461
0.301543
0.285672
0.607551
0.233813
0.009224
0.259917
-0.364601
-0.108127
0.145529
0.669926
-0.869388
-0.245928
-0.406861
0.610114
-0.148947
0.459798
-0.771573
-0.0490421
0.00905258
0.883563
0.615127
0.148798
-0.429502
0.30047
-0.988872
-1.06
-0.032794
0.980083
0.536661
0.222816
-0.33042
-0.29356
0.543424
-0.00971514
-0.550043
-0.327832
-0.148513
0.636249
-0.118943
-0.586855
-1.41534
0.215968
-0.418117
0.0839767
0.177481
-0.857124
-0.39193
-0.64802
0.42584
0.0303887
0.164986
-0.0819486
0.113785
0.598079
-0.594735
0.356632
-0.766674
0.0652805
0.351856
0.534629
0.774114
0.91141
-0.0740553
0.715704
-0.122608
-0.271968
0.885318
0.0951778
0.469251
0.216447
-0.208995
0.387578
0.438368
0.0370923
0.517642
-0.210149
0.593668
0.36408
0.000498527
0.0987507
-0.125942
-0.720103
-0.831448
-0.324563
0.50694
0.149114
0.0631147
0.262892
0.126689
0.84488
-0.00733073
0.524666
0.162253
0.294747
0.782606
0.466888
-0.213417
0.483822
0.148445
1.27666
0.0851801
-0.354942
0.522746
0.522523
-0.242503
-0.349445
0.560095
0.727864
0.170189
-0.543955
0.276898
-0.113768
-0.250834
-0.193506
-0.135633
-0.026103
0.750021
0.45878
-0.973555
0.524335
-0.373903
0.195126
0.244182
-0.754348
0.421063
-0.315435
-0.264575
0.0959968
-0.560765
-0.265058
-0.462865
-0.147577
-0.0891301
-0.743361
-0.182722
-0.585911
-0.101243
0.433713
0.769442
0.75378
0.102247
0.866159
-0.922289
0.466577
0.0833238
-0.955459
0.27825
0.169236
0.858078
1.21218
-0.331184
-0.18502
0.581321
1.00892
-0.21468
0.0904924
0.197939
-0.485848
-0.365622
-0.353401
-0.0196289
-0.977365
0.337349
-0.764086
-0.889754
-0.0603396
-1.86167
-1.51413
-0.232021
0.130014
0.130049
-0.919508
-1.13243
0.521323
-0.41258
0.584357
-0.642842
0.436208
0.219267
0.389135
-0.14396
0.0529223
-0.935684
0.49821
-0.310026
-0.39302
0.667527
0.206897
-0.195547
0.512954
0.3879
-0.436959
0.0598929
-0.762165
-0.258131
0.0999557
-0.409596
0.264
-0.665017
-1.10195
-0.045624
0.676372
0.493196
-0.0988792
-0.767274
0.6546
0.884974
0.254992
-0.185103
1.12771
0.159241
-0.107836
-0.193909
0.489982
-0.751848
-0.422042
0.000854396
0.341121
-0.377195
0.486048
0.612842
-0.527689
0.573848
-0.432172
0.186627
0.918831
-0.152763
-0.0942643
-0.0645365
0.610796
-0.304516
0.00987266
0.94366
-0.36918
-0.547061
0.314276
-0.366348
-0.330891
0.227829
0.0381527
0.40202
0.0235585
0.78603
-0.197547
0.0974017
0.927489
0.121196
0.247481
-0.771202
0.687994
0.679715
-0.720036
0.835865
0.685546
0.156722
-0.183494
0.702228
0.214947
0.246737
-0.655048
0.413525
-0.536145
-0.371047
-0.315131
-0.585031
-0.51562
0.0116305
-0.0666966
0.446966
-0.942519
-0.0800853
0.52111
0.135477
-0.317067
0.96308
-0.0193302
0.10929
-0.162467
0.0990327
-0.788322
0.182059
0.132944
-0.377329
0.0939135
0.360485
-0.850089
0.945747
0.275157
-0.284066
0.214818
0.134605
0.690579
0.426069
0.0661899
0.9351
-0.170287
-0.0532599
-1.37774
0.26459
-0.887366
-0.263347
-0.717289
-0.197877
-0.169179
-0.228275
-0.259912
-0.19232
-0.659814
-0.214253
-0.264696
0.0323815
-0.0010446
-0.0341775
-0.00300535
0.59769
0.848719
0.603951
-0.315558
-0.493666
0.033574
0.218207
0.805106
0.081717
0.058608
0.246927
-0.414207
-0.664049
1.16495
-0.630764
1.05036
0.250298
-0.199181
0.0502035
0.215035
0.533833
0.0246501
0.305297
-0.748921
0.150147
0.762645
0.189153
0.121274
-0.243004
-0.153182
0.0656845
0.0942346
0.650223
-0.241811
0.129539
-0.652662
-0.216905
0.0177429
0.355056
-0.297971
0.0921292
-1.49822
-0.585321
0.76389
-0.137071
0.6855
0.908153
-0.990344
0.849421
0.510485
0.125693
-0.164574
-0.552329
-0.358266
-0.803037
0.0807817
0.246006
0.689339
-0.142452
0.436277
-0.553862
-0.641799
1.00581
0.0153543
-1.04031
-0.111186
-0.369776
1.06255
-0.122162
-0.694909
-0.683076
0.199188
0.24651
-0.461565
0.799291
0.467996
0.162679
0.869143
0.273807
0.0629496
-0.0654859
0.442427
0.256715
0.110433
0.855542
-0.548786
0.0336109
0.374883
0.72137
0.213761
-0.795638
0.409849
-0.027649
-0.42485
0.0966024
-0.030787
0.29777
0.785952
0.425289
-0.546371
-0.0101765
0.324974
0.857823
0.522633
-0.307778
-0.023045
0.340767
0.295126
-0.493511
0.438014
0.742517
0.608304
-0.108553
-0.608534
0.246023
0.802232
-0.531564
0.235941
-0.554046
0.634749
0.363154
-0.684439
0.200578
0.159871
-1.06173
0.114025
-0.401908
-0.267302
-0.0707683
-0.591314
-0.0607131
-0.73701
-0.0774162
-0.494177
0.439013
-0.309768
0.230229
-0.383635
-0.654589
0.228066
0.780998
0.499278
1.1106
1.05635
0.145126
-0.177432
0.1501
0.110692
0.179915
-0.17938
-0.331696
-0.796339
-0.552894
-0.543449
0.34605
0.5291
-0.423367
-0.101707
0.819253
-0.695152
-0.934984
0.251155
0.345269
-0.221285
-0.375059
-0.458199
0.00610958
0.421293
0.51718
-0.183791
-0.477517
-0.247115
0.567704
0.0189022
-0.0131963
-0.520503
-0.921499
0.289106
0.421726
-0.632082
-0.215432
0.403172
0.737336
-0.548357
-0.232329
-0.247605
0.264184
-0.311414
0.081773
-0.110887
0.911999
-0.46714
0.176114
0.0582256
0.450196
-0.0745244
0.521961
-0.362507
0.0901777
-0.81159
0.377412
-0.221945
-0.638008
0.89187
0.228327
-0.296459
0.245209
-0.0845853
-0.276666
-0.831332
0.101618
-0.407053
-0.339643
-0.802597
0.281651
0.515397
-0.683623
-0.144423
0.620837
0.866461
-0.491958
0.016119
0.302169
-0.093903
-0.149159
-1.20225
-0.072055
0.327851
0.329377
-0.451309
-0.597082
0.241437
0.262383
-0.195055
-0.898329
0.467508
-0.286308
0.135287
-0.190405
-0.796623
-0.111183
-0.697491
-0.0268181
-0.475795
0.509925
-0.0315514
0.890242
-0.769945
-0.169312
-0.113841
-0.0457673
-0.309838
0.930489
-0.742178
0.457831
-1.13576
0.640481
-0.477044
-0.739471
-0.820086
-0.301626
0.539807
-0.195415
0.355919
0.371758
0.0466331
-0.102756
0.460714
-0.553623
-0.146842
0.264464
-0.0365439
-0.0960118
-0.260216
-0.276198
0.681046
-0.10728
-0.814312
0.126182
0.285987
-0.376792
0.574012
-0.0903257
-0.584999
-0.365846
0.67286
-0.63142
-0.956669
0.346966
-0.17426
-0.0772823
-0.778559
-0.475727
0.115536
-0.34241
0.443435
-0.239633
-1.21322
-0.440362
-0.0302006
0.0109323
0.0523427
-0.406643
0.117173
-0.821537
-0.368002
0.589739
-0.569852
-0.271763
0.842023
-0.67105
0.134791
-0.659725
0.427697
-0.219596
0.504314
-0.724894
0.448842
-0.0273058
-0.581574
0.559995
0.840435
0.23814
-0.370567
0.597161
0.308707
-1.42482
0.108022
0.185331
0.63765
0.132484
-0.197062
0.501684
-0.0225895
0.749541
0.0313689
-0.165539
-0.395475
-0.47727
-0.428354
-0.312262
0.00785968
0.23525
0.455453
-0.581353
-0.310615
-0.220604
-0.194996
0.145683
-1.14691
0.590767
-0.202096
0.21027
-1.03485
-0.291651
-0.0301524
-0.489231
-0.88625
0.66104
0.565988
-0.365994
0.176751
-0.64585
-0.343042
0.451305
0.114345
-0.405412
0.115388
-0.525029
0.449592
0.0395636
0.920645
-0.278169
-1.12441
-0.185247
-0.627239
-0.256071
0.123852
-0.0508116
0.877105
-0.0977214
0.841912
-0.0599368
0.074489
-0.334835
0.24955
-0.110806
-0.075397
0.141036
-0.258825
-0.582935
-0.0142138
-0.21128
0.610617
-0.357215
-0.0993574
0.391348
-0.0686143
-0.264835
-0.0866012
1.11653
0.520257
-0.452506
0.149576
-1.34722
0.892033
-0.512749
-0.815338
-0.335618
-0.526532
-0.983752
0.0277262
-0.109634
0.0927672
0.588756
0.354763
-0.701013
-0.0925871
0.0240946
0.271502
-0.785689
-0.116114
0.173078
0.0851069
-0.892905
0.17786
-0.0519738
0.76409
0.15868
-0.976993
0.0887718
0.415181
-0.561244
0.260187
0.401193
-0.673333
0.872333
-0.711064
0.483903
-0.429032
-0.145456
0.898512
0.0253701
-0.0697691
0.0976836
0.266376
-0.108098
-0.866716
-0.633939
-0.644221
0.634523
0.448586
-0.23944
0.162452
0.863252
0.132934
-0.080527
-0.179776
-0.158022
0.0869692
-0.628908
0.0578761
0.929841
-0.514596
0.0802221
0.22575
0.25827
-0.937952
0.302992
-0.772447
-1.02093
0.218387
0.548721
-0.156023
0.0988842
0.380836
-0.413598
0.83998
-0.261399
0.0183027
-0.133337
-0.233554
-0.0762614
-0.167274
-0.191628
0.549992
-0.0921057
-0.721656
-0.38339
0.198425
-0.608642
-0.223802
-0.186188
0.976379
0.196757
-0.71656
-0.380386
0.760863
-0.187395
0.534475
-0.358556
0.792423
0.171374
-0.153573
-0.293509
0.242339
-0.560479
0.451189
0.389231
0.26905
0.978709
-0.234135
0.0489345
0.357746
0.553791
0.257985
-0.152954
0.145015
0.491724
-0.318632
0.332441
-0.707495
-0.374409
-0.492051
-0.00323621
0.103386
0.640387
0.613482
-0.330572
-0.548185
0.623412
0.317208
0.316737
-0.385789
-0.112241
0.299228
-1.2759
0.464612
-1.24318
-0.172262
-0.665242
-0.533393
1.12867
0.124507
1.06206
0.509497
0.397254
0.231773
-0.301352
-0.355295
0.63807
0.635497
0.437547
0.151775
0.595314
-0.41324
-0.226407
-0.30886
-0.634634
-0.0847437
1.13541
-0.0587572
-0.879607
0.250905
-0.515964
-0.0276427
0.310089
0.298687
-0.487274
-0.310356
-0.385834
-0.0451056
0.23552
0.146593
-0.638435
-0.799731
-0.429397
0.79047
0.303655
-0.771251
-0.0363805
-0.95231
0.0609603
0.039299
0.363495
-0.556812
0.25249
-0.0158044
0.525164
-0.394483
0.125857
0.017613
0.326756
-0.294199
0.306584
-0.232259
-0.428437
-0.391715
-0.189951
0.434353
0.598568
0.125879
-0.30092
0.339802
1.0088
0.0788782
0.479225
-1.18728
-0.708664
0.0904262
0.521363
0.325722
0.289115
0.696955
-0.34116
0.851246
-0.592846
-0.492385
0.55806
-0.260566
0.826231
-0.690353
-0.144565
0.636369
-0.937681
0.927706
0.484176
-0.121623
0.463176
0.711211
-0.414135
-0.146489
-0.178144
1.12422
-0.0397879
0.979339
-0.743822
-0.0435687
-0.782328
-0.307593
-0.110809
0.647164
-0.294477
0.421749
0.814976
-0.283505
1.33259
-0.353886
-0.0414466
0.00458114
1.50303
-0.289485
1.13719
-0.0622123
0.19091
0.590959
-0.515652
-0.895128
-0.396388
0.0985453
-0.184953
-0.13111
0.161713
0.302767
0.0250977
-0.759693
-0.429853
0.344654
0.526111
0.238843
1.39023
-0.349314
0.370498
-0.0511792
-0.278462
1.16541
0.624961
-0.471
-0.532146
0.163398
0.622237
0.416827
0.190285
0.0810761
-0.118796
0.042412
-0.108574
0.182219
-0.609141
-0.110803
0.836598
0.00992806
0.702084
-0.080157
0.785223
-0.0651554
-0.206426
0.449796
0.604629
-0.00638396
-0.974419
-0.0731624
0.393948
0.468927
0.0421648
0.966972
-0.271788
-0.727067
0.366449
-0.0619395
-0.766484
0.119887
0.0475856
0.0755322
-0.217623
0.0420001
-0.0867717
0.320292
-0.00579969
-0.526379
0.658543
-0.100692
-0.218357
-0.3215
-0.214948
-0.815765
0.384164
0.442877
0.0510646
0.774153
-0.106111
0.177756
-0.183295
0.355605
0.208714
-0.190573
-1.45392
-1.10929
-0.0630996
-0.5018
0.267055
0.566854
0.157168
-0.198683
-0.256617
0.237915
0.0344266
-0.671513
0.77114
0.293748
0.00188473
0.0517633
-1.6926
0.70455
-0.00254497
-0.927406
0.275121
-0.366216
-0.00948584
0.206018
-0.6349
-0.00843046
0.103622
0.973297
-0.288841
-0.181076
-0.158526
0.126146
-0.409114
-0.024636
0.264202
0.56093
-0.272303
0.236116
1.01542
-0.320289
0.442121
0.268801
-1.02112
0.341841
0.158922
0.142811
0.565357
0.792266
0.374216
0.904275
-0.728763
0.572041
0.227977
-0.789036
0.963531
-0.273981
-0.0979423
-0.0461089
0.228626
-0.390332
-0.344938
0.482871
1.23735
-0.420856
-0.413342
0.319481
-0.11826
-0.0465832
-0.228285
0.0441821
0.489083
-0.115191
-0.0946889
0.613475
0.666907
-0.160502
0.24563
0.81716
0.309921
-0.0538026
0.483127
0.000531107
0.348385
-0.0693938
0.261559
0.319214
0.479758
0.0147871
0.481452
0.0015035
-0.299071
0.420814
-0.106105
-0.170081
-0.570766
-0.0054211
0.595501
-0.62063
-0.0887521
0.0774447
0.312164
0.565562
0.0884401
-0.0599514
-0.0348583
0.076755
-0.867289
-0.196664
0.0335517
-0.308187
-0.52338
0.905177
-0.0357966
-0.62475
-0.38517
-0.0621933
-0.165361
0.185119
0.13408
-0.211968
0.264183
-0.015595
0.783761
-0.818584
0.214086
0.44936
0.199015
-0.23313
-0.347355
-0.324147
0.452493
0.268647
0.874463
0.268226
0.094232
1.11043
-0.641236
0.78266
0.12438
-0.592289
0.273067
0.590851
-0.225725
-0.388456
-0.788332
-0.657462
0.077401
-0.848072
0.18089
-0.504569
-0.0968177
1.42601
0.0359011
0.777615
0.763252
-0.245975
-0.326756
-0.232112
-0.435971
-1.02567
0.979589
-0.390389
-0.407287
-0.102224
-0.0921587
-0.150155
0.694934
0.353916
0.107397
-0.136099
0.261386
0.266168
0.413512
0.258492
-0.653043
0.534213
0.480627
0.157878
-0.319448
0.0900943
-0.581017
-0.574845
-0.0941001
-0.377473
-0.581323
0.269033
-1.4743
0.355999
0.392437
-0.356062
-0.450779
-0.298072
0.335722
0.242091
-1.11126
0.297315
-0.120132
-0.556137
-0.536703
0.235871
-0.0380072
1.24971
-0.534115
-0.267166
0.456293
0.139167
0.353347
-1.29795
0.367541
0.422853
0.383466
0.49273
-0.477
0.403254
-0.253509
-0.595536
-0.303776
0.0494002
-0.933105
-0.930453
-0.475479
0.668125
0.613698
0.592181
-0.669912
-0.140688
0.283013
-0.607854
-0.36191
-0.373533
-0.365525
-0.000736202
0.737824
-0.0725524
-0.223484
0.219439
0.51282
-0.22621
0.166928
-0.867999
-0.107056
-0.77864
0.0785627
0.453811
-0.189164
0.715384
0.415
1.2273
-0.134235
0.0750552
-0.367836
-0.142541
-0.111761
0.35864
-0.602104
0.165095
-0.584504
0.284344
0.211558
-0.164933
-0.10452
0.629428
-0.108079
0.191817
-0.145316
-0.411951
0.386142
-0.124166
-0.559025
-0.35567
0.0140608
0.253969
-0.580533
-0.357498
0.520149
0.210942
0.600699
-0.169582
0.0759834
-0.0607184
-0.185027
0.385644
0.454741
-0.400749
-0.399782
0.303843
-0.0304376
-0.776892
0.205577
0.354345
-0.409447
0.179355
0.0258257
-0.103003
-0.324583
-0.0519207
0.00488064
0.20108
0.426545
0.0319622
0.0673259
-0.451031
-0.585832
-0.0868238
-0.480215
0.409378
-0.346177
-0.443795
-0.58362
0.519009
0.0378286
-0.507491
-0.0439462
-0.673437
0.587908
-0.173849
0.705669
-0.480892
-0.152206
0.322187
0.00516941
0.020881
-0.596427
0.0126195
0.310024
0.460336
-0.223204
0.0565245
-0.238392
-0.216302
0.0874586
0.27756
-0.631161
0.472413
0.247875
0.136893
-0.0759989
0.402737
0.198629
-0.309329
0.0534988
-0.139039
0.114381
-0.332656
-0.408605
0.302376
0.324084
0.0298031
0.769159
-0.586974
-0.330751
-1.09151
-0.0612707
0.104252
0.219845
-0.854527
0.766929
0.179265
-0.180097
0.335639
-0.757478
-0.219078
0.239154
-0.00943683
-0.24079
-0.155331
-0.489405
-0.0662538
0.476453
-0.0191594
0.221719
-0.177462
-0.474833
-0.252906
-0.142238
0.0431554
-0.801642
-1.6253
0.481336
-0.313759
0.110985
-0.274695
-0.370005
1.29947
-0.468995
0.363235
0.199928
0.352499
0.0330557
-0.399866
-0.109016
-1.60288
0.158449
0.0602631
-0.4073
-0.53589
-0.412852
-0.682428
0.697101
0.207337
-0.613736
0.512103
0.521202
0.236585
-0.670553
0.266083
0.160618
0.0370172
0.77796
-0.51103
0.898855
-0.252826
-1.09025
-0.407233
1.09927
0.17477
0.989341
0.651658
-0.0480612
-0.790592
0.482795
-0.14244
-0.161979
0.421971
0.0490028
-0.423807
-0.322715
-0.25367
0.21152
-0.122555
-0.314345
0.215384
-0.683434
0.984858
-0.400627
-0.7141
0.0244533
-1.03411
-0.392244
-0.329895
0.579245
0.141898
0.335802
-0.284692
-0.166205
-0.413474
0.0290308
0.312056
-0.640804
1.0342
-0.942593
0.697447
0.349595
-0.941549
0.0311578
0.0951572
-0.231709
-1.07906
-0.0782727
-0.394089
0.133687
-0.205797
0.195926
-0.239378
-0.514032
0.111313
0.548169
0.165719
-0.521899
1.09527
-0.338679
0.245937
-1.00704
0.597015
0.185311
-0.988535
-0.918425
-0.413508
0.423563
0.37629
0.514182
-0.218958
0.0732976
0.419613
1.34604
-0.236006
0.150483
-0.315694
-0.707172
0.588641
-0.00928992
0.271666
-0.334549
-0.367081
-0.173369
-0.770239
0.313379
-0.0871901
-0.281965
-0.582198
-0.29242
-0.152052
-0.0139052
-0.402238
-0.0280916
0.460043
-0.269164
0.466385
-0.362081
-0.944371
-0.110168
-0.0420944
-0.513213
0.647064
-0.657816
0.149006
-0.714313
-0.134655
-0.357516
0.535627
-0.0920557
0.295465
-0.906225
-0.0263653
0.580171
0.039117
-0.174558
-0.876611
-0.872863
0.701628
0.0730132
0.214151
0.496587
0.173431
-0.646069
0.276947
-0.132655
-0.247152
1.03259
0.546851
0.0459349
-0.194259
-0.386236
0.0266556
0.627179
-1.12801
0.46154
-0.0967052
-0.742547
-0.512888
0.454318
-0.174609
-0.162568
-0.762371
0.0582545
0.0945121
0.301663
0.0083622
-0.245429
0.265575
-0.317247
0.39472
0.1147
-0.668763
0.500553
0.261891
0.0962579
-0.197147
0.0352095
0.627841
0.345555
-0.239152
1.23653
0.847073
-0.249196
-0.751998
-0.317179
-0.410192
-0.72034
0.509667
0.140747
0.203363
0.0429095
0.230573
0.632153
-0.202987
-0.270776
0.445164
-0.697968
0.195999
0.31552
-0.672557
0.436698
-0.150296
-0.070057
0.363902
0.19064
-0.319191
0.618163
-0.106298
0.2807
-0.383225
-0.0612679
0.917744
-0.758454
-0.629015
0.87698
0.642162
0.581589
0.866565
0.213793
-0.995368
-0.479755
0.877182
-0.0139312
-0.521121
-0.17833
0.488275
0.61837
-0.451721
-0.110072
-0.689085
0.430621
-0.0786738
-0.931101
0.53746
0.386871
0.0262449
0.300629
-1.02839
0.025658
-0.124806
1.67112
-0.457985
-0.650048
0.0896894
-0.173047
-0.964197
0.00332313
-0.251158
0.212698
-0.551461
1.03237
-0.478844
0.159093
-0.957895
-0.341253
-0.368086
0.487489
0.823584
-0.00100185
-0.834463
0.773191
-0.0817447
0.737107
-0.0681706
0.168198
-0.334855
0.202695
-0.485151
0.767417
-0.642216
-0.524604
-0.895656
-0.139216
-0.540634
0.44482
0.7276
-0.0816396
0.53616
0.533245
-0.198728
0.395911
-0.597217
-0.164306
-0.303165
0.141071
-0.418731
-0.0168353
0.610896
-0.629285
0.147636
0.310547
-0.0271289
0.0280216
-0.149834
-0.285197
-0.103934
-0.496506
0.196869
0.339485
-0.213152
-0.534845
0.300038
-0.915148
0.107222
0.550697
-0.012339
-0.137815
0.902715
0.4157
-0.693961
-0.30822
0.034679
-0.00744644
-0.668238
0.105442
0.752985
0.189729
-0.0339052
0.141717
0.23364
0.417957
0.53026
-0.920472
-0.326735
0.452282
0.128904
-0.548569
0.854767
-0.68437
0.929564
0.0682456
-0.733366
-0.659699
0.118549
0.232049
0.692291
-0.363137
0.54425
-0.164098
0.339695
-0.419103
0.0637964
-0.204503
0.135894
0.0544389
0.140274
-0.493802
0.51348
0.124991
-0.370219
0.129827
-0.508648
-1.13629
0.0634982
0.0218636
-0.303731
-0.607749
-0.406996
-0.208626
0.502288
0.206147
-0.143676
0.784594
-0.244136
-0.256421
-0.296334
-1.0715
0.310632
-0.182055
-0.23821
-0.76845
0.314328
-0.635796
-0.229034
-0.436838
0.744767
0.447794
0.697122
-0.0933252
-0.645762
-1.06201
-1.01701
0.738569
0.00623827
-0.675161
-0.6086
0.16803
0.379173
0.297498
-0.502461
-0.79934
0.541186
-0.638217
0.502248
-0.811685
0.0548268
0.101115
0.570337
0.437304
-0.765902
-0.533224
-0.310224
-0.382105
0.150082
0.800132
-0.0453949
-0.00197281
0.77843
0.168503
-0.409009
0.60153
0.178691
0.340175
0.161158
0.705226
0.12869
-1.27965
-0.554577
-0.945951
0.165019
-0.383619
0.438744
-0.319122
-0.387308
0.625021
0.913935
-0.36723
-0.0959815
-0.0568467
0.107504
0.264489
0.699687
0.478206
-0.0113406
-0.0668136
-0.511375
-0.0910538
0.490796
-0.223247
0.00295347
0.0862335
0.251479
-0.373737
-0.206508
0.312581
-0.404324
0.937114
0.309141
0.532293
-0.257992
1.69928
0.181901
-0.204217
0.262083
0.368166
0.277234
-0.295415
0.63607
0.519039
-0.357711
-0.0808225
-1.08974
0.2532
0.696884
0.0088449
0.0756222
-0.170919
-0.820104
-0.363153
-0.397704
0.13473
0.0729238
0.455342
-0.72639
-0.473304
0.582033
-0.266437
-0.296438
-0.305412
-0.578077
0.236202
-0.361665
-0.344241
-0.935634
0.0769138
-0.24559
-1.11924
-0.186271
0.619102
-0.235582
-0.362235
-0.70484
-0.739674
1.1691
0.128034
-0.356399
-0.486896
0.547941
0.951892
-0.635612
0.047671
0.542344
0.242623
-0.0108143
0.179408
-0.150978
0.529408
-0.585657
0.899411
0.507803
-0.528128
0.623929
-0.33438
0.595105
-0.816636
0.231015
-0.0322011
-0.502121
0.30031
0.0942145
0.204191
-0.605395
0.520364
0.115713
-0.538989
-0.328298
0.478809
-0.797537
-0.698466
0.546967
-0.410729
0.256955
0.263523
-0.48589
0.318382
-0.597397
0.746306
0.0542525
-0.592539
0.150671
-0.431495
-0.36024
0.300762
0.0237367
0.0649842
0.104126
-0.253944
-0.177696
0.384864
-0.529327
-0.0480836
0.239881
-0.253517
1.29415
-0.19043
0.115812
-0.439649
-1.2779
-0.0294377
0.330548
-0.100674
0.151061
0.805605
-0.243009
0.192463
0.103828
-0.216448
-0.520907
-0.255048
0.212712
-0.0731417
-0.48874
0.0531197
-0.181252
0.702817
-0.0795427
-1.04387
0.642516
0.676718
-0.338933
0.488328
-0.222559
0.450421
0.141916
-0.301855
-0.192092
-0.448418
-0.362308
-0.158745
-0.487625
0.273805
-0.290819
0.526883
-0.164639
-0.300257
0.185663
-0.525257
0.643645
-0.203275
0.387886
1.51382
0.851486
0.216551
0.149992
-0.789123
-0.508536
0.65936
-0.615643
0.493912
-0.750577
0.229658
-0.556126
-0.0622275
0.270679
-0.7923
0.234266
0.35351
-0.156608
-0.00940691
0.264155
-0.139748
0.209726
-0.197163
-0.398403
-0.306992
-1.0857
0.28942
-0.405002
-0.421214
0.332775
0.365249
0.433252
-0.620043
-0.311845
0.133092
-0.0454229
-0.181628
0.645454
-0.288722
-0.640177
-0.324895
0.128496
0.653562
-0.203555
-0.34094
-0.28337
-0.00455634
-0.673338
-0.742803
-0.789178
0.321867
0.595395
0.290298
-0.626608
0.336588
0.426739
-0.108615
0.419909
-0.135295
0.371814
0.493995
0.618947
-0.726763
-0.42953
-0.291706
-0.823093
-0.260224
-0.561255
0.129268
0.319385
0.464495
0.481745
0.645405
0.668041
0.88902
-0.0772561
1.27723
0.0122448
0.69732
-0.433283
0.424967
-0.265239
0.296321
0.662964
-1.01765
-0.0978012
-0.380126
0.804259
0.209456
-0.710187
-0.855549
0.195345
-0.339049
0.191161
-0.0439136
0.263539
0.546735
-0.758092
0.493902
-0.663699
-1.34371
-0.449114
-0.762154
0.0292429
-0.424597
0.901486
-0.695473
-0.555712
0.123561
-0.301383
-0.58149
0.0221385
0.782936
0.0656466
-0.119589
-0.125692
0.890708
-0.67077
-0.117776
0.551714
0.173719
1.04142
-0.0559296
-0.232857
-0.940313
-0.429144
-0.655421
0.00287641
-0.0501372
0.181204
0.241197
-0.309306
0.795292
-0.335992
0.450954
0.0916603
0.259552
0.785326
0.575818
-0.750085
0.41244
0.157246
-0.371596
-0.610197
-0.34195
-0.0499045
0.651068
-0.506091
0.46506
-0.124668
0.0125463
0.375807
-0.416673
-1.05168
0.298478
0.442146
-0.837187
0.240918
-0.15252
-0.202852
-0.0442407
0.303463
-0.487246
-1.19513
0.478582
-0.090957
-0.772953
0.624502
-0.265248
0.104533
-0.506077
0.112255
0.206871
0.0455339
0.0737768
-0.293033
0.0216103
0.0448772
0.188659
0.0968272
0.41676
0.83411
0.104233
0.637015
-0.763951
-0.424387
-0.0541846
0.689924
-0.21737
0.0147012
-0.435957
0.932493
0.320618
-0.64467
-0.574631
-0.403028
0.569843
0.384533
-0.164694
1.15641
0.0609865
0.327953
0.133553
-0.641712
0.698462
-0.136326
0.22993
0.0116117
-0.380446
-0.0568698
-0.866223
0.360761
-0.461805
-0.0458372
-0.0807618
0.379501
0.146082
0.19032
0.0456504
0.115522
0.483028
-0.900696
0.0485689
-0.45879
-0.712601
0.551093
0.321625
-1.18965
0.35462
0.542212
-0.892992
0.0581892
-0.921466
-0.0265891
0.68954
-0.557085
-0.0754152
-0.447246
0.0611867
-0.966228
-0.701435
0.633974
0.62528
0.51049
0.82222
0.184649
0.336037
-0.651534
0.2637
-0.743095
0.340952
0.17213
1.08324
-0.403366
-0.581273
-0.369906
-0.67798
0.221642
0.22662
0.248851
-0.536573
0.620844
-0.339779
-0.397404
0.347783
-0.824966
0.136133
0.32183
0.049369
-0.308475
0.327669
-0.728261
-0.0992277
0.74832
0.142364
0.123841
0.519227
0.45827
0.711976
0.150055
0.0764086
0.0376736
0.334173
0.175407
-1.15516
0.409112
0.588638
0.309614
-0.0131044
-0.0300926
0.364709
-1.11486
-0.465583
0.721599
0.60409
-0.900151
-0.441796
1.17575
0.113373
0.0776979
0.750863
-0.298555
-0.395349
-1.09381
0.202135
0.713735
-0.44372
-0.629449
-0.643718
1.04295
-0.272498
0.310644
-0.866116
-1.25054
-0.631231
-0.031034
-0.57611
-0.273509
-0.95376
-0.102575
-0.128986
-0.64728
-0.424667
-0.39201
0.604569
-0.178353
1.02716
-0.335207
0.876781
-0.407831
0.0119286
0.406168
-0.394925
0.00210298
0.599618
0.27323
-0.137314
-0.610656
0.240677
-0.330403
-0.269251
0.563242
0.0914045
0.039397
-0.513539
-0.476891
0.579381
0.214333
-0.152176
-0.0811767
0.558189
-0.969243
-0.501114
-0.48031
-0.248078
-0.130965
0.114274
0.269755
0.115792
-0.676931
-0.0898157
-0.289009
0.352533
-0.518913
0.212946
-0.0936178
-0.0992135
0.530123
0.337876
-0.462488
0.0955074
0.716073
-0.493525
-0.350092
-0.7681
-0.385204
-0.311528
0.525362
-0.00251562
-0.168317
-0.189543
-0.510821
-0.696535
0.259065
0.499708
-2.02598
-0.0479699
-1.78784
-0.485811
-1.12321
-0.0405934
0.0988218
-0.485109
0.0417829
-0.0773237
0.900522
-0.0521758
-0.275921
0.561467
0.287604
-0.359638
-0.268274
0.73492
-0.104344
-0.110418
-0.676908
-0.119047
-0.247577
0.683619
0.264309
0.112763
-0.617218
0.102237
-0.235782
-0.507142
-0.364725
-0.381029
-0.123782
0.628841
0.687643
-0.496007
-0.300842
0.356197
0.231589
0.264434
-0.0141002
-0.635623
-0.809676
-0.597876
0.861114
-0.264615
-0.0718668
-0.0784954
0.0101921
-0.704362
-0.000459598
-0.207931
-0.659586
0.360296
0.183995
0.0912146
-0.280335
-0.25229
-0.692945
-0.0460239
0.430548
-0.175052
-0.220019
0.674181
0.245704
0.030402
-0.124371
1.06336
-0.413339
0.351117
-0.136999
1.20054
0.728288
-0.118085
0.458718
-0.00319187
0.00183506
-0.874133
0.196383
0.174453
-0.257441
0.1592
-0.260503
-0.246194
-0.283176
0.137923
0.512691
0.534985
0.260305
-0.317032
0.281867
-0.969106
0.0539495
-0.293615
0.526069
0.0064666
0.847106
-0.669359
0.455644
-0.615017
-0.0615327
0.0291579
-0.0328135
-0.390856
0.345883
0.236397
-0.0502376
0.425527
0.382037
0.481946
-0.937079
0.071859
-0.00425705
0.925967
-0.112324
0.946261
-0.330393
0.0550018
-0.460995
0.168471
-0.698177
-0.437899
-0.545025
0.122362
-0.0486933
-0.299133
-0.780558
-0.49256
0.414742
0.300557
0.266783
0.0794359
-0.348769
0.72349
-0.137946
0.020635
0.0963772
0.0682002
0.109353
0.599578
0.306129
0.836303
0.59401
-0.0727506
0.0486979
-0.0454614
-0.26987
0.48784
-0.152589
0.206353
-0.295406
0.0535772
0.329908
0.0477623
-0.748132
-1.08363
0.305136
0.193555
0.0768989
0.153133
-0.120951
-1.05435
0.242648
-0.140928
-0.250543
-0.39016
-0.220657
0.765745
0.296089
0.192372
-0.683649
0.149681
-1.35494
-0.750993
-0.15802
0.0189285
0.333999
-0.42468
0.458323
-0.225293
0.825722
-0.0658508
0.174161
0.690285
0.56217
-0.123762
0.255105
-0.00878707
0.242597
-0.580695
-0.0612016
-0.168531
-0.319539
0.202737
-0.525362
0.293618
0.0623839
-0.165016
0.335757
1.05071
-0.529115
-0.938049
0.28941
-0.534743
1.02039
-0.837147
0.499777
-0.281198
-0.717445
-0.0166742
0.490669
1.06489
-0.0113889
-0.0477864
0.376038
-0.246069
0.0511075
0.28465
0.235981
-0.166345
-0.761556
0.609319
-0.190338
0.0292597
0.195202
0.0161763
-0.300498
0.00942704
-0.208379
0.712358
1.10217
-0.398514
0.28361
-0.669996
0.379381
-0.241052
0.220861
-0.378561
-0.0931916
0.038346
0.561916
-0.187493
-0.345158
-0.923032
-0.248252
1.01245
0.773206
-0.201861
0.000763649
1.17876
0.0442255
-0.222333
0.287215
1.24654
-0.553192
-0.0349658
0.602738
-0.860615
0.0618082
-0.195646
0.312692
-0.195486
0.554245
0.413278
-0.196016
-0.142691
0.519469
-0.694368
-0.193032
0.579616
0.0289733
-0.558274
-0.669272
0.945924
0.488532
0.171815
0.716541
0.391798
-0.110066
0.306091
-0.832713
0.0748922
-0.663891
-0.127089
-0.894284
-0.510073
-0.706352
0.0567851
-0.291506
0.574551
0.020698
0.257092
-0.170715
0.0577948
0.104302
-0.635907
0.73642
0.0384269
0.216669
-0.0352375
-0.677112
0.0350254
-0.0627614
-0.208234
-0.683356
-0.618076
-0.021672
-0.314303
1.05846
-0.532572
-0.531456
-0.129133
1.01145
-0.193923
-0.427723
-0.323008
-0.430702
0.318242
-0.0997143
-0.373783
0.170004
0.24296
0.0787964
0.603604
0.912099
-0.198157
0.81713
-0.143124
-0.776248
-0.100544
-0.293015
-0.400402
-0.352111
-0.530961
0.0122863
0.302028
0.0962129
-0.58898
0.298206
-0.647436
-0.149533
0.514676
0.64895
-0.119309
-0.0318862
0.344372
-1.33602
-0.357751
-0.100274
-0.554302
0.387683
-0.0534096
-0.310537
-0.140193
-0.0028815
-0.991747
0.282963
0.0767517
-0.277398
0.105986
0.013347
0.227448
0.206839
-0.0578947
0.129885
-0.165026
-0.220177
-0.0725396
-1.01299
-0.183454
-0.246533
-0.756514
-0.893189
-0.532937
0.560064
0.0504865
-0.779194
-0.108722
-0.033711
0.169991
0.536785
-0.469347
0.599396
0.872329
0.488739
0.0413717
0.477891
-0.0728882
-0.84916
0.107722
0.189312
-0.178084
0.494251
0.209218
-0.886068
-0.301616
0.0124012
0.137783
-1.08734
-0.615647
-0.194565
-0.600967
0.0477414
0.181056
-0.321988
0.0563599
0.359547
-0.116221
0.102222
-0.643745
0.0105061
0.59605
-1.23091
0.0831046
-0.246583
0.644021
-0.219363
0.34234
-0.839651
1.08522
0.369887
0.691965
-0.271811
-0.513568
-0.5318
-0.700934
-1.26748
1.13546
-0.443042
0.514041
0.718742
0.12185
0.672306
-0.196369
-0.564955
0.428215
-0.0339738
0.0657566
0.0763196
0.868878
-0.603742
0.824979
-0.86534
-0.882726
0.275145
0.834797
0.114363
0.1084
-0.381403
-1.29733
-0.227587
0.164321
-0.0563994
0.17915
0.123165
0.653587
0.616536
0.472783
0.697053
-0.365875
-0.575961
0.236059
0.167581
0.562157
-0.573069
-0.201953
-0.325271
-0.531383
-0.298688
0.498287
0.0377618
-0.0200264
-0.0236826
0.475108
0.32923
-0.459763
1.17536
0.193719
0.24563
-0.253272
-0.530332
0.398588
0.216523
0.404704
-0.527151
0.222579
0.765833
-0.628902
-0.137905
0.111393
0.84055
0.0297302
-0.555224
-0.717338
-1.09606
-0.93084
0.375556
0.369695
-0.0715522
0.0322949
-0.310818
0.159594
0.0543349
0.567789
0.0419538
-0.15652
1.10883
0.231444
-0.114129
-0.619311
-0.517611
-0.0913402
0.910088
0.748752
-0.797754
-0.122523
1.4126
