2.33499
-1.77798
-1.95325
-1.64636
-2.01267
-1.48646
-2.90821
-2.29705
-2.17579
-2.91723
-2.76117
-2.81238
-2.77975
-3.19167
-3.26251
-3.11036
-3.32427
-2.93786
-3.26411
-3.13205
-2.00897
-1.44376
-1.23174
-1.99056
-1.83014
-1.04202
-1.37569
-0.821759
1.0767
0.402067
-0.0121188
-2.05544
-2.51363
-0.410449
-0.266986
-0.512187
1.81424
1.71014
1.33483
0.998512
1.4181
1.62894
-1.54778
1.7616
-1.54712
-2.45638
0.412159
2.38408
1.7463
2.12945
1.79599
2.98723
1.68698
0.938456
2.67118
1.49329
2.10053
2.20233
2.23158
1.04602
2.19846
2.12799
1.56819
1.66448
1.95724
-1.85091
1.9952
-1.54314
1.44644
1.01297
1.51488
1.58913
-2.33108
-2.04937
-1.79769
-2.14662
-2.16166
-2.89987
-3.11253
-2.7569
-2.39161
-2.28703
-1.97516
-2.44023
-2.61313
-2.47335
-1.8056
-1.9955
1.55773
-1.74999
-1.60135
-1.28078
1.54205
1.96552
-0.900503
0.872591
-1.13637
-1.01204
-1.41123
1.85076
0.823247
2.11982
2.16205
2.17624
1.88263
1.48154
2.04812
2.51124
2.38985
2.75422
2.4846
2.34051
2.0892
2.08721
2.38696
3.27888
2.3159
1.49166
2.1857
2.56767
2.47377
1.96012
2.4694
2.51907
2.46251
2.43308
2.49969
1.99916
2.03923
2.44576
2.30765
2.41364
1.91598
1.96604
1.84793
1.40289
1.89683
2.32927
1.45296
1.9324
-1.59874
0.201766
1.73981
1.44848
1.81146
2.66333
2.12974
2.89845
2.58197
3.03252
2.80708
2.9905
2.05874
2.56642
2.72004
1.14666
2.02114
2.33285
2.53328
2.41859
2.75745
1.79089
2.70347
2.08941
1.23704
2.34244
2.82259
2.07308
1.40096
3.10611
2.28031
1.95059
2.11215
1.96294
2.32247
2.3761
2.38805
2.46627
2.17034
1.9421
2.14874
1.59962
2.39436
1.88035
1.98536
2.23956
1.44321
2.51116
2.27936
1.54393
2.42196
2.19631
2.54796
2.48356
2.57591
2.21522
1.95581
2.44252
2.54751
2.4528
2.02524
2.62275
3.33196
3.09757
1.58059
2.40181
1.94458
2.78875
2.22031
1.86509
2.5537
2.48217
2.71553
2.16301
2.58247
3.28334
3.25726
3.06028
3.34833
2.63109
2.45673
3.25139
2.22029
2.26554
1.69453
2.86814
1.98354
3.21106
2.43573
2.75299
2.45074
1.27796
1.9501
1.34667
2.01879
1.82518
1.70606
2.02687
3.0126
2.8142
3.04637
2.99577
2.92497
2.80588
2.63796
2.55928
3.06879
2.51651
2.33037
3.07709
2.75353
3.32285
2.66714
1.9144
2.99699
3.18783
2.6135
2.83921
2.88928
2.84154
2.42563
3.41479
2.91672
3.03898
2.48471
2.99139
2.77942
2.42296
2.6345
2.44895
2.60219
2.78323
2.38235
2.38021
2.43693
2.28293
2.65442
3.24368
3.16953
3.04733
2.58289
2.05779
1.93213
3.05179
2.42561
2.0751
2.34577
2.78463
2.79663
2.66547
2.56101
2.21221
2.24731
2.21947
3.03437
3.11731
2.54078
1.77572
1.75474
2.98184
2.88598
3.06441
2.89478
2.48535
2.7712
3.19298
2.72031
1.24276
2.7062
2.47431
2.56347
2.2493
1.85392
2.37343
2.07119
1.83567
2.63621
3.1557
3.42085
3.1007
3.22014
3.199
1.88216
2.65455
2.39811
3.19265
3.11467
2.99807
3.0312
2.67444
3.26164
3.12995
3.27553
2.29199
2.11699
2.52379
2.62794
2.49737
2.04266
1.73021
1.75768
2.76205
2.65833
2.88939
2.75335
1.81837
2.89008
2.47143
3.01191
2.81192
3.00045
2.74096
2.93867
3.008
3.08182
2.51409
1.99668
3.54401
2.43846
2.46051
2.11381
2.74507
2.61319
2.87786
1.41312
2.0792
2.1612
2.01028
2.3237
2.23448
1.86858
2.21184
1.55658
2.32854
1.91853
3.26689
2.59687
2.35257
2.35588
2.65477
2.52378
3.17423
2.26144
2.24584
2.9329
2.29165
2.10835
2.3383
2.29997
2.39112
2.52052
2.57799
2.79124
2.6477
2.32005
2.14282
2.99135
2.19593
2.1385
2.49271
2.42202
2.15054
2.12283
2.64084
2.84044
2.4173
2.09965
2.33039
2.04026
2.83365
2.72086
2.91279
2.5055
3.02345
3.0184
3.10775
2.68604
2.5391
3.40097
2.93391
3.06313
2.62006
2.22784
3.21226
3.28661
2.76652
3.00051
2.93855
2.23487
2.59381
2.55005
1.92396
-0.942384
2.15953
-1.9061
-2.51406
-2.0259
-1.77347
2.52948
1.92637
1.61689
1.09161
1.1083
1.85667
2.11906
1.70905
-2.04258
1.47515
2.66288
2.5614
2.48699
2.50894
2.80973
2.71643
2.62549
2.44405
2.12163
1.92177
-1.70131
2.16894
1.84767
2.47278
1.53399
-1.98577
-1.09449
-1.82995
-2.4759
-2.1337
-2.20614
1.1285
1.53343
-1.65796
1.9829
2.23552
1.42464
1.69769
2.30462
1.59946
1.617
1.70562
-1.72298
-2.19557
-1.00375
-1.64432
-1.43881
-2.25896
1.8912
1.36591
2.43925
2.35269
-1.58157
-1.47451
-1.53418
-1.86987
-1.55659
-1.26551
-1.43972
-0.50561
0.863491
1.51356
-1.56941
2.14198
1.30108
1.86793
1.11086
2.15278
1.62985
1.21281
-1.30154
1.41761
2.63828
1.81069
2.51094
1.96133
-0.132267
-1.78586
-0.458661
-1.46212
0.719121
2.1481
1.99797
-1.59725
1.47192
2.93493
2.72783
2.368
1.78321
2.10763
2.80986
2.45556
2.5781
1.41359
2.75244
2.8405
2.98474
2.07339
2.01538
2.25379
1.92831
1.73152
2.20067
1.82431
1.73143
0.907669
-1.99932
-2.02409
-2.04571
-1.17975
-2.31046
-1.84874
-1.94098
-1.70355
-1.93291
-1.66627
-1.70569
-2.67709
1.43902
2.47322
2.45257
2.38341
1.58991
1.72287
1.94788
2.11605
1.68672
-2.14466
-2.89344
-2.39253
-2.27884
-2.31174
-2.80806
-2.91453
-2.27397
-2.04498
-2.16221
1.84735
1.06386
2.12837
2.12034
2.07671
2.05284
2.38734
1.85532
1.80321
2.04702
1.98952
2.27294
2.49219
2.45022
2.77957
1.99104
2.67286
2.02287
2.06373
2.20189
2.16737
2.44181
2.56196
2.85663
2.15413
2.48957
1.28447
2.81297
2.47598
2.82947
2.73262
2.79781
1.93014
2.30168
2.44284
2.1093
2.04765
2.27812
2.27996
2.04621
2.4901
2.09903
2.48277
2.23937
2.9317
2.91283
1.66504
1.7165
1.93757
2.33699
3.07391
2.84495
2.98107
3.16497
3.67797
2.75231
1.79988
1.89301
2.09541
1.58852
2.20246
2.65223
2.40785
1.81181
2.84391
2.79083
2.03271
1.50029
1.81744
1.87093
2.80816
3.44598
2.58566
2.36379
2.21663
2.28643
3.04197
1.70592
2.81121
1.85985
2.41822
2.42404
2.32487
3.06092
3.08207
2.18629
2.09036
2.54778
2.49882
2.48414
2.39128
2.47119
2.54053
2.47167
2.128
2.47532
2.47795
2.66793
2.77734
2.687
2.71428
3.25558
2.97384
2.38469
2.42024
1.36545
2.05338
2.14117
2.53692
1.81054
2.43193
2.32111
2.39728
2.73326
2.15752
3.3424
2.70788
2.68038
3.1122
3.04876
2.73557
2.90881
1.94502
2.39931
2.75156
2.16556
2.63482
2.19967
2.16332
2.82137
2.97638
2.80595
2.26116
2.61055
2.39849
2.81361
2.7683
2.5584
2.36218
2.46311
2.79683
3.22321
3.23025
2.86229
2.94166
2.66576
2.98867
2.91319
3.09095
2.83166
2.75851
2.04675
2.52866
2.83696
2.58297
2.58343
2.53631
2.59238
2.63679
2.02557
2.45208
2.72491
2.47426
2.7508
2.72074
2.88731
2.15949
2.49179
2.18408
2.14332
2.83125
3.3219
2.79325
3.45031
2.80274
3.09629
3.02059
4.02816
2.68351
2.39966
2.80546
2.38308
2.8384
3.13777
3.00939
3.03029
2.2953
3.09005
3.20149
3.45878
2.55167
2.51086
2.77605
2.01981
2.11187
2.13805
2.67346
3.24833
2.8057
2.88839
3.18297
3.25403
2.23456
2.77713
2.45346
2.60845
1.89706
2.18969
2.14255
2.2275
2.32661
2.90154
2.46868
2.75117
1.94197
2.70911
2.72852
2.69386
2.55357
2.41711
1.83502
2.01324
1.94972
2.19249
2.79948
2.73171
2.56312
2.59622
3.41014
2.09015
2.77547
2.71892
2.51241
2.39301
2.71762
1.41719
2.31561
2.43946
2.40801
2.55236
2.29747
2.57377
2.0849
2.44643
2.94883
2.7421
2.83911
2.84434
2.78711
2.73981
2.61439
2.63006
2.85343
2.55016
2.7925
2.88533
3.2724
2.557
2.34264
1.89075
2.5029
2.16821
2.35262
2.42869
2.75394
2.47285
3.06859
2.68865
2.3471
2.54072
2.20784
2.31013
2.63947
2.55139
2.96942
2.60018
2.82301
3.24632
2.30404
2.55892
2.34626
2.70184
2.69974
2.46425
3.15819
2.82233
2.01778
1.85946
2.44833
2.23282
2.14714
2.27896
2.8383
2.35565
2.45112
2.68068
1.81031
2.14835
1.95859
1.72668
1.42831
1.86509
1.28849
2.23269
2.29377
2.15297
2.28347
1.96954
2.2169
1.91313
1.71945
1.60859
1.3487
1.42227
2.20316
2.14727
1.85746
2.20697
2.05649
1.78156
2.04905
1.67174
1.45261
2.20613
2.55383
2.68783
2.02591
0.615169
1.74025
1.86639
1.22007
2.25218
2.4143
2.97546
2.461
2.65256
2.73414
3.06979
2.27358
2.59625
1.75323
2.1318
2.25057
2.2195
2.51793
2.17785
2.20334
1.60097
2.11366
2.96578
2.75526
2.81943
2.65261
2.58109
2.28106
2.12188
2.62401
2.40926
2.80149
2.36475
2.9594
1.84004
2.43064
2.46323
2.67299
2.76732
2.6316
2.60171
2.35758
2.10112
2.02603
1.66312
2.00886
1.25384
2.70775
2.6094
1.52279
2.1729
1.75815
1.5982
1.99089
2.1712
1.93273
2.14265
1.36601
1.8681
2.09894
2.07756
1.95857
2.90149
3.0711
2.8623
2.99723
2.42855
3.14214
2.99725
2.99675
2.7846
2.87776
2.5863
2.0132
2.25695
2.3478
2.68793
2.4415
2.54606
2.45688
1.91813
2.75174
2.63731
2.54113
2.36185
2.75635
2.11352
2.56144
2.04068
2.48916
2.1949
2.6061
2.37477
2.5169
3.85415
2.40415
2.09506
2.94778
2.11801
2.59516
2.71698
2.64973
2.58463
2.31669
2
2.0556
2.3555
3.06704
3.07899
2.75558
2.1427
2.03599
2.39583
2.43718
2.73078
2.95812
3.06859
2.50857
2.72281
2.39719
2.14434
2.19028
2.69882
2.7375
2.50101
1.95255
1.67386
2.10711
3.05211
2.3032
2.10518
2.49522
2.67526
2.55204
3.02689
2.86966
2.75735
2.72891
2.3636
2.33947
2.81598
2.73494
2.67614
2.45691
2.64878
3.34315
2.96188
2.83538
2.82968
2.85967
2.71534
2.35429
3.18809
3.79381
2.65138
2.79112
3.43618
3.28991
3.55802
2.65417
2.58589
2.40941
2.64575
3.47039
2.38733
2.87352
3.05154
3.3718
2.67768
2.42582
2.81097
2.69548
2.85219
2.67756
3.60281
3.43182
2.24158
2.6404
2.85704
2.22578
2.30037
2.58915
2.43838
2.96356
3.04143
2.24736
2.47055
2.60031
1.84889
2.09395
2.54319
2.4325
1.99064
2.0245
3.74805
3.10474
2.49517
2.99849
3.01012
3.19743
3.02786
2.46484
2.8635
2.88276
2.74069
1.80859
2.17044
1.91589
2.87668
2.66862
2.19492
2.33107
2.55576
2.47876
2.3428
2.26558
1.85512
2.74519
1.63437
2.62092
2.38691
2.84294
2.85448
2.72567
2.79841
1.76887
2.82159
2.33699
2.2584
2.08467
2.36199
2.56803
2.97525
2.93711
3.07898
2.58953
3.24911
3.15813
3.18017
2.89613
3.10602
3.18537
2.69764
3.01188
3.06015
3.15681
3.25271
2.20086
2.16769
2.8344
2.295
2.34862
2.08557
2.36169
2.49971
2.44762
1.64368
1.86255
2.55438
2.93134
2.96717
3.26579
2.81858
2.83154
2.93043
3.18632
2.8196
3.02291
2.97428
3.284
2.55541
2.97018
2.51355
3.02709
2.43632
1.80018
1.78392
1.9922
2.21478
2.39641
2.35692
2.52247
2.09731
2.60585
1.19751
1.79324
2.6193
2.66991
2.59364
2.78757
2.72978
2.06754
2.67868
2.72364
2.63601
2.72857
1.87593
2.69778
1.32029
2.09535
2.48724
2.63218
3.0276
3.01466
2.93296
3.22988
3.02893
2.6204
2.52627
2.57991
2.37075
1.74781
2.22017
2.39021
-1.08138
-0.952335
-1.56957
-1.55523
-2.105
-1.46298
-1.6412
-1.63759
-2.44347
-2.51079
-2.38917
-2.64649
-1.81703
-2.54594
-1.93957
-1.78597
-1.54509
-2.37399
-1.8586
-2.351
-2.02305
-2.66379
-1.83167
-1.95955
-1.88694
-2.22153
-2.15796
-2.08286
-2.59556
-1.7903
-2.00375
-1.717
-2.21536
-2.34547
-1.73234
-1.83946
-2.40593
-2.48948
-2.62491
-1.67079
-2.6074
-3.37224
-3.4909
-3.01612
-3.08626
-2.58689
-3.02697
-2.25427
-2.30377
-2.62984
-2.07295
-2.51458
-2.23037
-1.84702
-2.24509
-2.22954
-2.01702
-2.72811
-2.03004
-2.43394
-2.14412
-1.76035
-2.3999
-1.81567
-2.06496
-2.63215
-2.39911
-2.38931
-2.13052
-2.55506
-1.82961
-2.02343
-1.07407
-2.57726
-2.66502
-2.60371
-2.05402
-2.49764
-2.13534
-2.24682
-1.57905
-2.09325
-1.52622
-1.82402
-1.84709
-1.20318
-1.6976
-1.91549
-1.87317
-2.28692
-1.94319
-1.61088
-2.98748
-2.80242
-2.94662
-2.5992
-2.22901
-1.96323
-2.2846
-2.12707
-2.23165
-2.43234
-2.81385
-3.05281
-2.93924
-2.84574
-2.55944
-2.36389
-2.56462
-2.53912
-2.42019
-2.08946
-2.21586
-2.80876
-2.94722
-2.82454
-2.98187
-2.47019
-2.34851
-1.73302
-2.09081
-2.08159
-2.0811
-2.30871
-2.4855
-2.22788
-2.09221
-2.61168
-2.89574
-2.70834
-2.71068
-2.76109
-2.59415
-3.04024
-3.23273
-3.13051
-2.63852
-2.28533
-2.08443
-2.1709
-2.01899
-2.68784
-2.71947
-2.21986
-2.10576
-2.71099
-2.95065
-2.93966
-2.92443
-2.74157
-2.84644
-1.95515
-2.19593
-2.27845
-2.2939
-2.16762
-2.74227
-2.8506
-3.02888
-2.56333
-2.65423
-2.80209
-2.49472
-2.48067
-2.66208
-2.79056
-3.27705
-2.80817
-2.71024
-3.4141
-2.36712
-3.12126
-2.50636
-2.65539
-3.57737
-3.23628
-3.17182
-3.11942
-2.39235
-2.22432
-3.18894
-2.45174
-1.93584
-2.82703
-2.01614
-2.3781
-2.81363
-2.11649
-2.7576
-2.83892
-2.26102
-2.51738
-2.46951
-2.50986
-2.46086
-2.52787
-2.86814
-2.93245
-3.11548
-3.10245
-2.35209
-2.96941
-2.96031
-2.33657
-2.21176
-1.67282
-2.90474
-2.73987
-2.94754
-2.04544
-2.08628
-2.55625
-2.92999
-3.68769
-2.90189
-2.34854
-3.10786
-2.5953
-3.09799
-2.66358
-3.04038
-3.331
-2.49925
-2.84396
-2.73928
-2.59246
-3.22213
-2.77564
-2.82978
-2.83891
-2.54301
-2.01541
-2.38121
-2.22457
-2.41325
-2.26845
-3.21717
-3.07385
-3.3386
-3.20713
-1.8405
-2.24841
-1.99739
-2.41858
-2.98213
-2.04684
-2.75325
-3.16949
-1.92484
-3.00818
-2.90079
-2.17877
-2.71177
-2.898
-2.21271
-2.52084
-2.7342
-2.80962
-2.7764
-2.6152
-2.65373
-2.91869
-2.94646
-2.53563
-2.68769
-1.7524
-1.98129
-2.80272
-2.67725
-2.64304
-3.28661
-2.45235
-2.39206
-2.31854
-2.61028
-2.51012
-1.97468
-1.59338
-2.30959
-2.88075
-2.07046
-2.05339
-2.43306
-2.72362
-2.0187
-2.53374
-2.51658
-1.66173
-1.9993
-1.54519
-2.09891
-2.53318
-2.6619
-2.48622
-2.03415
-2.38298
-3.03963
-2.64066
-1.9618
-2.52289
-2.42091
-2.30575
-2.10044
-2.62857
-2.85393
-2.97316
-2.75015
-2.03305
-2.10806
-1.84845
-1.8201
-2.06283
-2.14479
-2.44248
-1.83909
-2.0042
-1.7931
-2.15454
-2.94765
-2.02415
-2.45611
-2.20496
-1.66306
-2.06776
-2.63475
-2.80784
-2.98545
-2.07719
-2.55103
-2.64187
-1.85322
-1.93633
-2.19682
-2.34579
-2.44818
-2.93956
-2.44924
-2.1152
-2.11097
-2.32706
-2.22323
-2.31373
-2.77162
-2.90322
-2.58602
-2.32646
-2.73947
-3.06991
-3.31137
-2.93302
-2.24493
-2.53356
-1.79319
-2.53095
-2.56302
-2.49738
-2.90678
-2.73545
-2.8696
-2.90515
-3.03734
-3.0024
-3.03408
-2.10134
-2.05735
-2.19526
-2.69384
-2.01274
-2.15703
-1.90245
-2.45544
-2.55639
-2.49501
-2.37273
-1.88622
-2.59128
-2.5075
-2.28957
-2.29866
-2.44326
-2.27895
-2.55904
-2.32183
-2.14946
-2.8468
-2.79555
-3.04147
-2.80321
-1.93467
-2.31646
-1.62918
-1.23419
-2.26358
-2.00135
-2.04099
-1.43116
-2.05281
-1.97559
-2.98514
-2.61867
-2.49587
-3.02692
-2.73349
-2.5066
-2.5141
-1.51977
-2.06818
-1.82266
-1.39609
-1.03378
-1.68593
-2.37965
-2.35609
-2.11749
-2.60781
-2.85862
-2.01087
-2.1725
-1.09253
-2.60107
-2.6357
-2.95132
-2.63603
-2.53948
-2.68094
-1.93221
-2.40393
-2.25606
-2.1759
-2.16082
-1.8612
-2.13416
-3.12638
-3.03948
-3.09233
-2.74733
-3.7753
-2.96716
-3.25432
-2.89046
-3.06553
-2.63465
-2.9724
-2.15956
-2.19339
-2.41591
-2.09842
-2.49652
-2.62885
-2.66345
-1.76491
-2.12139
-1.43879
-2.2888
-1.86415
-1.30036
-1.7745
-2.13115
-2.46651
-2.07901
-2.59571
-2.67091
-2.45218
-2.13535
-2.87934
-2.53208
-2.09498
-2.0773
-2.80184
-2.15289
-2.62187
-2.58033
-2.83749
-2.74404
-2.51205
-2.98948
-3.29586
-2.71258
-2.51739
-3.12941
-1.96522
-2.88812
-2.97475
-2.95
-2.65413
-2.53241
-2.73314
-2.58869
-3.22048
-3.02328
-2.19678
-2.87002
-2.55468
-2.84097
-2.81607
-2.77741
-2.40486
-2.78052
-2.57364
-2.20437
-2.48184
-2.64188
-2.67505
-2.29408
-2.34977
-2.08575
-3.02283
-2.99601
-2.98515
-2.61847
-2.4736
-2.77452
-3.03701
-3.24171
-2.84777
-2.80563
-2.55829
-2.57992
-3.16132
-2.98533
-2.59831
-2.21594
-2.81762
-2.6779
-3.1189
-2.91425
-2.62838
-2.96641
-2.09433
-2.41336
-2.85794
-2.8591
-2.94429
-2.49651
-2.33811
-2.71915
-2.82095
-2.74307
-2.53596
-2.99016
-2.95155
-3.45482
-3.30854
-2.82483
-2.34611
-3.35707
-3.10842
-3.2369
-2.84247
-2.89474
-3.33196
-3.32337
-2.62886
-3.33427
-3.5103
-1.94415
-2.14471
-2.7241
-2.64584
-3.2311
-3.23631
-2.85086
-2.61675
-2.87956
-2.70243
-3.06567
-2.95424
-2.83215
-2.47612
-2.54364
-2.57922
-2.64907
-2.64326
-2.02117
-3.2455
-2.78728
-2.83051
-2.80076
-3.03185
-2.87772
-2.23636
-2.18765
-2.7659
-2.72229
-3.05339
-2.95757
-2.74392
-2.45931
-2.83579
-2.63369
-2.82559
-2.79549
-2.43775
-1.91887
-2.17378
-3.60977
-3.25582
-3.42112
-3.23086
-2.90079
-2.67649
-3.01507
-2.77683
-2.18751
-2.95251
-2.13334
-2.03248
-2.39932
-2.68228
-1.77262
-2.05567
-2.29992
-2.67569
-2.62596
-2.59644
-1.44489
-1.48444
-2.39367
-1.70068
-1.70563
-2.17529
-2.01834
-1.38783
-1.77611
-0.177959
-1.97521
-1.94754
-2.5324
-1.63896
-1.06095
-2.04738
-1.59274
-1.54529
-1.4997
-1.88835
-2.17231
-1.46255
-2.34798
-1.3141
1.87114
1.85709
1.75302
1.76351
1.85833
1.77492
2.13685
1.77087
2.11647
2.64375
2.68264
2.44228
2.53171
2.21314
2.66195
2.85865
2.46073
1.92904
2.74983
2.51102
2.54678
2.32329
2.55418
0.991269
1.97522
2.59682
1.43868
2.20364
1.93051
-1.19478
-2.17776
-1.29291
-1.86251
-2.16322
-2.09323
-2.4804
-1.93234
-1.94206
-1.15047
-1.98784
2.16279
1.23394
1.82713
0.209925
-1.07641
-1.3493
-1.47461
-2.5566
-1.80422
-2.02851
-0.970589
-1.64156
-1.70583
-2.01238
-2.48949
-2.47952
-1.7172
-1.72741
1.80907
1.53803
1.90332
-1.75667
-1.39003
-1.63861
-1.08295
-1.41406
-2.64031
-1.69441
-2.2217
-2.44384
-2.96196
-1.46142
-1.93852
-1.77335
-2.64817
-2.08709
-2.56585
-3.06883
-2.39099
-1.12443
-2.34134
-2.41023
-1.79702
-2.38798
-2.11866
-1.87859
-2.6128
-2.01099
-1.53485
-1.93979
-1.7292
-1.6924
-1.88968
-2.67946
-2.16747
-1.67334
-1.64354
-2.07006
-1.63695
-1.90956
1.36512
0.667522
1.86379
1.31771
1.66931
2.19564
2.4023
2.30006
-2.75866
-1.72762
-1.29911
-1.7297
-2.35866
-1.96961
-2.20975
-2.42905
-1.4503
-0.983845
-1.864
-0.0162819
-1.76418
2.11228
1.79991
1.9499
0.168135
2.3737
2.1139
1.70586
1.61651
2.37136
1.07222
1.11454
1.29749
-1.90868
-2.19789
-2.55526
-2.63004
2.15784
2.10287
2.03001
0.770503
1.41983
-1.96875
-1.82588
1.6047
1.74737
2.2181
-1.28263
-2.16643
-1.58071
0.322155
1.23461
1.61565
1.33511
-1.54356
-2.15645
-1.85508
2.12229
2.03383
1.09238
-2.13259
-1.15351
-0.483693
-1.24225
-2.0966
-2.32064
2.07589
1.90443
2.354
2.95339
2.36378
2.18053
2.02699
2.36477
1.79943
2.94267
1.91571
2.20869
2.6784
2.506
2.21109
2.20274
1.8821
1.92952
2.27542
1.95622
1.85101
2.31106
1.93283
2.18996
2.59729
2.73017
2.81418
2.03247
2.19461
2.36362
2.0732
3.17881
2.76595
3.32699
3.5262
2.67542
2.671
2.53404
2.50027
3.28498
2.83342
3.06307
2.71217
2.86103
2.79775
2.71929
3.11304
2.35187
2.63182
2.58335
2.57752
3.1031
2.43186
2.97374
2.94203
2.89811
2.66335
2.73444
2.26924
2.09515
2.65486
2.08186
2.34936
1.86771
2.42728
-1.61203
-1.98018
-2.05831
-1.83362
-1.74945
-2.09422
-2.36768
-2.20379
-2.40258
-2.26068
-2.19905
-2.63834
-0.954832
-2.30021
-2.27357
-2.18161
-1.88596
-2.20979
-2.36567
-2.62854
-2.41606
-2.49943
-2.62315
-3.01476
-2.87911
-2.88546
-2.86729
-2.81071
-2.36644
-1.88484
-2.74591
-2.8112
-2.37469
-2.27941
-3.01996
-2.41887
-2.11954
-1.54063
-2.42309
-1.46932
-1.52209
-1.60918
-2.18201
-1.96828
-1.81989
-2.92269
-2.04326
-2.73315
-3.29258
-2.86041
-2.90397
-2.92452
-3.00461
-2.96555
-3.18233
-3.10945
-3.09744
-3.404
-3.25295
-3.53376
-2.95287
-2.77456
-1.95527
-2.26594
-2.20431
-2.77005
-2.40653
-2.19501
-1.74074
-2.4346
-3.06903
-2.53691
-3.0848
-1.72253
-2.71971
-2.74406
-3.2471
-2.96425
-2.25322
-1.78079
-2.66975
-2.44096
-1.60628
-2.17125
-1.48899
-2.11764
-1.93623
-2.00155
-2.2415
-1.94062
-1.42595
-1.58899
-2.32427
-2.15078
-2.28165
-2.40989
-2.09069
-1.96578
-1.27303
-2.45081
-2.17056
-2.15712
-2.12345
-1.85963
1.73696
1.65783
1.6601
2.7394
2.56786
2.46711
2.28292
2.74984
1.97008
1.69971
1.63835
1.82829
-1.37957
-0.868761
0.868428
1.89601
-1.09963
-1.21142
-2.96491
-2.22217
-2.90465
-2.79747
-2.09922
-1.71935
-2.13514
-1.34975
-1.76993
-2.1734
-2.20794
-2.3097
-2.59826
-2.4702
-2.57077
-1.89513
-2.08142
-2.96138
-2.52115
-2.38858
-2.46225
-3.29984
-2.67958
-2.83893
-3.15264
-2.20151
-2.07296
-2.23429
-2.01206
-3.11458
-2.471
-2.41688
-2.50763
-2.84328
-2.53621
-2.50087
-3.03016
-2.2278
-3.00534
-2.94686
-2.56873
-2.91812
-3.27732
-3.05525
-2.2949
-2.39259
-3.14902
-3.21496
-3.00508
-1.94467
-2.58249
-2.48841
-2.52092
-2.78578
-2.88398
-2.68424
-2.9408
-2.70611
-2.57233
-2.63077
-2.76476
-3.36043
-2.50477
-2.38941
-0.964708
2.4769
2.46613
2.22003
2.31428
2.49537
1.62816
2.25537
1.61312
2.18996
2.32075
2.13649
2.62386
2.91531
2.70927
2.91812
2.0197
2.24908
2.28741
2.61333
2.6911
2.83728
2.34448
2.23797
2.15279
2.20337
2.44936
2.39743
1.75202
2.96093
2.37154
2.47957
2.71977
2.56515
2.51021
2.75398
2.49423
2.66201
2.63239
2.03297
2.00924
1.77911
1.66974
1.77521
1.7941
2.18343
1.87472
1.82167
-1.29758
-1.81327
-1.89316
-1.89951
-1.78008
-1.69531
-1.87183
-2.3032
-1.85501
-1.54777
-0.257935
-1.5423
2.39078
2.73122
2.26395
-1.01307
-1.26791
0.80354
2.28323
1.83295
1.88303
-2.30022
-2.62519
-2.63967
-2.38877
-1.1073
-1.85529
-2.21492
-1.98247
-2.33954
-1.94988
-1.95499
-2.65204
-1.76798
-1.85864
-2.54683
-1.57197
-1.6944
-1.24768
-1.6542
-1.57496
-2.28685
-2.28355
-1.99171
-2.89229
-2.75292
-2.74772
-2.5702
-2.89666
-2.74879
-2.71597
-2.77117
-3.09032
-2.35755
-2.88085
-2.96767
-2.98769
-3.06206
-2.01744
-2.32517
-2.00829
-2.86874
-3.09678
-2.83222
-1.91979
-2.37544
-1.37572
-2.18677
-2.55196
-2.62894
-1.51353
-1.70968
-2.12133
-2.10035
-1.51669
-2.238
-2.3855
-2.4171
-1.96877
-2.13363
-1.75848
-2.36014
-2.61923
-2.45613
-2.60202
-1.97661
-3.13265
-2.43942
-2.28451
-2.09809
-1.79422
-2.18778
-2.55279
-2.51685
-2.51728
-1.95331
-2.08318
-1.31874
-1.80982
-2.72582
-1.93185
-2.37709
-2.0686
-2.89072
-2.99682
-2.00668
-2.14893
-2.18286
-2.24128
-2.19157
-2.32588
-2.36304
-2.17976
-2.39016
-2.66389
-2.11855
-2.86753
-2.89471
-3.35605
-3.03585
-2.85918
-2.69243
-3.43281
-2.72852
-2.51664
-2.35841
-2.71359
-2.66627
-3.16001
-2.93333
-2.35906
-3.18586
-2.82747
-3.14542
-2.98055
-2.40932
-2.38184
-2.5267
-1.83712
-3.01832
-2.87274
-2.14953
-2.4943
-2.51444
-2.4237
-2.56707
-2.36756
-2.29612
-2.36453
-2.3875
-2.01895
-2.19378
-2.89286
-2.56596
-2.86121
-2.84893
-2.75706
-2.30949
-2.17488
-2.49971
-2.16293
-2.58157
-2.46895
-2.90682
-2.66215
-2.79613
-3.04438
-3.1179
-2.67676
-2.7094
-2.38556
-2.75858
-2.73878
-2.45389
-2.58069
-2.48186
-2.04061
-2.49879
-3.00205
-2.62481
-1.71581
-2.32377
-2.60441
-1.53354
-2.24043
-2.56013
-2.33445
-3.00048
-2.78759
-2.69547
-3.19874
-2.73658
-2.94612
-2.27803
-2.46135
-2.84228
-2.83565
-2.3029
-1.88794
2.01234
0.735221
-1.63071
-1.71636
-1.78647
1.36853
-1.69237
-2.30012
-1.13195
0.345789
-1.18701
-1.15649
-1.67598
-1.98541
-1.49436
-1.77914
-1.68135
-1.35763
-0.207176
1.89363
2.51767
1.2838
2.03702
1.20936
-2.63663
-2.02954
-2.742
-2.02515
-2.56085
-2.57387
-2.08107
-1.94393
-1.70958
-1.80326
1.04986
1.29193
0.403202
1.46841
1.49771
1.56824
2.06136
1.80723
1.92405
2.74743
2.26826
1.56927
2.49091
2.59611
2.5527
2.74597
2.78667
3.18631
2.86853
2.73763
2.27415
1.88914
2.64179
2.49254
2.2135
2.30102
3.05703
3.00064
1.52626
2.47541
1.78536
1.69181
2.36969
2.23735
1.95522
2.49962
1.9673
1.501
2.48066
1.97528
2.27464
1.67124
2.10038
2.1189
2.16241
2.49146
2.45225
2.51823
2.96655
2.6959
2.77566
2.61996
2.04095
2.66279
1.79279
2.00564
2.29049
2.0248
2.73895
2.36051
2.61233
1.86216
2.42598
1.82667
2.11732
2.53147
1.98562
2.51773
2.21049
1.8779
1.84294
1.90145
2.3936
2.1364
2.46734
1.79135
2.03518
2.21697
1.86815
1.20686
1.57158
2.498
2.2672
1.75922
2.67553
2.05607
2.10508
1.43127
2.33669
2.53444
0.949711
1.51076
2.63146
2.04458
2.42193
2.19623
1.91246
2.86585
1.54615
2.47637
2.58305
2.87925
1.86587
2.72325
2.95654
2.22908
1.91517
2.60981
2.41734
2.60026
1.96123
1.81952
1.96122
2.29961
2.91031
2.95149
2.16331
2.49308
1.88968
2.05204
2.21243
2.43165
2.7184
2.13586
2.7557
2.71584
1.8203
2.14862
2.59855
2.86227
2.13023
2.49
2.01273
1.13262
1.81314
1.71169
-0.64844
1.09889
-1.90702
-2.70579
-3.18699
-2.13887
-2.30445
-1.69331
1.96655
1.10392
1.71999
1.09238
-1.22783
-1.57511
-1.48935
1.57608
-1.41301
-1.10937
-2.62752
-2.44204
-2.71495
-2.68282
-3.03106
-2.63638
-2.07628
-1.75961
-1.98474
-2.41482
-2.5816
-2.28873
-2.22197
-1.49974
-0.534526
-2.22527
-1.99227
-2.00771
-1.55802
-2.05689
-1.58544
-2.0598
-1.96442
-2.49967
-2.52919
-2.26067
-2.07081
-1.79881
-2.62034
-0.506499
-1.7517
-1.93929
-2.01377
-1.77218
-2.30461
-2.56132
-2.01196
-2.35087
-2.50548
-2.8912
-2.80043
-2.44135
-2.79415
-2.89547
-3.2718
-2.69565
-2.47394
-2.76041
-2.46509
-2.56514
-2.45194
-2.79543
-2.59071
-1.94231
-1.47806
-2.62758
-2.19714
-2.28654
-2.21062
-2.24326
-2.50323
-2.65626
-3.13049
-2.38789
-2.25325
-2.32502
-2.35485
-2.34973
-3.16712
-3.09602
-2.31387
-1.85868
-1.90662
-2.46019
-2.34384
-2.49218
-2.38551
-2.60659
-3.1156
-3.18985
-1.80133
-2.80024
-2.62536
-2.68435
-2.28091
-2.18364
-2.15351
-2.90175
-2.40239
-2.7024
-2.33258
-3.03001
-2.06402
-2.00375
-2.11563
-1.74394
-1.89036
-2.14719
-2.52255
-2.39984
-2.57745
-2.52724
-2.10366
-2.28406
-2.04354
-1.3187
-2.31553
-2.13644
-2.24055
-2.26323
-2.78206
-2.66307
-2.32805
-2.78233
-2.3853
-2.67932
-2.02338
-1.95264
-2.36624
-1.7352
1.63823
2.25965
1.81464
1.4353
1.81688
1.75876
1.75497
-1.86715
-2.09235
-1.66638
-1.80679
-2.24012
-2.08953
-1.78649
-1.89588
-2.0125
-2.36634
-2.14117
-0.789925
-2.24062
-2.48303
-1.24369
-2.19097
-2.63147
-2.70964
-2.344
-2.19129
-1.58908
-2.23207
-2.15899
-1.86589
-1.86598
-2.49382
-2.07996
-2.12573
-2.21032
-2.05933
-2.84689
-2.76463
-1.78968
-2.27221
-2.41707
-2.18619
-2.23414
-2.45889
-1.72454
-1.64633
-2.10694
-1.83521
-0.984607
-1.58036
-1.50532
-2.22306
-1.90699
-2.45626
-2.36893
-2.63273
-1.63556
-2.00464
-2.4863
-2.38573
-1.82716
-2.35962
-2.36762
-2.13079
-2.4898
-2.33749
-2.67993
-2.46152
-1.40096
-2.55426
-2.22419
-2.51742
-1.69808
-1.88374
-1.83208
-2.22637
-0.740582
-1.24004
-2.27166
-2.07094
-2.07563
-1.91266
-2.30053
-2.05288
-1.50599
-1.76139
-2.81102
-2.49367
-2.21451
-2.38443
-2.69557
-1.83787
-2.63745
-2.5967
-1.77859
-1.45779
-1.96324
-1.73696
-2.34339
-2.47801
-2.37856
-2.49354
-2.36621
-2.14541
-1.67118
1.90924
1.65121
1.13134
-2.49471
-1.68812
-1.89532
-1.40944
-2.29325
1.65695
-1.25683
-2.50528
-2.1304
-0.180231
-2.17992
-2.24584
-2.05682
-2.32872
-1.94452
-2.15803
-2.6841
-1.69564
1.66588
-1.05541
-1.32295
-2.43774
-2.57488
-1.07518
-1.69664
1.97514
2.26595
1.37369
2.33711
1.88401
2.18162
1.73087
1.39412
2.25409
2.01112
2.05412
2.40629
2.69604
2.11649
1.05577
1.20145
1.99325
2.0824
1.83189
2.38319
0.974546
1.12275
0.247329
1.78919
3.19154
2.63443
-1.67481
-2.25943
-1.86293
-1.70458
-1.40742
-1.68178
-1.90446
-2.33106
-1.16025
-2.67116
-2.50402
-2.15625
-1.78176
-1.70144
-2.18484
-2.20621
-3.00076
-2.66876
-2.26254
-2.95091
-2.65586
-2.74258
-2.31136
-2.60887
-3.70849
-2.06494
-2.39334
-2.3022
-2.99141
-2.68312
-3.06774
-2.51819
-2.5121
-2.57225
-2.40343
-1.94291
-2.23201
-1.76708
-2.51476
-2.33908
-2.36755
-2.49815
-2.83087
-3.12821
-2.92348
-2.49243
-1.90437
-1.86281
-2.51429
-1.78565
-2.27442
-2.30737
-2.11463
-2.18358
-2.46685
-1.98216
-1.81975
-2.4022
-2.03932
-2.14743
-2.60312
-2.18794
-3.20379
-2.9026
-3.22906
-3.04549
-2.24537
-2.3603
-2.26644
-2.18918
-2.46295
-2.16646
-2.28325
-2.5882
-2.19563
-1.72818
-2.06331
-1.69385
-2.23621
-2.16708
-1.47552
-1.52266
-2.06871
-2.82504
-2.66742
-2.69712
-2.67822
-2.72355
-2.62598
-2.4159
-2.68563
-2.36596
-2.25374
-2.16737
-2.75251
-1.9992
-2.33277
-2.06034
-2.98394
-2.6051
-2.9435
-2.3384
-1.1063
-1.46456
-1.82472
-1.55916
-1.79952
0.412809
-0.804412
-1.9292
-1.11492
-1.31525
1.57216
2.3015
1.80248
-2.50612
0.783796
-1.63131
-1.29103
-1.06465
2.32502
-1.07059
-1.75196
-1.77653
-2.54865
-2.061
-2.4193
-2.49988
-2.12534
-2.08125
-1.55679
-1.91107
-1.94123
-2.51745
-1.95383
-1.68907
-2.27863
-1.92278
-2.01964
1.81322
2.22833
2.40163
1.88303
1.70792
1.92355
2.09194
2.27512
2.23919
2.223
2.43318
1.9249
1.71215
2.11953
1.57017
1.2622
0.330003
1.75259
1.94882
1.86261
2.40019
2.1044
2.1825
1.88722
-1.26028
1.1972
1.8351
1.58375
-1.94545
-2.59595
-1.87857
-2.29002
-1.92025
-2.4353
-3.15479
-2.69318
-2.11092
-2.49349
-2.89243
-2.22983
-2.40277
-2.18925
-2.78328
-1.31754
-1.04063
-1.85812
-2.32614
-1.5196
-2.47467
-2.11817
-1.88016
-1.80606
-1.81447
-2.07505
-1.94732
1.99637
2.123
2.30739
-0.358727
0.227948
-1.58803
-1.72105
-1.71944
1.31531
1.71842
0.947586
-1.93349
-2.06633
-2.23521
-2.55731
-2.59167
-2.57662
-2.82315
-2.10845
-2.59362
-2.49922
-1.86777
-1.82719
-1.40732
-1.02845
-2.16818
-2.33957
-2.33876
-1.92198
-2.21681
-2.35111
-2.06888
-2.10499
-2.2672
2.08292
1.92556
0.552759
-2.30175
-1.71033
-1.73256
-2.0156
-2.28266
-2.05247
-1.1487
-1.70927
-1.9749
-1.82406
-1.57448
-1.07407
-0.0419543
2.04256
1.77519
-1.76079
-1.63158
-2.23632
-2.44904
-2.32676
-2.14485
-2.35739
-2.91732
-2.52853
-2.47306
-2.32798
-2.19832
-2.80675
-1.17074
-1.53114
1.6245
-1.57195
-1.23205
-1.58177
-1.42241
1.96289
0.672552
1.48724
0.496246
1.52522
1.90184
1.50665
0.300326
0.685966
2.5925
2.55429
2.76015
3.0165
2.65892
2.20982
2.59375
2.49459
2.96309
2.36019
2.67592
2.44753
2.71921
2.27788
2.77538
2.57017
1.72795
2.02261
1.99159
3.08804
2.31997
2.38292
2.53684
2.57223
2.20444
2.31298
2.45195
2.0851
2.5347
2.77878
2.71555
2.78823
2.17779
2.34991
2.33883
2.75997
2.76351
2.15989
1.83916
2.3557
1.77708
2.43717
3.58653
2.9204
2.68002
2.31512
2.41995
3.12479
3.17635
2.92953
3.03766
2.6737
2.36693
2.91909
2.91753
2.77138
3.00973
2.95388
2.76016
2.55322
3.12727
3.0121
2.92112
2.7798
2.93744
2.69502
2.96692
3.10394
2.87253
3.29866
2.71527
2.82563
2.60997
2.40413
2.41196
2.9812
2.85693
2.19425
2.11182
2.47885
2.61519
2.71192
2.85037
2.60464
2.80251
2.18049
2.18
2.44197
2.44419
3.02255
2.14978
1.94528
2.30518
2.13618
1.92136
2.22221
3.05721
2.70428
2.25845
3.18112
2.93392
2.56927
2.30902
2.63067
2.54814
2.7799
2.65048
2.32224
2.60409
2.58841
2.60594
1.8259
1.53078
2.12416
2.36729
2.76371
2.82929
2.91239
2.75335
2.93195
2.01831
1.89045
2.86749
2.82947
3.0059
2.17975
2.50125
3.04881
3.46672
2.45598
2.25747
2.72969
2.74253
2.56469
2.72557
2.70286
2.58879
2.91173
3.15176
2.17935
2.11506
2.69107
2.17921
1.96884
2.06616
1.85614
2.29981
1.99905
2.2888
1.25336
2.30483
3.31471
2.81838
2.74814
2.99618
2.7268
2.66789
3.0584
2.82074
1.7884
2.52482
2.87895
1.91947
2.11022
2.37018
2.5185
2.62125
2.87905
2.18571
2.82187
3.19457
2.35411
3.0965
2.80319
2.74354
2.74863
1.77281
2.77667
2.14907
2.95592
3.29313
3.46997
2.47516
2.03639
3.13676
2.97813
2.81005
2.19452
2.43075
2.66553
2.64422
2.23072
1.79972
2.61268
2.66522
2.1821
2.48505
2.5778
2.85735
2.78679
2.80631
2.22415
2.10461
2.45438
2.49614
2.09018
2.31829
2.06544
2.46463
2.64341
1.96801
2.02858
1.91931
3.08257
2.75299
2.71789
2.85035
2.83767
2.29075
2.39382
2.24288
2.34012
1.85628
2.39595
2.31503
2.70792
2.48212
2.27925
2.15923
1.97929
2.21882
2.40148
2.36791
1.89343
2.2209
1.45627
2.01898
1.82122
2.16512
2.32324
2.28765
1.82658
1.88793
1.26711
2.13493
1.83148
1.86724
2.63518
1.85785
2.46623
2.05086
1.68333
1.7521
2.07211
2.09617
2.69641
2.22632
1.94873
2.32621
1.84189
2.28057
2.51912
2.5331
2.24898
2.51973
2.58839
3.11435
3.21491
2.28188
2.456
2.05732
2.41306
2.85333
2.7146
2.58345
2.16603
2.70061
2.38605
2.5347
2.10503
2.02597
2.34131
2.26481
1.50134
1.80758
2.32309
1.93684
1.61107
2.59397
2.35019
2.61125
2.71693
2.81839
2.1751
2.0365
2.02609
2.62456
2.5719
2.03612
2.99615
2.0731
2.42206
2.51941
2.63446
1.89794
2.05796
1.50084
2.60493
2.61442
2.7266
2.65063
2.30447
2.48262
2.04665
2.33917
1.97207
2.85004
1.70367
1.41017
1.62227
2.53842
2.39121
-1.52165
-1.54009
-0.19377
-1.67286
-0.838736
-2.09838
-1.52404
-1.02116
1.18934
2.04213
1.73182
1.54547
2.00428
1.76937
2.20278
1.97723
2.70744
2.67211
2.21936
2.14797
3.0173
2.77873
1.74347
2.33117
3.46163
2.15144
2.32616
2.872
2.43925
2.33845
2.33556
2.77958
2.45523
2.39522
2.15063
2.37906
2.54061
2.81105
2.23131
2.68455
2.63491
2.19249
2.43816
2.45504
-2.1795
-1.81063
-0.645324
1.37479
-1.22011
-1.05356
-1.12508
0.00113116
0.814222
2.58698
0.997922
1.93438
-1.33219
-2.47969
-2.38671
-2.031
-1.99074
-1.7926
-2.29862
-2.72901
-1.9072
-1.40742
-0.701139
-1.94412
-2.6307
-1.80828
-2.07698
-1.78771
1.75123
2.11818
1.49305
2.09724
-1.61544
-1.75461
-1.29502
-1.5595
1.39632
1.60416
1.23877
2.35877
2.29821
0.778389
-1.99163
-2.25819
-2.31448
-2.76981
-2.1987
-2.11822
-2.28971
1.93011
1.92533
2.07585
2.59247
1.75004
2.23231
2.15238
2.4807
2.46968
2.27284
2.20145
2.07647
1.56487
1.81614
2.18929
1.27069
1.57575
-1.19513
-1.2926
-0.745539
-1.93767
0.239505
-2.13387
-1.82163
-1.97611
-1.42183
-1.69839
2.02776
1.98169
-1.50188
-1.29125
-1.88687
-2.45469
-2.39303
-1.66173
-1.9721
-1.57591
-1.6868
-1.95266
-2.2933
-1.15683
-2.34858
-2.20944
-2.3197
-2.19932
-2.46956
-2.19861
-1.09336
-2.6065
-2.73043
-2.58818
-2.26116
-2.56346
-2.45308
-2.02317
-2.20342
-2.01042
-2.12817
-1.79755
-2.51011
-1.21139
-1.33898
0.397365
-1.6151
0.855648
1.85631
2.02271
0.263868
-0.228041
0.917387
-0.740056
1.49318
-0.188207
-2.09195
-1.97559
-2.09915
1.77365
-1.44327
2.54291
1.53689
-1.34901
-2.53907
-2.51816
-2.94088
-2.30133
-2.67079
-2.76911
-2.92455
-2.38422
-3.00299
-2.88829
-2.79812
-3.10257
-2.6248
-2.23704
-1.0992
-1.75434
-2.16531
1.57262
0.0719258
0.307115
-2.35359
-2.26976
-2.298
-1.46634
-1.72773
-1.51306
-1.3514
-1.53564
-2.29459
-2.07067
-2.43913
-2.42689
-2.55767
-2.281
-2.94226
-3.09253
-2.41978
-2.06982
-2.23836
-1.47518
-2.63143
-2.14592
-2.38925
-2.97226
-1.96574
-2.54999
-2.0952
-2.62969
-2.11293
-1.80217
-1.24631
-2.43505
-1.47685
-1.67188
-1.47069
0.65103
1.34668
2.52913
1.71369
-1.72228
-0.608516
0.475647
-2.59447
-1.55727
-1.7554
-2.13091
-2.29035
-1.96889
-1.36845
-1.99817
1.67431
1.62885
-2.48938
-2.37711
-1.9039
-1.47252
-2.04499
-1.77538
-1.3288
0.815941
1.90824
2.10904
2.26664
2.22613
2.08629
1.17257
1.04068
1.00633
-2.40114
2.04743
-0.576496
-2.27417
-1.62545
-1.16373
-2.45139
-0.624115
2.00659
1.8742
1.84317
-2.14378
-1.61309
-2.27679
-2.15001
-2.88776
-1.93021
-0.580228
0.380398
1.84349
-1.47815
-1.73334
1.0899
2.21742
2.23078
2.11986
1.46735
2.07035
1.92302
2.32965
2.07714
2.32478
1.91096
1.94044
1.97164
2.92135
2.81522
2.51792
2.36853
2.80647
2.38372
3.39154
1.92675
1.76464
1.39553
3.36451
3.01811
3.31263
1.81848
2.61896
2.28237
2.77792
3.04748
2.52283
2.42198
1.96985
2.9395
2.91315
3.04188
2.69728
2.34895
2.37692
3.2668
3.08923
2.05185
2.74293
3.05654
3.25543
3.12079
2.66458
2.77195
2.97662
2.88103
2.14762
2.60491
2.81293
2.58204
2.00126
1.16203
1.98032
1.55829
1.23469
1.61041
2.09464
1.94197
2.12479
1.51684
0.830614
1.74455
2.0115
1.96829
1.27605
1.96798
1.39696
-1.30117
-2.1134
-2.598
-3.07008
-2.80359
-3.13054
-2.63027
-3.06165
-2.42965
-2.50186
-2.05722
-2.09832
-1.63532
-2.38883
-2.24446
-2.56562
-2.09947
-2.15382
-1.9905
-1.97182
-2.3252
1.97866
1.36713
-1.74319
-1.57692
-1.55316
-1.29262
-2.62867
-2.46721
-2.49631
-2.31554
-2.09752
-2.03202
-2.54924
-2.50466
-3.09768
-2.20018
-1.73535
-2.51611
-1.38627
-2.2597
-2.18919
-2.62864
-1.32845
-0.787159
2.14315
-1.36054
-1.10841
-1.42868
-1.69804
-1.89849
1.87887
1.60757
1.67708
-1.03909
1.88641
2.69054
2.64962
1.49187
2.31716
2.43114
3.45257
-1.36148
-2.27069
-2.04083
-1.89802
1.87199
-2.18326
-1.75434
2.13246
-0.619531
-2.18564
-1.49943
-1.55468
-2.70234
-1.08874
2.51792
2.36944
2.24221
-2.07669
-2.09145
-1.93962
-1.80415
0.446993
-2.1661
-1.98155
-2.168
-2.32183
-2.26151
-2.36659
-2.35396
-2.4932
-2.02457
-2.08517
-2.3864
-1.70484
-1.68816
-2.41804
-2.11455
-1.78491
-1.93204
1.65074
-1.56344
-1.63762
1.79735
1.58391
1.29524
2.19686
2.67205
2.63286
3.11913
2.89202
2.86225
2.74934
3.03508
2.91406
3.27438
2.59762
2.25257
1.97133
1.46657
2.3246
2.14577
1.89539
1.97996
1.2732
-1.50577
1.10669
2.09395
1.98632
-1.49574
-1.09223
1.79996
2.02354
2.67711
2.87051
2.27249
1.81638
-2.17084
-2.17247
-2.43556
-1.79132
1.03015
1.50336
2.15136
1.76217
1.23756
2.1286
1.78151
1.97354
0.868671
1.35806
-0.524814
-1.74385
-1.93616
-2.33928
-2.20089
-1.82781
1.67433
2.05241
2.53091
2.43411
2.65255
2.92384
3.04775
2.6067
2.31225
1.91401
2.48279
2.2785
2.55712
2.53926
2.0014
2.76178
2.49834
2.14375
2.84261
1.92831
2.23484
2.44996
3.00917
2.0585
2.5041
2.02198
2.53685
2.16329
1.70821
2.0128
2.2583
2.25769
2.19199
2.01647
2.74905
2.0624
1.99981
1.70172
1.29837
2.11576
1.87832
1.22237
2.00212
1.71121
2.05089
1.74211
1.82468
1.85398
1.71924
2.37502
2.28061
1.86845
2.78335
2.65255
2.63308
2.65039
2.20947
2.02414
2.3384
2.39265
2.27047
2.36391
2.32383
2.4892
2.39862
2.07574
1.83136
3.11992
2.87197
2.42074
1.97038
2.15971
2.57254
1.97748
1.81819
2.36436
2.66319
2.13122
2.52423
2.05541
2.69987
2.63298
3.00232
2.97146
2.73598
2.77192
2.53847
3.41325
2.84888
2.53542
2.60566
2.5159
2.29223
3.07726
2.64145
2.9437
2.91955
2.48311
2.38253
2.40549
3.09582
2.71688
2.45622
2.57975
2.20309
2.67979
2.81353
2.53398
2.61626
2.99212
2.74166
1.56199
1.95498
3.06213
2.19257
2.34793
2.62368
2.60195
1.83751
1.51492
2.93162
2.59261
2.05651
3.12492
3.16381
2.99715
2.78259
2.42427
3.10518
2.72995
2.97384
2.90632
2.81351
2.71164
2.55971
2.34426
2.70608
2.47434
2.74272
2.67323
1.95778
1.90677
2.63573
2.92208
1.82291
2.48351
2.52033
2.78855
2.94354
2.75599
2.48911
2.51194
2.81624
2.7764
2.8059
2.72439
2.50404
2.90179
2.84265
3.18786
3.01467
2.92331
2.79164
2.93969
2.97763
2.90425
2.59953
2.42848
2.11464
2.26276
2.68424
3.15966
2.95406
2.29911
2.4039
1.76734
2.78518
3.27957
2.94653
2.47893
2.69545
2.5885
2.8998
2.44024
3.33525
1.8246
2.85067
2.93453
2.33896
1.68125
2.25746
2.13527
2.27534
2.63933
2.66726
1.4357
1.35566
1.82698
2.28996
2.04548
2.2086
2.26439
2.45265
2.33013
1.98593
1.95015
1.41875
1.94235
2.08938
2.20847
1.62471
1.89829
2.23112
2.61352
2.19502
2.3359
2.2167
2.2213
2.00288
1.15816
1.79217
1.91066
2.10028
2.08939
2.08392
2.44486
2.70804
2.86002
2.43349
2.6588
2.7896
2.80559
2.89852
2.91912
2.02124
1.02593
3.2159
2.9394
2.67112
2.28529
2.22661
3.01978
2.59156
2.54981
2.88313
2.65391
1.62254
2.88972
2.44024
2.18818
1.95623
2.49575
2.81802
3.05331
2.76671
2.99674
2.10539
2.23437
2.47102
2.35652
2.178
2.117
3.39444
3.1724
2.47577
2.537
3.53015
3.40128
1.90036
2.49637
1.89792
2.89864
1.64748
2.7353
2.15147
2.33527
1.93344
2.40142
2.20776
2.05966
2.50408
2.61887
2.42413
2.62823
2.20127
2.80434
3.45181
2.93072
2.68156
2.62758
2.35061
2.59602
2.3871
3.04152
3.17462
3.34319
3.1147
2.87224
2.88541
3.41404
2.87873
2.90038
2.72276
3.05849
2.94026
2.85298
2.87153
3.21782
3.15578
2.46449
2.56044
2.35675
2.25717
2.6825
2.75311
2.93033
2.39924
2.43576
2.55926
2.93066
2.84415
2.20691
2.04762
2.82328
2.73767
3.16111
2.73464
3.01744
2.48862
3.03411
2.8308
2.8093
1.96225
1.64907
2.31955
2.64052
3.212
2.87931
2.54389
2.37247
2.13738
2.24457
2.48965
2.50517
2.65816
2.51783
2.46203
2.44207
2.54591
2.55394
2.73722
2.22266
1.91215
3.02946
3.03314
3.00669
2.79755
1.84771
1.23882
2.54152
2.91616
2.90028
3.11923
2.89612
1.87394
2.38255
2.59828
2.8133
2.47845
2.05988
2.2666
2.26526
2.05552
2.27111
2.41639
2.69063
2.64043
3.00994
2.60235
2.40455
2.56192
2.0322
2.58044
3.01797
2.1197
2.00263
2.64781
3.00502
2.41345
2.64672
2.60071
2.75293
2.52623
2.87725
2.39232
2.93882
3.17452
2.44082
2.41049
2.84233
2.48184
2.49688
2.46867
2.41999
2.77413
2.2592
2.75342
2.46028
2.11584
2.15436
2.59597
2.43705
2.61715
2.44835
2.54839
2.70784
2.58023
2.30512
2.76506
2.6843
2.78536
2.28877
3.83557
2.11682
3.4256
2.64864
2.83172
3.02145
2.9282
3.175
2.81685
2.62361
2.70066
1.96649
3.35847
3.0084
2.62054
2.86874
2.74821
2.58079
2.92923
2.33689
2.23924
2.50458
2.38254
2.62031
2.9264
2.49168
2.79443
3.4391
2.87496
3.19584
2.0381
1.51809
2.84781
2.35223
2.06149
2.21274
3.37834
2.79727
2.80745
2.48011
2.7086
2.62427
2.85831
2.69844
2.33044
3.10864
2.60857
2.73517
2.59681
2.65863
2.96739
2.64099
2.57576
2.93979
2.79033
2.17567
1.86562
2.8642
2.80786
3.07832
2.88552
3.00294
2.64888
3.02273
2.65034
2.55691
2.8715
2.85991
2.8869
2.58827
2.85074
2.88025
3.33186
3.0411
2.47976
2.41693
3.09185
2.92172
2.99077
2.83183
2.0444
3.256
2.1915
2.43647
3.09338
3.35599
2.12909
2.65396
2.63214
2.36955
3.05988
3.18484
3.0344
2.92726
2.30845
2.43548
2.57527
2.44373
3.25127
3.17574
2.66697
3.37432
2.64938
3.12836
3.58798
2.71078
2.92098
2.79214
3.43897
3.43004
3.72438
2.22379
2.26166
2.98646
2.38245
1.59795
2.18419
1.99842
2.28096
2.07363
1.93486
2.28257
2.05188
2.03464
1.87156
2.21681
2.05065
2.16157
2.21635
2.34331
2.4699
2.36605
2.64388
2.20244
2.15356
1.50988
2.28666
1.93212
1.87698
2.74894
1.6645
2.32647
2.54766
2.31977
2.72978
2.11376
1.99393
2.5776
2.0205
2.50669
2.67454
2.52826
2.01392
2.58558
2.16083
2.1608
2.29237
2.61807
2.33343
1.49563
2.2181
1.93214
2.70485
1.6187
2.48446
2.224
2.75051
2.81125
2.63705
1.89395
2.00981
2.13195
2.33578
1.7329
2.42583
2.28356
2.23117
2.29229
1.60454
2.14606
2.34422
3.02148
3.02746
2.82741
2.71042
2.72174
2.52846
2.40178
2.4518
2.45369
2.40599
2.58616
1.77237
3.29482
2.9176
3.09573
2.67368
3.13721
2.78861
2.62056
2.96857
2.71488
2.5952
2.66376
2.94801
3.36746
3.5117
2.52162
2.49732
2.8055
2.54506
3.28047
2.98033
3.05514
2.1596
2.41163
2.6835
2.23909
2.07001
3.40334
3.23756
2.78651
3.02583
2.86853
3.08562
1.66738
2.43137
2.05956
1.85562
2.11492
2.2395
2.07344
2.24899
2.12298
2.07758
2.03777
2.28847
3.05176
2.33189
2.82127
2.59481
2.64675
2.53804
3.41827
2.79178
2.61848
2.34071
2.48029
2.41349
2.37095
3.22479
3.45626
3.0556
2.9126
3.00967
3.01376
2.44478
2.31681
2.33354
2.43072
2.45559
3.18471
2.46877
2.28015
2.40527
1.85093
2.64163
2.7042
2.6726
2.72722
2.31097
2.78722
2.77542
2.68746
2.06783
2.77754
2.68577
2.56343
2.36953
1.60273
2.61711
2.18253
2.16597
2.08779
1.98366
1.15395
1.90249
1.83804
2.10728
1.75129
2.15301
1.84228
1.96788
2.24099
2.2739
2.18142
1.56996
2.09623
2.0968
2.58585
2.45249
2.32567
2.76848
2.56147
2.43526
3.29134
2.4022
2.89602
3.40399
3.28301
3.3136
1.81098
2.56338
3.05491
2.9096
2.65326
2.74129
2.66811
2.81306
2.53389
1.98554
2.14057
3.18728
3.52039
2.9595
1.97902
2.14345
2.52843
2.93587
2.98106
3.02412
3.28263
2.85555
2.65801
2.79239
2.18228
2.15602
2.43975
2.9583
3.19142
3.55504
2.91884
2.88753
3.29349
3.34591
3.052
2.13615
1.84919
1.86808
2.29459
2.35119
2.18927
2.42666
2.53694
2.67339
2.57375
2.50938
2.76651
2.79995
1.94762
2.50861
2.82073
2.66854
2.4365
2.75616
2.18756
3.06427
2.82812
2.8506
1.99938
2.26524
2.77174
2.67375
2.63553
2.98555
3.07141
2.99219
2.9025
2.79595
2.54642
2.86214
2.12036
2.24601
2.44789
2.45235
2.40537
2.3665
1.91411
2.96825
2.84507
2.47268
2.40098
2.35384
2.36939
2.32239
2.3805
2.3943
2.60843
2.54564
2.5406
2.41165
2.31518
2.7712
2.78291
2.28585
2.44031
2.60369
1.78908
2.27912
2.3832
2.36123
2.6931
2.89688
3.02735
2.75014
2.58057
2.63412
2.70121
2.29193
2.73689
2.73089
2.83468
2.14474
2.1059
2.38385
2.65162
2.84486
2.56108
1.85138
2.49072
2.26318
2.1933
2.30582
2.10943
2.1446
2.12387
2.91228
2.38636
2.17249
2.56643
3.32575
3.06923
3.15739
2.8028
2.52635
2.76496
2.07019
2.96904
3.11338
2.93382
2.60719
3.15093
2.48006
1.82081
2.47018
2.62789
2.61629
2.46108
2.63198
2.7901
2.42804
2.3567
2.34282
2.90091
2.09652
3.39091
2.57218
2.39399
2.59288
2.30623
2.09862
2.20024
2.52452
2.65696
2.83964
2.15711
2.29659
1.76459
2.34555
2.97582
3.23694
3.11681
2.76864
2.91123
3.04336
2.3012
2.53821
2.56668
3.15395
2.74363
2.05905
3.45991
2.4093
2.64803
1.75399
2.26994
2.2992
2.50675
2.53073
2.53227
3.19525
3.08088
2.7326
2.87754
2.39985
2.55469
2.83103
3.05521
2.37501
2.64326
2.49941
1.82808
2.22381
2.03627
3.70863
2.43927
2.35347
3.23441
2.29932
2.90037
2.41567
3.01849
2.62099
2.73604
2.55458
3.03071
2.45317
2.46628
2.60979
2.57683
2.11138
1.92291
2.51917
2.81349
2.60197
2.46107
2.39678
1.19082
2.08182
2.37843
2.05486
1.68211
2.00531
2.10157
2.62594
2.63043
3.32076
3.22891
2.72037
2.26298
2.66326
2.20382
2.00378
2.80354
2.81562
1.98814
2.47513
2.32331
2.63916
2.30965
2.3623
2.39593
2.40974
2.34076
2.43929
1.96647
2.2045
1.99813
2.47588
2.0643
2.33237
2.32947
2.41244
2.23147
2.52586
2.17227
1.74007
2.51259
2.64248
2.36413
2.34978
2.05922
2.65086
3.01173
2.70962
2.43261
2.34272
1.84355
2.27566
2.38373
2.6116
2.61418
1.92067
2.20672
2.0773
1.34354
1.98745
2.85843
2.95968
2.33147
2.68928
2.63895
1.78345
2.04403
2.54668
2.49777
2.43055
2.58962
2.24608
2.0191
1.71084
2.90865
2.50997
3.46436
2.63384
2.70253
1.99327
1.98338
1.91069
1.41525
1.92667
2.16476
1.26285
1.90278
1.83633
1.96
2.54592
1.86875
1.64545
1.10694
-1.37841
1.90031
-0.604441
-2.38399
-2.04139
-2.01331
-1.64002
-2.95681
-3.15854
-3.27401
-2.26328
-2.27925
-2.16568
-1.95223
-1.85152
-2.02766
1.73525
2.40235
2.52151
2.0974
0.3563
-1.41206
-1.52029
0.851075
2.96494
2.70777
2.51405
2.57196
2.57961
2.80162
2.4492
2.45903
2.60974
2.73997
2.26456
2.52191
2.17312
2.60494
2.98252
1.96799
1.78606
2.42133
2.03946
2.46018
2.60205
2.27879
2.15268
1.85803
1.68968
3.07614
2.09559
2.41859
2.18703
1.79317
1.99896
2.27353
2.12933
2.18458
2.55518
2.63717
2.10752
2.87345
2.57073
2.54909
1.7591
2.00334
2.41666
2.23462
2.46711
1.56003
2.31778
2.1128
2.85824
2.95192
2.95485
1.86394
2.9074
2.27604
2.72705
2.54195
2.4917
1.7049
2.3555
1.57283
2.43241
2.41558
2.29443
2.56957
2.69385
2.21157
2.52376
2.68246
2.32325
2.57429
2.40742
2.69558
2.44399
2.98533
3.06245
2.49129
2.05453
2.15949
2.82198
2.71467
2.88433
2.75279
2.70019
2.87946
3.02071
3.01602
3.02008
2.35546
2.40193
3.0821
2.35123
2.55873
2.43222
1.62753
1.78772
2.24124
2.36323
2.3658
2.26514
3.21623
3.31692
2.52945
2.2987
3.35986
2.77003
2.90544
2.85922
2.79365
2.8484
2.77381
2.88391
3.03824
2.33112
2.53923
2.57101
2.75177
2.57583
2.28805
3.11534
3.33535
2.01714
2.21332
2.57605
2.46988
2.11455
2.44146
2.28938
2.89749
2.74123
2.85378
2.69062
2.59322
2.38521
2.61973
2.15495
2.38436
3.22226
2.71714
2.66754
2.45537
2.19753
2.38325
1.40437
2.9216
2.54244
2.9664
2.61794
2.56817
2.58147
2.53928
2.88078
1.21316
2.06537
2.27493
1.99426
2.68378
1.50835
-2.25151
1.9815
-1.84316
-2.11022
-1.46729
-2.0833
-2.24898
1.79509
2.04242
2.6727
2.77393
1.3531
1.71801
2.17848
1.69924
2.58749
1.71802
2.19717
2.0075
2.27082
2.25041
1.21928
-1.99525
1.88832
0.359911
1.29541
1.04683
-1.09663
-1.97796
1.14806
-1.86408
-1.28306
-1.52397
-1.50835
-1.79053
-2.00951
-2.31616
-1.48436
0.659287
1.02289
1.63045
2.29379
2.34314
2.01731
-1.53079
-1.50729
-2.21457
-2.32652
-2.42205
-2.94688
-1.6169
-2.38899
-1.80958
-2.62727
-2.72481
-2.50206
-1.87138
-1.70835
-1.47929
-2.03132
-2.32362
-2.2179
-2.53523
-2.2798
-2.9007
-1.61623
-2.1116
-2.11112
-1.79794
-1.75242
-2.08048
-1.84926
-2.97168
-3.05763
-2.88885
-3.04382
-2.83782
-3.00661
-1.49752
-1.95968
-2.38933
-2.04835
-3.04889
-2.61995
-2.61485
-3.10667
-2.23316
-2.20969
-2.53224
-3.02082
-2.35686
-2.30559
-1.74545
-1.94207
-1.89952
-1.99919
-2.47712
-2.25219
0.977015
1.5072
2.15423
2.19287
0.514901
0.285751
1.72465
1.55557
-2.51291
-2.63016
-2.65807
-2.02359
-2.09212
-2.28302
-2.62102
-2.14839
-1.8359
-2.36703
-2.57219
-1.37134
-1.99304
-2.19218
1.00851
1.5559
1.78721
1.79972
-1.68445
-2.00549
-0.941993
-2.21049
0.806135
-2.35269
1.14773
-1.68665
-1.97663
-1.78292
-1.95878
-1.81318
-2.03798
-2.73919
-2.6696
-3.09762
-2.59219
-2.47954
-2.57323
-2.65554
-2.04035
-2.02295
-2.57958
-1.79666
-1.08494
-0.917275
-2.57261
-2.02997
-1.33988
-2.45991
-1.76533
-1.64271
-2.31293
-2.18261
-1.60881
-1.50176
-2.05585
-1.82941
-2.00238
-2.43305
-2.44544
-2.23243
-1.99303
-1.70331
-2.73818
-2.53227
-2.33247
-2.33414
-2.12624
-2.08093
-2.73603
-2.73718
-2.46697
-2.60356
-2.19455
-2.58369
-2.07886
-2.47066
-1.48089
-2.42372
-2.32945
-2.95783
-2.61428
-1.93243
-2.61229
-2.43685
-2.14944
-2.50466
-2.70082
-2.39474
-2.41463
-2.13287
-2.26839
-2.13043
-1.5569
-1.42144
-1.6606
-1.96012
-2.03572
-2.20313
-2.5341
-2.35942
-2.1993
-2.56995
-2.58916
-2.3156
-2.72339
-1.86658
-2.42695
-2.44493
-2.29093
-2.17013
-2.51304
-2.69101
-3.19963
-1.93969
-2.5595
-2.30599
-2.88252
-2.79641
-2.63104
-3.20687
-2.52381
-2.39044
-2.46363
-2.69928
-2.59245
-2.7077
-2.56919
-2.56471
-2.11642
-1.847
-1.98488
-2.06164
-2.38483
-2.58971
-2.60145
-2.34086
-2.2254
-1.44527
-1.6801
-2.0959
-2.77514
-2.39121
-2.76201
-3.0001
-2.59998
-2.80033
-2.17903
-2.6738
-3.04865
-3.24717
-2.94532
-1.83993
-2.10541
-2.49616
-2.53853
-2.90278
-2.75432
-2.49569
-2.62795
-2.48811
-2.85516
-2.82355
-2.63607
-1.17524
-1.90621
-1.95241
-2.20844
-2.36333
-2.08469
-1.69474
-1.14427
-1.42949
-2.01642
2.49565
2.98025
2.48459
2.9364
2.68536
1.86451
2.42731
2.76116
3.11854
2.88719
2.79129
2.38836
2.84307
2.8421
2.79102
2.625
2.42375
2.30473
1.69832
2.96745
2.75136
2.58095
2.14946
2.32827
2.57955
2.40482
2.44968
2.40587
2.4492
2.52799
2.58708
2.96897
2.83014
2.94764
2.88708
2.02278
2.47604
2.01276
3.24406
2.60928
2.34895
2.45158
2.89818
2.80099
2.93004
2.55586
2.70701
2.29664
2.68252
2.43602
2.21241
2.33484
2.85035
2.49023
2.78423
2.69522
2.43891
2.14838
2.42462
3.33921
3.18995
3.23423
3.40386
3.43627
3.17995
3.35656
3.12662
2.85112
3.07272
3.07285
1.92369
2.79656
2.56668
2.38558
2.52618
2.07848
2.82363
2.90061
3.07031
1.88028
2.20366
2.40535
1.89226
2.32978
2.5011
2.64705
2.47845
1.64528
1.25716
1.69353
2.15928
1.65579
1.73359
2.53589
2.64442
2.167
2.36742
2.25417
1.99888
2.11159
2.51255
2.42941
1.83589
1.9263
2.24842
1.99042
1.99755
2.102
1.93065
2.44849
2.62061
2.51457
3.01817
3.15382
3.07243
2.06495
1.46486
1.7173
1.92096
2.25694
1.1967
-0.806283
-2.25034
-2.03053
-2.1273
-2.44916
-2.39111
-2.46483
-3.04576
-2.31807
-3.01663
-2.38844
-2.41778
-1.75445
-0.81883
-1.77749
-1.53617
-2.65589
-1.18202
-1.16872
-1.79116
0.802027
2.60125
1.40972
2.29969
2.2174
2.05577
1.74208
2.96272
2.92407
1.97066
2.10386
2.02461
2.40847
2.66991
2.39907
2.41427
2.19837
2.79369
2.7142
1.78116
2.37888
2.77723
2.90321
3.06772
2.60843
2.65983
2.65438
2.6676
2.40841
1.74395
1.53857
-2.31474
-2.29477
-1.80076
-1.71275
-2.30682
-1.96173
-1.87439
-2.18295
-2.11701
-2.02742
-2.12892
-2.36461
-2.04306
-1.59281
-1.92404
-1.65447
-2.69446
-2.5083
-2.55118
-2.44089
-2.23674
-2.51711
-2.11652
-2.73047
-2.69836
-2.63592
-2.91899
-2.5845
-2.64606
-2.56888
-2.18662
-2.06458
-1.9882
-1.80454
-2.04189
-2.14039
-1.98835
-1.9369
-2.34475
-2.37399
-2.20836
-2.24245
-2.45263
-2.12468
-2.31804
-1.84215
-2.08382
-1.84491
2.14113
2.48907
2.76927
2.29581
2.47208
-1.32087
-1.97545
-2.13373
-2.55041
-2.24913
-2.81508
-3.13781
-3.26867
-2.88533
-2.74686
-2.57903
-3.0035
-2.63108
-2.44345
-2.24949
-1.82943
-2.55405
-1.88061
-1.79399
-2.7768
-2.98585
-2.39078
-2.46819
-2.57092
-2.45808
-2.7729
-2.532
-2.16366
-1.85847
-2.17405
-1.88873
0.815186
-1.43514
-0.369212
1.65872
-1.36034
-2.7638
-2.17021
-2.6287
-1.94555
-2.82509
-2.0744
-2.06936
-2.31527
-2.74447
-2.12434
-2.92126
-2.24743
-2.58751
-2.69966
-2.57278
-1.9475
-1.61181
-2.46615
-2.3302
-2.39533
-2.51062
-2.77619
-2.97197
-1.85729
-2.03878
-3.3332
-2.50129
-2.5626
-1.54767
-2.14221
-2.49044
-2.51095
-2.03164
-1.6479
-0.787147
-2.05111
-1.34152
-1.24297
-0.74355
-1.66921
-1.25146
1.44659
1.06335
-0.842726
1.40418
1.49642
-1.34465
1.08463
1.61793
2.22191
2.70071
2.72563
2.11431
2.24378
-0.840365
-2.01486
-1.22411
1.78517
2.05482
-1.97119
-1.94084
-1.58498
-2.02546
-2.7272
-3.03631
-1.85933
-1.8239
-2.37139
-2.3578
-1.27386
-2.01355
-2.27507
-0.196868
1.65185
1.66349
-1.29077
-2.21353
-1.98485
2.166
1.33319
1.78469
-1.70354
1.64231
1.83085
1.95372
2.51813
1.95952
1.61483
2.09875
1.86624
2.39134
2.17826
2.42161
2.21223
2.95442
2.66909
1.86029
2.64227
2.61006
2.03433
2.51674
2.83494
1.5399
-1.54704
-1.82221
-1.99144
-2.4036
-2.17328
-1.2877
0.876556
-1.82776
-2.08753
-1.82842
-2.21753
-1.17601
-2.50468
-2.24634
-1.29035
-2.31332
-1.05915
-1.69345
-0.372056
-2.1098
-2.44015
-2.79732
-2.57006
-2.64654
-2.24815
-2.13426
-2.16054
-2.44067
-2.4448
-2.85757
-1.54582
-1.08291
-3.08419
-1.63332
-2.14385
-2.37858
-1.85735
-1.78796
1.50743
-1.16643
1.62859
1.80532
2.42105
2.56338
2.52175
2.09714
2.96609
3.15968
2.96237
2.36528
2.42837
2.40455
3.10588
3.43712
2.89857
2.40888
1.82328
-1.85347
1.34523
1.25571
-1.33848
2.2097
1.51969
1.49658
0.683681
1.05485
1.47742
1.55512
2.55499
2.27469
2.92961
2.77523
2.48014
-1.69925
1.55306
-2.48252
-1.51727
-1.59262
-1.50359
-1.52768
-2.15225
-2.78601
-2.40256
-1.97682
-2.45471
-2.31281
-1.93929
-2.05974
-3.34056
-3.08237
-2.74917
-3.06161
-2.96278
-2.97676
-3.46926
-3.10441
-3.1047
-2.44913
-3.01877
-2.24615
-3.11582
-2.51438
-2.9569
-2.94816
-3.29313
-3.17806
-1.97578
-1.96515
-1.79681
-2.22943
-2.0353
-2.36421
-2.50935
-2.14421
-2.54312
-1.89755
-2.2819
-2.38763
1.80749
0.136782
-0.716193
-2.00899
-2.19596
-1.87231
-1.39133
-1.95954
-1.1391
-0.71655
1.00292
2.37217
2.05281
0.807462
1.50256
-1.35737
-2.01887
-2.18583
-2.45756
0.680146
-1.58779
-1.50049
-2.17699
-2.27234
-2.36802
-1.81952
-2.25467
-2.51916
-2.25096
-1.90472
-1.79961
-2.39295
-3.17015
-3.28416
-2.1811
-3.2403
-3.1504
-2.46625
-2.09545
-2.27225
-1.61608
-2.59076
-1.40953
-1.84513
-2.10975
-2.47362
-2.19134
-2.85852
-3.16922
-2.68382
-2.01047
-2.25234
-1.97398
-1.61348
-1.73668
-1.60832
-2.57365
-2.70551
-2.86904
-3.11835
-2.62308
-2.29222
-2.39242
-2.43572
-2.43014
-2.35947
-2.38662
-2.52482
-2.14158
-2.82873
-2.89989
-2.15166
-2.01703
-2.96062
-2.6578
-2.61056
-2.67012
-2.47003
-2.5041
-1.98356
-2.24454
-2.15757
-1.94607
-0.78385
-2.41265
-2.11135
-2.58256
-2.88622
-2.69129
-2.42188
-2.36926
-2.02959
-2.97605
-3.02636
-2.86956
-2.29903
-3.04597
-2.37879
-2.05994
-1.93686
-2.46661
-2.44027
-2.24671
-2.63144
-2.47016
-2.54792
-2.4166
-2.69982
-2.53821
-2.53135
-1.5027
-2.27841
-2.22364
-1.37173
-2.27527
-2.14504
-1.87825
-2.23447
-1.73896
-2.74353
-1.81104
-2.05065
-2.51576
-2.49496
-2.77005
-2.11992
-3.41375
-2.35346
-2.48744
-1.90248
-2.90001
-2.4066
-1.95037
-2.56463
-2.75612
-2.67221
-2.50151
-2.89208
-2.21091
-2.20747
-2.69223
-3.08933
-2.13552
-2.55732
-2.05947
-1.41331
-1.67977
-2.09035
-2.42819
-2.50004
-2.7809
-2.9666
-2.49415
-2.81753
-2.69061
-3.23242
-3.14126
-2.89045
-3.15171
-2.57656
-3.56883
-2.86346
-2.02225
-2.36999
-2.82922
-2.61624
-2.50989
-3.50799
-3.80383
-3.56518
-2.64293
-1.99054
-1.81244
-2.35598
-2.40949
-2.35329
-2.86701
-2.47936
-2.41203
-1.34814
-2.73627
-2.59686
-2.5586
-2.39363
-2.30322
-3.52736
-2.97575
-2.96852
-2.99001
-2.86246
-2.93489
-2.86443
-2.5735
-2.39116
-1.21542
-1.96576
-2.33914
-2.53503
-2.82558
-2.82368
-2.60123
-2.41864
-2.92555
-3.02548
-3.48934
-3.06628
-3.05838
-2.80775
-3.05526
-2.53423
-2.04041
-2.87536
-2.93281
-2.99321
-2.86078
-2.81493
-2.56074
-2.01295
-2.34917
-3.05804
-1.94573
-1.69276
-2.19878
-1.81715
-1.92796
-3.03544
-1.55944
-2.68255
-2.40361
-2.2501
-2.67395
-2.66297
-2.49124
-2.1644
-2.47369
-2.46888
-3.57875
-2.8906
-2.92435
-2.73924
-2.10354
-2.56833
-2.32116
-2.31501
-1.93025
-2.37545
-2.22935
-2.61464
-2.76225
-2.61376
-3.18992
-2.84784
-2.93684
-2.71442
-1.31547
-2.03695
-1.96078
-2.81777
-1.73824
-2.04809
-2.91648
-2.82761
-2.62561
-2.11499
-2.91645
-2.57462
-2.04585
-2.03701
-2.21586
-2.51997
-2.15456
-2.10445
-1.38486
-2.41475
-2.20916
-2.3595
-2.18625
-1.91131
-1.78303
-1.96018
-1.54221
-1.42874
-2.01777
1.45873
0.968587
0.849862
0.639199
2.30133
2.9302
1.7095
1.22159
1.68143
-2.03714
-1.89186
-1.21158
-1.59244
-2.40669
-2.3903
-2.44741
-2.38902
-2.45786
-1.70024
0.148578
1.94634
1.62037
0.975961
-2.17747
-2.529
-3.17632
-2.29401
-2.27938
-1.5301
-1.02845
-2.12098
-1.26935
-2.09745
-2.45963
-2.03222
-1.46614
-1.70264
-1.72634
-2.28554
-2.1309
-2.23293
-1.06358
-1.28104
-1.89216
-2.30763
1.82303
2.10417
1.22258
2.28877
2.00558
1.7564
1.36955
1.88152
2.44524
1.70287
2.02889
2.352
1.96433
2.03722
1.98031
2.30942
2.32872
2.37506
2.86308
1.91455
1.31732
2.06504
3.26744
1.97791
1.27541
1.51133
-1.67418
-2.15189
-1.46564
-2.21844
-2.45445
1.6711
2.15829
1.44392
2.12745
2.05127
1.95642
1.97504
1.7949
2.16817
1.48263
1.13681
2.23806
2.4346
1.74999
-2.97353
-2.97185
-2.65976
-2.92842
-2.87929
-2.88892
-2.70602
-1.82311
-2.91221
-2.81293
-2.95895
-2.73632
-2.56411
-2.93833
-2.7967
-2.83477
-2.432
-2.38873
-2.53623
-2.87385
-1.68934
-1.93596
-2.55329
-2.50699
-1.81473
-1.62767
-1.91727
-2.37571
-1.51316
-1.92292
-2.15527
1.21708
1.67718
2.04725
2.06054
2.01126
2.66873
2.14766
2.20229
1.21551
2.3358
2.12783
2.13272
1.69605
0.4013
1.4664
2.05754
-1.58171
2.04453
2.03225
2.37084
2.16473
1.63895
1.88719
1.99252
1.85179
1.79258
1.83306
2.00538
1.77804
1.85823
1.08267
0.807381
-1.13072
-0.36917
2.1258
1.75363
1.53065
0.0991128
1.9804
1.2386
-1.55747
-2.38555
-2.00007
-2.0483
-1.49695
-2.04355
-1.98301
-2.55636
-1.9651
-1.26333
0.780907
-1.99029
1.95131
0.899063
2.59864
2.51437
2.49123
2.07333
0.471066
2.29795
2.14534
1.51422
2.7105
1.41141
1.3383
1.86066
1.4526
1.65375
1.4548
-1.2215
-1.42981
2.12978
-2.06413
-0.835264
1.54911
1.85482
-0.798088
-1.84258
-2.00482
-1.20971
-1.9074
-2.02943
-2.25546
-2.26286
-2.90487
-2.26778
-1.50321
-2.67906
-2.52453
-2.40865
-2.10946
-1.38387
-1.95699
-2.20645
-1.54109
-1.87931
-1.9619
-1.84036
-2.00676
-2.18385
-1.98205
-2.26196
-1.28637
0.884103
1.25988
1.69161
1.4625
-0.696017
-1.70511
-1.06781
-2.35566
-2.07592
0.799201
2.46702
2.25739
2.64566
1.59756
1.76833
2.03776
2.15994
2.00561
2.37653
1.87034
2.47067
1.80899
2.24822
2.03735
2.20782
2.6369
2.28555
1.69697
2.04897
2.45609
1.75767
2.80549
2.68077
3.01413
2.98632
2.72119
2.88783
3.12233
3.06456
2.13542
2.39485
2.37833
1.92319
1.94108
2.29349
2.32194
2.16839
2.34509
2.61829
2.60346
1.72788
1.59657
2.16892
2.13192
2.6022
2.35011
2.0985
2.69254
2.36739
2.38692
2.14471
1.87654
1.69701
1.58882
2.07653
1.61414
1.85773
1.51745
2.14622
1.71141
3.028
1.5406
2.08862
0.869337
1.33398
1.83826
1.39622
-2.47844
-2.43172
-2.34081
-2.10056
-2.12681
-1.77818
-2.07423
-2.28274
-2.24082
-2.20272
-1.56727
-2.15816
-2.21789
-2.30214
1.13765
2.30321
1.96821
1.78234
2.28514
-1.79188
1.49856
-2.21952
2.32445
2.07297
2.47102
2.08472
1.84385
2.18023
2.13411
2.41613
-2.47717
-1.84991
-1.72871
1.04192
0.838412
1.61385
2.1835
1.4063
1.3464
1.86166
2.32109
2.26642
1.59858
1.6664
1.87604
1.50492
1.90978
-1.27722
-1.49447
2.2626
2.69671
3.05701
3.51664
2.29225
2.85368
2.62307
2.35638
2.38228
2.28764
2.85193
2.80019
2.84844
2.53882
2.56255
2.56951
3.1721
2.85307
3.74541
3.39555
2.80879
2.90098
2.77324
3.27119
2.71704
2.77867
3.12903
3.19754
2.6804
3.11598
2.43438
2.75985
2.45337
2.16993
2.47006
2.24742
3.27474
2.88343
3.20085
2.79789
3.16521
3.0128
3.62754
2.63473
2.55773
2.58771
2.87855
2.50158
2.6729
2.27414
3.04551
2.75173
1.63179
3.89752
3.02996
3.29646
3.05484
2.42782
2.18682
2.23595
0.890253
1.90559
2.28784
1.98405
1.67251
2.88271
2.60627
1.97884
2.41111
3.03407
2.96658
2.2502
1.25689
2.70214
2.09293
1.97606
2.52064
2.64886
2.3329
2.64907
2.58724
2.43432
2.7975
2.70806
2.30898
2.19364
2.37636
2.67856
2.52337
2.81666
3.05083
2.8993
3.27009
3.33123
3.15772
3.33419
3.26099
3.46617
2.6294
2.33994
2.48268
2.89988
2.6684
3.0809
1.85749
2.31695
2.78011
2.52275
2.70315
2.17535
2.47066
2.33054
2.77554
2.62002
2.88994
2.90445
2.57037
2.13731
2.63127
2.42304
2.51966
2.35927
1.73565
2.53825
2.47638
2.3979
2.72812
2.48466
3.43891
3.19818
2.8972
2.80826
3.62289
3.19132
2.53827
2.6739
2.81587
2.8255
3.00576
3.11616
3.07558
2.48238
3.4563
3.8445
2.72483
2.00825
2.06329
1.73884
2.10073
2.32382
2.1066
3.62993
2.92062
3.03143
3.14303
2.70466
2.96556
2.43467
2.9539
2.67125
2.61419
2.57492
2.59034
2.58385
2.75316
3.0052
3.02206
2.6898
3.20394
3.2127
2.92332
2.37484
2.91916
3.38793
2.95535
2.86838
2.48514
3.10069
3.01833
2.05303
2.06199
1.95873
2.55819
2.34333
2.47378
1.96541
2.42287
2.29998
2.56242
2.44732
1.58693
1.46835
2.39508
2.45397
3.30538
1.89741
2.60468
2.72098
3.41338
2.74895
2.36294
3.0225
3.29324
2.74232
3.45802
2.61877
2.28863
1.56157
2.37754
2.62327
2.90293
3.46132
2.5971
2.36953
3.4615
3.34617
2.60822
2.96849
2.79114
3.58074
2.87844
2.57479
2.70912
2.80806
2.68985
2.94055
3.19686
2.69868
2.38796
2.34492
2.64595
2.89969
2.02733
3.25792
3.28272
2.68319
2.77979
2.13316
2.2773
2.3533
2.76137
2.65396
2.41731
1.90021
2.3308
2.20545
3.06818
2.94036
2.59344
2.10549
2.67018
3.09005
3.29411
2.59759
2.44465
2.93254
2.232
2.63968
2.66306
2.55771
2.57834
2.53439
2.85142
2.82692
2.83388
3.32901
2.77409
2.76869
2.46794
2.67391
2.23311
2.07884
2.25624
2.39916
2.17582
2.14489
2.87486
3.21305
2.84952
2.85275
2.96449
3.13961
2.84056
2.06739
2.92073
2.88058
2.87336
3.26832
2.58291
2.77457
2.76529
2.32463
2.67636
3.11207
3.0671
2.37145
2.5452
2.16197
2.83481
2.62678
2.37901
2.86068
2.82739
2.78797
3.13969
2.79574
2.5635
2.47542
2.58714
2.41655
2.7938
2.87525
2.84534
2.39364
1.60786
2.19365
2.56433
2.02989
1.696
2.82996
2.29973
2.07096
2.25516
2.45415
2.09652
2.9302
2.1075
2.76205
2.28029
2.80337
2.77016
2.044
2.18017
2.55434
2.332
3.11744
3.16263
2.79139
2.64518
2.60269
3.19579
2.66792
3.09749
3.15212
2.08672
2.47189
2.50071
2.43369
2.6586
2.56716
3.02134
3.02606
2.58593
2.53087
2.26312
3.44371
2.94707
2.89607
2.88093
2.81812
2.94734
2.67795
2.78335
2.9283
2.3083
2.6568
2.524
2.99365
2.76729
2.77067
2.80511
3.45301
2.58111
3.31228
2.62242
2.36397
2.32105
2.45967
2.65731
2.2972
2.39709
3.10096
2.93013
2.62362
1.98298
2.85185
1.58044
2.42084
2.46286
2.23742
2.61019
2.40144
2.75137
1.70104
1.99464
2.65007
2.29869
2.06268
2.95517
3.39948
2.85606
2.72937
2.81514
2.46267
2.77714
3.13966
3.17109
3.04547
2.2211
2.76681
2.37034
2.1896
2.92883
2.2851
2.52744
2.93561
1.99915
1.98127
2.0366
2.2254
2.96871
2.44036
2.22476
3.01101
2.60481
2.16851
2.17859
2.75391
2.69386
2.73546
2.57489
3.18213
3.27301
1.60759
2.57353
2.81422
2.87278
2.83185
3.08499
3.05497
2.29415
2.32892
2.6666
2.68242
2.82983
3.22783
3.15759
2.5309
2.55564
2.12354
3.08647
2.1952
2.3992
2.438
2.44167
3.04082
2.55428
2.69719
2.44559
2.59339
1.79316
2.10287
1.4068
2.50339
2.54031
1.81875
1.65414
2.08474
3.22755
2.02169
1.98514
2.94206
0.716423
1.77026
2.37733
1.93087
2.32802
1.65972
1.95729
2.44797
2.1159
2.88392
2.14231
2.94262
3.07646
2.10225
2.1641
1.68986
2.20332
2.44706
3.00846
2.72737
3.26298
3.1612
2.45222
2.08044
1.88955
2.55887
3.06233
3.4752
2.86664
2.50193
2.48551
2.93252
2.91982
2.48182
2.99139
2.75264
2.88859
3.06308
3.08604
3.37732
2.8292
1.99033
2.47075
2.53106
2.76639
2.58108
2.53099
2.43728
2.64175
2.13508
1.8761
1.14436
2.10265
2.0882
2.03834
2.0503
1.98407
2.1489
2.45244
2.57912
1.97601
2.25863
2.31726
2.2311
2.0504
1.63097
2.03813
1.41048
-1.03531
0.464561
1.28504
1.51245
1.76047
1.43264
2.34585
2.47493
1.42728
1.93074
1.8674
1.8894
1.99327
1.8782
1.96797
1.95894
2.52532
2.50361
1.86793
2.46886
2.33645
1.83617
1.8218
2.06024
2.39496
1.92488
1.91781
1.84348
2.42443
2.31138
1.56672
-1.60242
-1.3709
-1.86922
-1.19851
-1.38763
-2.07755
1.57495
1.06502
-1.48955
-0.78632
1.13713
-1.82641
1.82701
-1.69546
-1.81767
-1.7438
-2.36228
-1.8152
-2.0952
-2.13931
-2.70059
-2.63082
-3.26868
-2.68669
-2.57116
-1.45628
-2.65051
-2.54189
-1.14306
-1.96634
-1.94838
-1.77795
-1.76557
-2.11291
-2.667
-2.45208
-2.45488
-1.94291
-0.947151
-1.11267
1.67418
1.81358
1.36712
2.45135
2.39866
2.2119
2.55715
2.44889
2.75139
1.85375
2.04487
1.70467
2.12648
2.47265
2.26647
2.29889
2.74257
2.57067
2.28296
3.00693
2.53961
3.34109
2.96443
3.52967
2.51452
2.1896
2.89364
2.56622
2.77336
2.39557
2.1285
2.49801
2.64912
3.23263
3.00672
2.94921
2.96702
2.20684
2.037
1.77147
2.10122
2.47201
3.15651
2.89945
2.89333
2.70635
2.60114
2.45918
2.09466
2.83295
2.224
2.65523
2.316
2.88298
2.83697
2.91337
2.48089
1.61268
0.613476
2.12487
1.26139
0.83109
1.82157
2.51151
2.07048
1.14341
2.28753
2.58206
2.2772
2.20868
2.2592
2.49655
1.84547
1.96536
2.24928
1.2788
1.80613
2.49907
2.26142
2.31183
2.38243
1.90715
2.55278
2.11051
2.38837
3.63803
2.69388
1.98142
2.02552
2.38943
2.40776
2.47575
2.38973
2.57306
2.57131
2.55183
2.8582
1.24881
-1.87413
-2.09731
-2.46273
-1.81084
-2.02549
-2.61449
-2.163
-1.32521
-2.32962
-2.8634
-1.60005
-1.64694
-1.26672
-1.90696
-1.70946
-2.2005
-2.36588
-1.82666
-2.47853
-2.11601
-2.2538
-1.8459
-1.67271
-2.33072
-2.58056
-2.35815
-2.46601
-1.60221
-2.41549
-2.41454
-2.40075
-2.62797
-2.1681
-2.84596
1.97225
1.30924
2.8292
2.43864
2.3794
2.24279
1.50824
-1.52208
-2.08692
-2.37631
-2.2717
-1.98592
-2.10554
-1.76955
-1.3843
-2.32202
-2.36689
-2.64014
-2.20698
-1.86085
-2.4195
-1.38646
-1.61441
-2.79962
-2.46714
-2.59369
-2.68132
-2.28001
-2.83222
-2.50644
-1.23907
-1.35388
-1.67525
1.62299
-2.07404
-2.35484
-0.748986
0.843258
-1.55253
1.28672
1.59481
-0.859489
1.68269
0.893082
1.11228
-1.56454
-2.1084
0.187314
0.51357
-2.06705
-1.95492
-1.95306
-1.99344
-1.85084
-2.03209
-1.72939
-1.46994
-1.58364
-1.21414
-1.26609
-1.87513
-1.68929
-1.85816
-2.44388
-1.69951
-2.14252
-2.66657
-3.40607
-1.97115
-2.69742
-2.60343
-2.58233
-2.49793
-2.62248
-2.46122
-2.76815
-2.90261
-2.84389
-2.51069
-2.04288
-2.53275
-2.58737
-2.60876
-2.21924
-2.22393
-2.92821
-2.77174
-1.95634
-2.4045
-2.43167
-2.37916
-2.50576
-2.46681
-2.77308
-2.43759
-2.75965
-2.37068
-2.23509
-2.54926
-2.7076
-2.81211
-2.77189
-2.50533
-2.29101
-2.56421
-2.26236
-2.6998
-2.26418
-1.94635
-0.980797
-2.58664
-2.35687
-2.811
-1.95493
-2.21796
-2.31339
-1.94723
-1.99164
-2.41517
-2.05252
-1.99532
-2.17857
-2.35121
-2.26318
-1.64682
-2.05995
-2.08722
-2.08447
-2.27406
-2.25293
-2.33618
-1.59051
-1.9728
-2.1068
-2.17847
-2.25898
-1.58709
-2.25751
-2.42977
-1.91274
-3.04356
-2.11434
-1.60597
-2.24477
-2.36677
-2.41512
-2.06993
-2.92497
-2.16727
-1.96177
-2.83773
-2.45794
-2.8495
-1.98175
-2.49592
-2.32458
-2.05063
-2.58446
-2.3477
-2.89518
-2.70455
-2.79984
-3.3675
-2.67417
-3.23612
-3.08492
-2.41408
-2.44117
-2.2932
-2.15429
-2.27542
-2.52352
-2.6746
-1.85544
-2.62152
-2.6754
-2.9945
-2.01234
-2.55714
-2.19748
-1.95566
-2.29639
-2.66368
-2.78098
-2.59627
-2.01677
-2.05625
-1.91451
-1.80525
-1.97612
-2.10991
-2.1448
-3.02156
-2.82397
-2.38832
-2.17859
-2.56561
-2.65244
-2.54762
-2.88505
-3.07246
-3.30026
-3.01441
-2.42857
-2.31773
-2.87041
-2.87599
-2.33585
-2.9365
-2.58281
-3.0359
-2.79255
-2.79734
-2.97628
-2.85738
-3.19771
-2.91971
-3.06414
-3.06489
-3.0513
-1.93395
-2.01422
-2.57644
-2.00135
-2.07093
-2.70348
-1.8586
-2.37141
-2.76288
-2.53624
-2.6943
-2.43948
-2.2765
-2.48958
-1.27541
-2.34907
-2.81874
-2.62859
1.73932
1.20624
1.84034
2.16645
2.30651
1.92001
2.62178
1.55313
2.07253
2.54199
2.03636
1.52743
2.2616
1.56602
0.644111
2.22738
-1.63892
1.74114
2.15278
1.90268
1.53966
0.452867
2.01279
1.97241
1.65976
-0.962753
-1.38725
1.05618
1.73191
1.74844
1.49103
-1.46562
-1.65572
-2.37205
-2.75084
-2.66529
-2.83723
-2.73982
-2.08818
-2.03241
-1.61483
-1.28555
1.41048
1.66022
-0.751413
1.68165
0.45592
-0.290342
-1.9731
-2.55959
-2.20594
-2.42592
-2.7328
-2.63391
-2.53672
-2.39358
-1.52203
-2.19119
-2.07897
-1.25585
-2.07969
1.92197
1.80032
1.99521
1.66384
1.82653
-1.80074
-1.38926
-1.73856
-1.069
-0.222421
1.70205
1.63347
2.60589
2.25796
2.06615
1.9857
2.3607
2.02684
2.7251
2.5571
2.3327
2.27213
2.21096
2.08507
1.38528
1.69467
2.41933
2.51254
2.41917
2.56248
2.54587
1.82516
1.3573
1.60248
1.80959
0.556755
-1.5879
-1.98537
-1.22166
-1.40988
-1.89302
1.89065
1.62773
-0.870133
1.93928
-1.95464
-0.408823
-1.10009
2.23656
1.77794
1.99597
1.7031
1.28642
1.75122
2.12027
2.65607
2.23567
2.15469
2.43164
1.21647
2.24227
2.31909
1.89795
3.16198
2.42756
2.81993
2.67657
2.5217
1.90341
1.41398
2.42752
2.5246
2.82258
2.28827
2.5595
2.7897
1.82054
1.634
2.42571
2.46182
2.36122
2.15175
2.01989
1.54764
-1.89074
-1.97509
-0.681961
1.16092
-0.255788
2.372
1.74661
1.82587
2.61265
2.32142
2.65059
2.35332
2.24021
1.96948
2.22889
1.64544
2.15325
2.13575
2.41969
1.73651
2.05546
2.35405
2.46616
2.08626
1.75718
2.51523
2.43619
1.98227
-2.70593
-2.27894
-2.93784
-1.94181
-2.48753
-1.91841
-2.00737
-1.83235
-2.10959
-1.86286
2.23646
1.53269
-1.9213
0.638924
-1.58372
-0.904009
-1.08707
-1.57706
-1.25296
-1.1217
1.48559
1.62304
1.09609
1.94089
-1.07215
-1.27547
1.44751
2.18747
-1.80343
2.17216
1.25632
-2.86305
-3.40817
-2.33749
-2.47872
-1.58973
-2.28612
1.64475
1.15669
-1.53551
1.58052
1.42091
-0.0332263
1.97461
1.65993
1.89657
1.7968
2.55624
2.73807
2.39704
2.63571
2.58802
2.61774
2.35916
2.63859
2.84749
1.6176
3.08815
2.16665
2.78857
2.08584
1.57655
2.21064
2.40001
2.58597
1.84658
2.20615
1.64213
1.78928
1.64037
1.7745
0.910824
-0.331071
2.83257
1.31829
1.15539
1.60859
1.51127
1.83791
-0.059726
-0.996065
-2.69797
-2.80908
-2.49781
-2.51572
-2.80513
-2.52829
-2.62743
-2.31846
-2.64756
-2.95056
-2.49774
-2.12308
-2.61027
-2.51989
-2.58834
-2.73089
-2.6121
-2.57252
-1.99928
-2.29225
-2.17546
-1.79714
-2.18279
-1.81178
-1.69667
-2.79485
-3.13502
-2.63399
-2.8549
-2.88146
-2.40295
-1.26966
-1.38229
-1.98512
-1.75626
-2.78621
-2.8087
-2.10986
-2.35033
-2.07892
-1.30897
-1.9974
-1.95046
-1.88782
-1.59532
-1.40364
-1.95913
-1.3352
-2.1557
-2.51239
-2.10524
-2.58275
-2.00263
-2.75332
-2.67253
-2.61169
-2.2144
-2.74149
-2.61025
-2.07836
-2.22154
-2.4141
-2.81165
-2.62727
-1.92026
-2.26484
-1.63242
-2.01756
-2.34417
-2.07211
-2.20659
-2.56087
-2.52074
-2.437
-2.42438
-2.26815
-2.87746
-2.08721
-2.32601
-2.43531
-2.36734
-2.7465
-3.28582
-1.8656
-2.84339
-2.25859
-1.85112
-3.42517
-3.39735
-2.88605
-2.62691
-2.55179
-3.2012
-2.68283
-2.49409
-2.67326
-2.99284
-3.25919
-2.74359
-2.49937
-2.58724
-2.41881
-2.55194
-2.55553
-2.77298
-2.85593
-2.3412
-2.83856
-2.54471
-2.17895
-2.53195
-2.56681
-2.30498
-2.84634
-2.64976
-2.71805
-2.29751
-2.68477
-2.48946
-2.88728
-2.64075
-3.34624
-3.0483
-2.94954
-3.13117
-2.53234
-2.72266
-3.16215
-3.33857
-2.92188
-2.849
-2.72518
-2.66103
-2.53179
-3.27767
-2.45094
-3.06805
-3.00172
-2.75924
-3.29958
-2.54086
-3.03903
-2.8135
-2.25888
-2.69243
-2.31955
-2.56871
-3.0918
-2.40527
-2.36458
-2.39913
-2.52146
-3.08769
-3.11406
-2.06002
-2.17565
-2.23967
-2.35572
-3.35932
-3.01327
-1.98708
-2.10479
-3.22321
-2.76679
-2.39831
-1.14366
-1.77979
-2.27665
-1.9008
-1.72547
-2.26104
-2.12717
-1.94742
-2.24664
-2.11624
-2.22579
-2.34825
-2.31444
-2.11951
-2.17779
-2.19396
-1.66353
-1.58437
-2.19396
-2.57839
-3.32907
-2.21007
-2.5818
-1.65961
-2.64867
-2.11919
2.38204
2.19262
1.78402
1.76003
2.43445
2.50586
-2.30918
1.71344
2.61284
2.16049
2.29448
1.91478
1.24988
1.24206
-1.93519
1.9108
-1.63132
-0.912892
2.53012
2.77098
2.37697
1.55883
1.2399
-1.23463
2.91202
2.75412
2.6674
2.61943
2.49991
1.94722
1.97652
2.28217
2.43891
2.22633
1.9337
1.29256
1.98171
1.94356
1.98033
2.10209
1.64187
2.55019
2.23047
2.44158
2.42561
2.84051
2.30119
2.14304
2.39629
2.88218
2.7561
1.90052
1.98591
1.74823
1.12585
1.86389
1.3596
-0.92035
-0.333667
1.65328
-1.23973
0.760674
-0.0950752
2.16909
2.03753
2.29161
2.26955
-1.31536
-1.78618
1.58351
2.36587
2.18288
2.54546
2.11849
2.01832
1.95201
2.47453
1.96326
-1.52497
-1.30627
0.666456
-1.34684
-0.964887
-1.65148
-2.02345
-1.46048
-1.50019
-2.5021
-3.12204
-2.9742
-2.58244
-2.60298
-2.85045
-2.22364
-1.66572
-1.96339
1.15256
0.0898873
-1.9652
-1.63553
-2.06914
1.30884
1.51682
1.22112
-1.9804
-1.93957
-2.41906
-2.21241
-2.43937
-1.7099
-2.37501
-1.92029
-2.02084
-2.04828
-1.56167
-1.70979
-1.92575
-1.69951
-1.71441
-2.15912
-2.18271
-1.60586
-2.44772
-2.39478
-2.84038
-1.88808
-2.29195
-2.34085
-1.95399
-2.23742
-1.76018
-1.71661
2.69504
2.30209
2.40493
2.46227
2.31568
2.07618
1.11131
1.7993
2.71139
2.42025
2.60974
1.68777
2.16126
1.97689
1.49007
2.13684
2.24955
3.06365
3.02762
3.14544
3.24474
2.68728
3.0205
2.4721
2.94927
2.32319
2.65677
1.84134
1.98151
1.42274
1.82292
2.05223
-1.40182
-1.58413
-1.16694
-2.01587
-2.4045
-1.67997
-2.01011
-2.11902
-2.27758
-1.89252
-1.75659
-1.92541
-1.10585
-1.45149
2.2981
1.93096
1.39465
2.95652
3.03551
2.86988
1.67961
1.50436
2.568
2.69546
2.97825
1.98192
1.31573
1.79778
-1.13024
-1.19652
1.92943
-0.904861
-2.10459
-2.43783
-2.16829
-2.13208
-2.61405
-2.68064
-1.5816
0.408993
-1.73671
1.04879
1.20293
1.28721
-1.59736
1.48842
-1.48687
2.1753
2.11294
1.98075
2.03586
-1.80572
-2.7202
-2.84036
-1.55452
-2.18726
-2.02415
-2.46392
-2.49063
-2.46724
-2.34201
-1.55444
-2.77849
-2.69481
-2.49786
-1.68063
-1.73321
-2.12861
-2.00539
-2.21355
-2.69496
-2.40112
-1.96874
-1.61061
2.79687
2.22487
1.81769
1.93086
3.03991
2.89064
1.83481
1.78222
1.65807
2.45398
-0.694259
2.38544
-1.27673
-1.32944
-1.69376
-1.7878
-2.55243
-2.73812
-2.63755
-2.15283
-0.362475
-0.439669
-2.33592
-2.0522
-1.87218
-2.64961
-2.38498
-2.34205
-2.36796
-2.04572
-2.43215
-2.12108
-2.94112
-3.03846
-2.78403
-2.5875
-2.78955
-2.38902
-2.65522
-2.37208
-2.91232
-2.47743
-2.57222
-2.8053
-2.84194
-2.47168
-2.66244
-1.80037
-2.01427
-2.92626
-2.34246
-2.71465
-3.17595
-2.30017
-3.34147
-3.36756
-3.35375
-3.16247
-2.83563
-2.84069
-2.97778
-1.43936
-1.69228
-1.3327
-2.79008
-2.14577
-2.16499
-1.96878
-2.63734
-2.90259
-2.65129
-1.68711
-2.32919
-1.71515
-1.9623
-2.03522
-2.35242
-2.40059
-2.02429
-2.35631
-2.44136
-2.51938
-1.4707
-2.32443
-2.19991
-2.08789
-2.03393
-2.39665
-1.98178
-2.39647
-2.65798
-2.03405
-1.47047
-2.06217
-1.01427
-1.12779
-1.42198
-2.05123
-2.41732
-2.04543
-2.00742
-1.85586
-2.26631
-2.30963
-1.95079
-1.85536
-1.66421
-1.34111
-2.45143
-2.40061
-1.96452
-2.59618
-1.73996
-1.67338
-2.82106
-2.45765
-2.05029
-2.35084
-2.49477
-1.90929
-1.83647
-2.07917
-2.51218
-3.09977
-2.54121
-2.30213
-2.31132
-1.80698
-2.68495
-1.83504
1.63212
-2.14518
-2.02039
-1.64672
-1.88457
-1.43399
-2.351
-1.70928
-2.9109
-2.79618
-2.13969
-2.73348
-2.38888
-2.48832
-2.33175
-2.93572
-2.33543
-1.78038
-2.07864
-2.2652
-2.50225
-2.81875
-2.75595
-2.51602
-2.54873
-2.76792
-2.90908
-2.66016
-2.48062
-2.34287
-2.70161
-2.64219
-2.26981
-2.26689
-3.11554
-3.41524
-2.24077
-2.93484
-1.83257
-2.05183
-2.21557
-1.49111
-1.25618
-1.78764
1.10915
2.17889
1.7923
1.48907
-1.60854
-1.81135
2.1458
2.67991
2.63264
2.25319
2.31588
2.22255
1.30098
1.82539
0.630838
1.51848
1.88307
-1.21556
-1.10783
1.86135
2.07816
2.70464
2.72956
2.91457
2.70918
2.86634
2.38269
2.55833
2.32254
1.28388
1.19402
1.85747
-0.59782
1.21117
1.62714
2.1798
1.98161
0.900389
1.47961
1.74429
-1.07889
-1.993
-0.845419
-1.83535
-1.45806
-2.272
-2.52875
-2.72094
-2.53379
-1.24181
-1.38081
-1.74358
-1.70076
-1.93706
-2.30718
-2.49418
-2.2881
-2.4928
-2.35068
-2.19685
-1.88272
-1.63224
-1.45999
-2.02569
-2.33871
-2.43959
-2.31364
-3.07039
-2.84593
-2.42605
-2.85482
-2.28098
-2.27087
-3.20854
-2.13962
-2.19034
-2.19254
-1.82772
-2.45505
-1.85354
-2.123
-2.24942
-2.96117
-1.61658
-2.1784
-1.92053
-2.65174
-1.94746
-2.23552
-2.18845
-2.35409
-2.10327
-1.82746
-2.24254
-1.69126
-1.64036
-2.21113
-1.67417
-2.5608
-2.58239
-2.07204
-2.78233
-2.53615
-2.76942
-2.30327
-2.5156
-2.3637
-2.1435
-1.87394
-1.63445
-3.09447
-2.32224
-2.08361
-2.29686
-2.36962
-1.98227
-1.90589
-1.79151
-1.86819
-2.18863
-2.13927
-2.85019
-2.46642
-2.51968
-2.23279
-2.10034
-2.41778
-2.09238
-2.31059
-3.03405
-3.12868
-3.11073
-2.35681
-2.47378
-2.44684
-1.88752
-1.81938
-2.86776
-2.42178
-2.81071
-2.36245
-2.7975
-2.66557
-2.31863
-3.14019
-2.67296
-2.04664
-2.06853
-2.29857
-2.64793
-1.98842
-2.17786
-2.1167
-1.91275
-2.38453
-2.21483
-2.23993
-0.460301
1.5845
1.65112
2.04929
2.04351
2.36744
2.55161
1.30837
2.43871
2.27279
2.39629
2.67609
2.79261
2.15101
1.91081
2.04708
1.95322
1.3913
1.9863
1.85193
2.10071
1.83159
1.91246
2.17788
2.20229
2.64073
2.45139
1.7354
2.99528
2.78573
2.71777
2.86966
2.88678
2.57639
2.7723
3.00833
2.38544
2.65227
2.22139
2.53337
2.65346
-1.09985
-2.43238
-1.81728
-1.86128
-1.33931
-1.47119
-2.11849
-2.4011
-2.51377
-2.79497
-2.12062
-2.28936
-2.28796
-2.18165
-2.2749
-2.4439
-1.89766
-2.31576
-1.89996
-2.60115
-3.08248
-2.38917
1.18957
1.30395
-2.73231
-2.18287
-2.24707
-1.97779
-2.24909
-1.49338
-2.20908
-2.26696
-1.73526
1.3539
1.95421
2.43605
1.96281
1.49964
0.889333
2.06626
1.61081
1.32658
-1.40325
2.25148
2.3855
3.46349
2.35024
2.58043
2.11217
2.12849
2.39007
2.22088
2.18396
2.66722
2.42243
2.74018
2.43634
2.38881
2.48483
2.25957
2.75558
2.20084
2.62145
2.45688
2.46147
2.06528
2.42038
2.52196
1.81324
1.97708
1.65569
1.28802
2.58386
2.65512
2.49609
2.23663
1.57522
1.98225
2.07107
2.73762
2.68375
3.28132
-1.44209
-1.66039
1.75826
1.28595
-2.23548
-2.40773
-2.81695
-2.85658
-2.92238
-2.76915
-2.60751
-2.82903
-2.9034
-2.03257
-2.35214
-2.39257
-1.75576
-0.860794
-2.63363
-2.91518
-2.3854
-2.18651
-3.35726
-2.95759
-2.96148
-2.8561
-3.19013
-2.57055
-2.75873
-2.79836
-2.81831
-2.52987
-2.42928
-2.69192
-3.07438
-2.27884
-2.7108
-2.53101
-2.75889
-2.00856
-2.39266
-1.36597
-2.37929
-2.16536
-2.18929
-1.9233
-2.0475
-2.51285
-1.90525
-2.1298
-2.23025
-1.18439
-2.41399
-2.49521
-2.72708
0.0496918
-0.0877369
1.85561
1.97986
1.91141
0.379108
-1.23768
-1.1946
-1.88568
-2.63189
-2.55559
-2.21576
-2.5759
-2.40548
-2.33479
-2.33174
-2.31537
-2.36359
-1.97019
-3.11615
-1.99687
-1.83202
-2.26213
-1.98684
-2.10291
-2.67905
-2.90989
-2.05801
-2.0171
-1.36044
1.79064
2.20375
2.22791
2.29039
2.63834
2.28571
3.66383
2.15563
2.00543
2.20551
2.03567
1.60479
-2.07077
-2.11424
-1.36455
-1.69204
-1.43343
2.00617
2.05057
1.68578
-1.64494
0.844896
-1.69225
-1.17977
-1.86217
-2.26587
-2.01178
-1.79902
-3.43652
-3.01689
-2.44791
-1.94239
-2.60149
-2.86288
-2.545
-2.2868
-2.35186
-3.0888
-2.92493
-2.11674
-2.5625
-0.969939
-2.45306
-1.97122
-1.97773
-1.88905
-2.07954
-2.23453
-1.37171
-1.4968
-1.97252
-1.96964
-1.04705
-1.81158
-2.30337
-1.76909
-1.54125
-1.76894
-1.83265
-2.59066
-2.00064
-1.85602
-1.49016
-2.17095
-2.40154
-2.02356
-3.01182
-3.20741
-2.56745
-2.61875
-3.38534
-3.00557
-2.94321
-2.97167
-3.14537
-2.74677
-3.30424
-3.31442
-2.65141
-2.59002
-2.81896
-2.9542
-3.00101
-2.75596
-2.93925
-1.93748
-1.99978
-1.89304
-2.74757
-1.68007
-2.44876
-1.96062
-1.94191
-1.94821
-1.85081
-2.24326
-2.67159
-2.91902
-2.56246
-3.28483
-2.97521
-2.4729
-3.0779
-2.9475
-3.17663
-2.94117
-2.64166
-2.40393
-2.37589
-2.29056
-2.09803
-1.59418
-1.75824
-2.74935
-2.43356
-2.17757
-2.34584
-2.88914
-2.95315
-3.03811
-3.06044
-2.56459
-2.73106
-3.02428
-2.70857
-2.85879
-2.90318
-2.90778
-2.27554
-2.5817
-2.79212
-2.82807
-2.72102
-2.52478
-3.09945
-1.09378
-1.19486
-1.61307
-1.90618
-2.057
-2.37451
-1.76171
-2.03197
-2.18139
-2.40716
-2.12219
-2.46089
-2.10596
-2.55675
-1.85405
-2.60829
-2.15184
-3.08918
-2.86154
-2.45393
-2.22363
-2.12834
-2.82879
-2.83156
-3.15575
-2.96407
-3.04133
-2.5534
-2.50056
-2.82685
-2.63606
-2.13587
-2.46672
-2.20585
-2.72259
-2.62671
-2.78185
-2.02944
-2.35995
-2.8139
-2.06302
-2.11718
-2.41138
-2.12282
-2.04951
-2.52891
-3.31022
-2.80462
-2.87756
-2.64342
-2.2881
-2.62155
-2.54993
-2.4747
-2.39382
-2.04091
-1.82356
-2.38841
-2.18673
-2.22637
-2.71817
-3.08342
-2.36781
-2.28912
-1.99519
-2.86886
-3.08743
-2.83845
-2.6657
-2.89244
-2.84048
-2.52055
-2.9306
-2.46335
-2.40402
-2.69358
-2.92205
-3.66242
-3.15967
-3.10771
-3.26807
-3.19687
-3.12399
-2.99714
-3.36738
-3.10974
-3.07134
-2.89981
-3.75738
-3.72898
-3.06485
-3.06169
-3.25772
-3.09155
-2.97919
-3.89187
-2.69735
-3.71156
-2.87136
-2.83602
-3.07238
-3.44597
-2.59862
-2.77494
-2.48129
-2.73059
-2.88163
-2.89558
-2.4755
-2.70448
-2.76055
-2.8011
-2.37418
-1.96393
-2.1713
-2.7135
-2.1691
-2.32134
-2.24943
-3.01104
-2.56992
-2.46976
-3.23864
-2.77723
-1.95913
-2.87244
-3.12451
-3.31866
-2.38013
-3.07347
-2.91571
-2.70866
-2.96113
-3.17451
-2.49076
-2.71574
-2.73159
-2.57666
-2.43743
-2.77168
-2.71774
-2.09643
-1.61821
-2.87601
-2.7262
-3.37436
-2.70543
-2.86778
-2.95583
-1.87232
-2.17113
-3.01476
-2.22563
-2.87289
-2.52602
-2.81085
-3.44303
-2.62646
-2.55355
-3.16123
-3.36506
-3.27099
-2.65658
-2.67643
-3.05075
-2.53038
-2.66478
-2.89252
-2.78471
-2.67116
-2.60928
-2.7974
-2.92986
-2.41546
-2.90085
-2.887
-2.34735
-3.17845
-2.54905
-2.25332
-2.13603
-2.87534
-2.68529
-2.53048
-2.68534
-2.69053
-1.99658
-2.51529
-2.56986
-2.14392
-2.23726
-2.31557
-1.94159
-2.21552
-2.29802
-2.56599
-2.38615
-2.38617
-2.32067
-2.15448
-2.62751
-2.87167
-2.70594
-2.51573
-1.92594
-1.86714
-3.16888
-2.51272
-2.39159
-2.44586
-2.86035
-1.82352
-2.1492
-2.15212
-2.61394
-2.68166
-2.99106
-3.15686
-3.02203
-3.3795
-2.67642
-2.60485
-2.9348
-2.59468
-2.48408
-2.47907
-2.85278
-2.67401
-2.6682
-2.71908
-3.41489
-3.00042
-3.17062
-2.44714
-2.35512
-2.9609
-2.88735
-2.66291
-1.62746
-1.86106
-3.27988
-2.62842
-2.61984
-3.14529
-2.3965
-2.72296
-2.65456
-2.48295
-2.88482
-2.85291
-3.0993
-3.13076
-3.19581
-2.97893
-2.26488
-3.60105
-2.76185
-2.10528
-3.36473
-2.08624
-2.72782
-2.82689
-2.35071
-2.81301
-2.35737
-2.71414
-2.3476
-2.37046
-2.54897
-2.7824
-2.95054
-2.61754
-2.77822
-2.75282
-2.99925
-3.31661
-2.47215
-2.57293
-2.61812
-2.58494
-2.02658
-2.56513
-2.41569
-2.31274
-2.45519
-2.99118
-3.53185
-2.93597
-2.83034
-2.59886
-2.92387
-2.61498
-2.24809
-2.77353
-2.7952
-3.08481
-2.89753
-2.46574
-2.9445
-2.99335
-2.6023
-2.94147
-2.71058
-2.75851
-2.42272
-2.26117
-2.39866
-2.07426
-2.80602
-2.87932
-2.90995
-3.42267
-3.33939
-3.31146
-2.61403
-2.74692
-2.97726
-2.75338
-2.61473
-2.69226
-3.07928
-3.00446
-2.76961
-2.85432
-2.89109
-2.54916
-3.08696
-2.76811
-3.60944
-2.90256
-2.9791
-2.62348
-2.87491
-2.61193
-3.31433
-3.05198
-2.75145
-2.44841
-1.71411
-2.24849
-2.84306
-2.39028
-2.08591
-2.87108
-2.95722
-2.75801
-2.90272
-2.50842
-2.79246
-2.57585
-2.38046
-2.31973
-2.63354
-3.0046
-3.11652
-3.05323
-2.07428
-2.5637
-3.07815
-3.10044
-3.14998
-3.4242
-3.097
-3.03112
-2.024
-2.64574
-2.3695
-2.43017
-3.17227
-2.31229
-1.80968
-3.18506
-2.70398
-2.59285
-2.43154
-3.16841
-3.22303
-3.59987
-3.08962
-3.40422
-3.10596
-2.77239
-3.35632
-2.30047
-2.21139
-2.59515
-2.45955
-2.74399
-2.76634
-2.80493
-2.11138
-3.16138
-3.00208
-2.64508
-2.67101
-2.56943
-2.94716
-2.97749
-1.97072
-2.40106
-2.22807
-2.68842
-2.61002
-2.44686
-2.64439
-2.8494
-2.08372
-2.12023
-2.40193
-2.25336
-2.85512
-2.36341
-2.70951
-2.25647
-2.6893
-2.61153
-3.05066
-2.77323
-2.84589
-2.39778
-2.8732
-3.24382
-2.60568
-2.9202
-2.8735
-2.59485
-2.47516
-2.76855
-2.80204
-3.12584
-3.09941
-3.10129
-2.97708
-2.88767
-2.93739
-3.04987
-3.06744
-3.16373
-2.95668
-2.79509
-3.21164
-3.32476
-2.67235
-3.34354
-3.14203
-3.01619
-2.88128
-2.68896
-2.47775
-2.6816
-2.08562
-2.76395
-2.35329
-2.7538
-2.86788
-2.97204
-2.12131
-2.42204
-2.64713
-2.66216
-2.44353
-1.98086
-2.25948
-2.01295
-2.12594
-2.02372
-1.79878
-2.30732
-2.12712
-2.90181
-3.12042
-2.39238
-2.14416
-1.49601
-2.12771
-2.76954
-2.73765
-2.69172
-2.42737
-2.7433
-1.98569
-2.34078
-1.54298
-2.34887
-1.8313
-2.1891
-2.5899
-2.0113
-2.60165
-2.49044
-2.21519
-2.4758
-2.15356
-1.67891
-1.35631
-1.98841
-2.58783
-3.05497
-2.87171
-2.87956
-2.19039
-2.28387
-3.36735
-2.66972
-2.59414
-2.12523
-2.87188
-2.29558
-1.86038
-2.52261
-2.82196
-2.57603
-2.71076
-3.04276
-2.66289
-2.71393
-2.80494
-3.06217
-3.23036
-3.36358
-2.26188
-2.18889
-3.36943
-2.59353
-2.97312
-1.53469
-1.74948
-1.85974
-2.3017
-2.20103
-2.11097
-2.70476
-2.60746
-2.34038
-2.2659
-2.00934
-2.95055
-2.86767
-2.72407
-2.98894
-2.83968
-2.66464
-2.08642
-2.78471
-2.56328
-2.93743
-2.87265
-2.48326
-3.10347
-2.46729
-1.71373
-2.44853
-2.23282
-2.40122
-1.96451
-1.73223
-2.4301
-2.45721
-2.51223
-2.78129
-2.77148
-2.84105
-3.03605
-3.08358
-3.05947
-3.04294
-2.42489
-2.42387
-2.54161
-2.56705
-2.67724
-2.10523
-2.39711
-2.44041
-2.74611
-3.3781
-3.36951
-2.90416
-2.81696
-3.32214
-3.09198
-2.93887
-3.03239
-3.19464
-2.29385
-2.20294
-2.22388
-3.00159
-3.11677
-2.46259
-2.23545
-2.28324
-2.17155
-2.68801
-2.62598
-3.07748
-2.90991
-2.85887
-2.10203
-2.0597
-2.29167
-2.16416
-2.36548
-2.34265
-2.55462
-2.24327
-2.10844
-2.5343
-1.8846
-1.76705
-2.0255
-1.70424
-2.10739
-2.28428
-2.17699
-2.89912
-2.76186
-2.71853
-2.54263
-3.32087
-2.70749
-2.43709
-2.53257
-2.19008
-2.90238
-2.33515
-2.62538
-2.53577
-3.38586
-1.38412
-2.77998
-2.61916
-2.55581
-2.72727
-2.27242
-2.43042
-2.12875
-2.49904
-2.49655
-2.48552
-2.93388
-2.78421
-1.98209
-2.75787
-2.89687
-3.17693
-3.03563
-2.86537
-3.03853
-2.63869
-3.16128
-3.05569
-2.97461
-2.49612
-1.84362
-2.48019
-3.04093
-3.4037
-3.20011
-2.71252
-3.17053
-2.75254
-2.99591
-2.71459
-2.76737
-2.19886
-3.13593
-3.00574
-2.6943
-2.6907
-2.59415
-2.52995
-3.52404
-3.08111
-2.03261
-2.978
-2.69851
-2.85518
-2.44726
-2.67163
-2.42447
-2.57096
-2.67636
-2.30518
-2.57236
-2.41754
-1.86329
-2.07141
-2.87174
-3.09781
-2.37652
-2.40681
-3.22643
-2.35415
-2.32136
-2.06202
-2.26179
-2.47288
-2.99584
-2.84914
-1.50668
-2.47165
-2.16805
-2.35752
-2.40689
-2.89376
-2.25202
-2.56449
-2.58465
-2.54095
-2.49118
-3.04569
-2.32065
-2.30298
-1.5342
-1.73865
-2.0882
-1.65531
-2.0447
-1.95796
-2.33999
-2.55588
-2.30348
-2.4459
-3.08666
-2.78698
-2.66497
-2.93642
-2.74789
-2.76901
-2.96778
-3.11556
-2.52601
-2.69233
-2.77683
-2.59773
-2.61109
-2.18451
-2.61318
-2.97671
-2.73235
-1.8988
-1.67323
-2.97324
-2.66444
-2.29322
-2.92315
-2.60294
-2.44959
-2.39434
-2.02102
-2.67075
-1.97697
-2.71709
-2.59104
-2.23619
-2.55769
-2.33189
-2.68033
-1.89927
-1.67102
-1.9464
-1.7361
-1.51241
-2.51159
-2.49767
-1.67704
-2.91089
-2.62602
-3.14428
-3.19101
-2.29475
-2.43184
-1.74234
-2.11653
-2.84257
-3.08534
-2.35154
-2.52107
-2.58261
-2.24938
-2.65058
-2.26623
-2.29576
-2.69607
-2.89942
-2.36463
-2.23203
-2.65835
-2.32559
-2.74953
-2.75316
-2.87418
-2.85869
-2.92903
-2.80712
-3.04812
-2.99152
-3.01088
-2.87567
-2.86124
-2.96058
-2.0087
-2.68323
-1.88545
-1.88811
-2.44099
-2.28243
-2.43215
-2.71947
-2.39157
-2.04877
-2.57418
-2.90098
-2.67322
-2.98599
-2.91068
-2.80518
-3.0417
-2.94625
-2.85294
-3.11679
-2.93273
-2.57226
-3.05086
-3.08207
-2.2885
-1.79306
-2.55721
-1.85664
-1.79166
-2.64492
-2.13419
-2.21523
-2.24691
-2.37054
-2.34417
-2.23192
-1.43
-3.15105
-2.7699
-3.36467
-2.68542
-2.7439
-3.30748
-2.6065
-1.94742
-2.78278
-2.63119
-2.63919
-2.50867
-2.71604
-2.26557
-2.01634
-2.23672
-2.54572
-3.16809
-1.72708
-2.41503
-2.10321
-2.58481
-2.94573
-1.71899
-2.56682
-2.54421
-2.51118
-2.74595
-2.17093
-2.70299
-1.44903
-2.73204
-1.99777
-1.94624
-2.38072
-1.62013
-1.75511
-1.98028
-1.76246
1.41408
1.16898
-0.869834
-1.37887
2.20933
1.92532
2.12378
1.83155
1.72848
1.46568
1.99139
-2.49662
-1.06548
-1.33221
1.62987
2.22733
0.269183
0.47588
1.58646
-0.954128
-1.76281
-1.35901
-1.92575
1.89121
2.16607
2.33981
-1.7944
-1.73116
-1.6722
1.64259
1.86356
1.55091
1.5749
1.34828
1.74685
2.57358
2.26223
2.03124
2.30253
1.50999
2.00164
1.62463
1.83027
1.77744
2.24111
0.515612
0.462779
-2.1154
-3.19456
-2.60849
-3.0678
-1.88695
-1.83347
-1.60157
-2.23039
-1.42049
-2.54785
-1.59484
-2.1569
-2.138
-2.60988
-2.2352
-1.30678
1.91769
0.928601
2.00725
-2.02653
-0.843796
-1.53806
-1.76733
-1.11458
-2.33208
-2.39207
-1.89618
-1.19208
-2.26661
-1.83293
-1.79986
-1.79949
-0.671063
-0.606476
-1.13443
-2.26944
-1.90617
-2.05823
-1.85615
-1.55631
-2.16997
-2.65566
-2.4658
1.65967
1.20079
2.12858
2.1675
1.73891
2.07434
1.63064
1.92871
-1.6817
-1.5678
1.70064
1.80123
-1.49997
-1.40628
2.77309
1.97162
2.6781
2.10156
1.53412
1.58522
1.78405
2.1377
1.74372
1.96481
2.41114
2.22451
2.54986
2.79874
2.91449
2.30691
1.87295
1.28805
1.76615
-2.15423
1.95535
-1.43955
-1.13545
1.88457
2.29302
3.4795
3.35568
3.00059
3.30668
3.26405
1.37259
2.13347
1.71732
1.75139
2.05322
1.96926
2.3283
1.41206
2.23925
2.13602
3.07322
2.10496
2.87883
2.26217
2.03993
2.69891
2.47955
2.47043
2.57611
2.38282
2.11775
2.52435
2.26272
2.17663
2.19805
2.0458
1.58751
1.54293
2.40579
2.42271
2.70704
2.84021
2.4547
2.8051
2.85123
2.86879
2.72331
3.64228
1.89276
2.01836
2.36752
2.36107
1.4287
1.80854
2.60561
2.79732
2.87538
3.08246
2.65654
2.58916
2.60464
2.64176
2.95786
2.0003
2.25463
2.37558
2.50366
2.12589
2.91135
2.48695
2.36772
3.10947
