1.98458
4.01289
3.23494
2.72894
2.35154
2.66595
3.26112
3.64521
2.28009
2.27038
2.00427
1.57384
3.17334
3.05507
2.05162
2.79424
2.47
2.22683
0.446958
2.71389
1.41051
1.81047
2.48915
2.80973
0.900278
1.74069
1.26366
3.97454
2.80863
1.92041
4.1782
3.98084
2.92908
3.82453
0.940011
2.12305
3.35892
3.73655
1.53237
2.81138
3.35627
2.54493
3.4049
2.34972
3.10566
3.70212
3.93991
4.13421
4.47883
2.71359
2.83349
2.90084
2.51255
3.09841
4.71044
2.77761
2.813
2.76457
2.2525
3.91274
4.21739
3.17294
2.31881
3.39743
1.78443
2.39933
3.80552
4.14183
3.31901
2.29097
4.98829
3.54954
3.42698
2.53656
4.00655
3.54783
2.67848
2.72499
0.823918
2.43315
4.54705
3.86612
3.08776
3.7804
1.26008
3.40037
1.99146
4.95214
2.95131
3.66601
4.19298
1.76737
3.96798
3.39523
4.44949
2.61275
2.81508
3.90605
3.35993
4.35518
4.15935
4.24122
3.13304
3.49039
4.79931
3.70359
4.00284
4.00366
4.06393
3.98181
4.84616
3.13686
5.89291
4.7934
5.48319
5.1465
5.62491
4.11911
2.40083
4.22361
3.76347
4.41778
3.9607
3.6271
4.40887
2.98392
4.36025
3.56319
4.50191
3.10468
3.89306
2.39105
3.18645
3.2776
4.49962
3.52565
3.53771
4.02343
3.19416
3.65685
4.46746
3.64849
2.9925
3.7121
1.10374
2.55837
2.84638
3.04729
2.79181
1.69846
2.47221
3.42435
2.58461
3.27088
2.4499
3.29065
3.24849
3.17288
2.80734
3.38438
2.99667
1.94988
2.98877
3.45456
2.86951
3.32102
3.90399
2.55024
2.43414
2.10306
2.30355
2.1061
3.05161
3.11397
3.77185
2.65823
3.44107
3.35169
3.91042
2.95735
3.5431
2.60303
2.10704
1.90592
2.27048
2.97759
3.70902
3.81459
2.47963
4.11584
3.30355
3.25576
3.97816
2.27487
3.0009
2.61279
2.57444
1.72345
3.62429
3.22116
3.5677
3.62808
3.20293
3.18151
3.10003
4.24882
3.11009
1.86359
2.72352
2.12915
2.81568
1.75829
2.58171
1.54187
3.36783
3.50955
4.29515
3.25436
3.97634
3.84567
1.7534
1.84081
3.40171
3.84267
3.27463
3.08299
3.18077
4.32801
2.95111
4.72438
3.49045
2.73724
2.87793
3.9919
3.62345
4.38902
4.4806
2.46027
2.88633
4.04013
3.16543
3.76884
3.67845
2.71564
3.45796
3.38172
2.42121
4.74572
4.23066
3.65373
4.07712
4.02567
4.23809
4.93502
3.61133
3.37009
4.09625
3.12606
2.90877
3.73239
2.71146
3.39095
2.37831
2.98989
1.75162
3.23578
2.31474
2.44928
3.53411
2.9978
4.38043
4.66834
2.20183
2.23959
2.64094
2.98143
2.20071
1.861
3.08416
4.00516
3.93846
2.22222
2.66913
3.70967
2.93
3.23071
3.67662
2.51603
2.27383
2.94301
2.78277
2.97442
4.14092
4.49808
3.58116
1.72189
3.70917
3.49745
1.66547
3.2283
2.46949
3.20132
2.51949
1.63733
3.00231
2.52528
2.42935
2.11775
2.86622
2.8824
1.43624
1.09595
1.61612
2.10683
2.3746
2.89378
3.06721
2.38595
2.67631
2.96059
0.643124
1.03843
2.28427
2.66527
1.21246
2.09961
3.94132
2.10598
2.17608
1.39278
2.25956
3.068
1.92467
1.70712
1.97268
2.55274
2.98401
1.63359
2.18813
2.22699
2.84473
3.89522
3.67293
2.10514
2.52573
3.70099
3.09436
4.14254
3.30516
2.50598
2.84391
3.0928
4.02917
2.90565
2.79048
1.92967
1.99421
2.91002
4.3249
2.90186
3.67274
2.13545
3.69695
3.50929
1.62163
1.81736
2.36519
0.683989
2.31089
4.13841
2.9556
2.73457
2.7604
2.70706
3.92247
3.06116
3.21613
2.30559
3.63634
2.87869
3.29888
4.81648
1.2266
3.19103
1.83006
2.23885
1.89828
3.19451
1.58214
0.499147
2.18166
3.86682
2.55854
3.63015
2.70441
3.07797
3.35031
3.4658
3.06253
2.95217
3.25092
3.51256
3.44727
2.30443
2.99015
3.45304
2.79699
2.92911
4.15908
3.41446
3.62621
3.15323
4.39173
3.23526
3.44372
4.82992
5.42271
4.74305
3.3868
1.8252
3.45253
3.01162
3.853
2.89886
3.50228
3.97793
3.4361
4.01625
2.71321
1.50138
2.93952
2.93272
3.14738
2.5901
1.57239
2.63531
1.88823
2.96401
2.17978
3.5615
1.52749
3.48437
1.76927
2.0572
3.05004
3.28522
3.1142
2.93319
2.84625
3.56408
2.33474
3.86798
2.21001
4.31238
3.47918
3.53509
3.59457
3.23527
2.43383
2.43146
2.92119
3.28213
2.46984
2.62542
2.48196
2.04013
4.05852
3.6723
3.48515
2.37186
1.48574
2.75786
2.50594
2.31302
2.41788
1.96815
4.68991
4.25329
3.30569
2.73751
2.07059
1.99009
3.04109
1.97649
2.4463
-0.252321
2.91321
3.22199
0.875038
1.68027
1.94374
2.38788
2.40892
1.26357
2.91215
2.95368
1.92548
2.91113
2.28174
3.3729
4.11631
0.657965
3.16198
2.3984
2.46761
1.99227
1.38097
2.6544
2.88703
3.20278
3.77674
2.93531
2.12356
1.85561
1.82137
3.9659
3.79205
2.45826
3.6314
2.91007
2.46532
3.44086
2.75311
1.43464
1.59951
3.78166
3.1243
4.10755
2.52992
4.28869
2.60981
3.32712
3.20959
2.14902
3.17108
3.28738
1.99035
3.46309
3.66596
4.08374
3.74662
1.79034
2.56967
3.52658
3.88668
3.44106
4.10944
2.55575
2.30276
2.20695
1.91011
2.63204
1.83514
1.71261
2.32855
1.63517
1.20374
0.16413
2.54374
2.58346
2.18223
3.42169
4.18586
3.06596
3.94122
4.20396
2.47073
2.15018
2.3788
3.34782
1.83209
2.63777
2.10966
2.03289
2.78233
3.22602
4.22862
2.91217
1.90039
1.91242
1.54157
1.98379
1.99481
1.70259
3.22197
2.16172
2.46302
2.42357
2.36333
3.6525
2.03138
3.08743
3.23331
1.75108
1.91187
0.835071
1.50719
3.60087
3.00879
2.68198
2.52802
3.24958
3.94824
4.31003
3.98306
1.32718
2.93697
3.97658
3.90522
1.29529
3.30365
3.27797
2.78305
2.76627
1.68791
1.47222
1.48154
1.07444
3.34366
1.94861
3.02613
2.40448
2.78983
2.06639
0.796383
0.825768
1.98633
1.7497
3.61536
2.90726
1.42106
2.28137
2.07852
3.61452
5.00517
3.78762
3.51724
3.53739
2.44397
2.41285
2.12913
4.49255
4.66892
3.93906
3.36137
2.4905
3.80219
2.8323
4.07932
4.7652
4.27068
2.22527
1.18219
4.78587
2.71836
3.05563
3.46959
2.96464
1.8944
3.53267
3.11893
2.90534
3.27219
2.24469
3.5158
2.93621
3.42185
2.2371
2.78911
3.79005
2.4489
2.67826
3.80053
3.53174
3.4597
3.66983
5.35471
4.33285
2.21814
2.76338
2.38726
1.96795
2.90925
3.5009
3.42686
4.60023
4.53157
3.57015
3.18056
2.24627
2.82598
0.763466
2.51856
0.110146
2.84092
2.03373
3.2198
2.43893
2.42116
2.42096
2.65417
3.05689
1.81082
3.05547
2.44026
3.87473
4.92187
3.91733
5.03039
5.19555
5.01473
5.49754
4.97048
3.71713
5.14221
3.8869
3.87454
2.77397
3.69722
4.70786
3.7039
3.63052
3.9915
3.7534
3.49927
3.75735
4.04153
4.26552
2.72893
4.52468
4.34126
4.06898
4.3901
5.15189
5.0432
4.07837
4.09012
3.37498
5.57199
4.75249
4.7098
5.98068
3.84545
4.52429
5.15903
4.29444
4.2794
4.0901
2.40191
2.01813
3.94058
3.44982
3.15042
2.2303
3.47588
3.15725
2.82782
2.65139
4.15484
3.81322
3.55269
1.45284
2.94682
2.58106
3.80435
1.56429
3.8012
2.19225
2.50418
1.50117
2.14496
2.79799
4.27017
2.97449
4.58579
2.82183
3.40284
2.57044
2.99229
3.88364
2.80506
2.62938
3.39628
3.57531
3.68708
1.9526
3.03286
3.87251
3.09185
3.4136
3.72876
3.4448
4.09125
4.76513
3.85851
3.28323
3.12478
3.75327
4.28757
4.25206
3.20233
3.00163
2.81264
3.6357
3.8171
3.00068
3.43549
3.45831
3.59087
2.87203
1.72103
2.80896
2.24075
2.03504
1.87527
3.51158
2.3106
3.30204
1.35996
1.57606
3.73617
3.47348
2.54956
3.4221
3.22372
3.2685
0.215831
2.43249
2.0045
3.71181
2.61355
2.20145
2.01225
3.93867
2.9369
3.26868
1.98693
2.62268
4.813
1.75854
2.9519
2.36148
2.45223
4.85322
3.39909
2.65812
2.8091
3.71249
3.38305
3.41844
2.69084
3.37102
2.93465
1.48157
0.972201
2.92563
2.01137
3.30392
3.12764
2.59866
1.07276
3.39573
2.38148
1.58016
1.97748
2.10221
2.06497
3.4236
2.21511
1.94011
3.76005
3.9069
2.09859
4.09549
2.01077
2.09779
3.07039
2.3827
1.79674
2.0099
2.96888
2.52987
4.18084
3.30322
1.80755
4.09285
2.92492
4.51193
1.35044
2.42694
2.71844
3.34752
3.564
1.21672
1.91112
2.81801
2.80131
2.43022
0.464068
3.3964
2.31962
2.90471
1.35385
2.6025
0.655555
1.76267
1.97042
1.72845
2.62208
3.53054
3.02894
3.1709
1.70293
3.14864
2.87504
1.97968
1.86299
2.50825
2.88898
2.86388
3.94852
2.97264
4.2492
3.80261
2.74842
3.37044
2.64164
1.34958
4.01937
4.44947
3.54768
1.45279
3.69648
2.22476
2.13324
3.53165
3.14793
2.7605
4.09437
3.37842
3.01856
3.83839
4.99613
3.29727
3.10072
3.2351
3.46658
3.94209
3.1577
2.43503
2.91729
3.0185
3.18958
2.45191
3.58281
2.93531
3.30899
2.57784
4.04604
3.42777
3.68956
2.25729
3.59515
4.82632
2.90843
3.31293
2.34728
3.91615
4.21291
2.66094
3.42045
3.34027
3.61354
3.03771
2.88437
3.65677
2.60654
3.87923
3.42921
2.16422
1.92308
2.68127
2.36839
2.90345
3.25487
2.78996
4.77599
4.27878
4.26706
3.07772
3.63315
2.15483
3.76668
2.92622
3.62775
2.70989
2.86294
4.41694
5.38796
4.73012
3.49951
3.66154
3.27029
3.27583
2.90276
4.03783
3.59622
2.48385
3.97294
2.57893
3.59714
5.03381
3.26133
4.59895
2.98173
3.08635
3.46765
2.96013
3.15116
3.35306
5.5893
2.80343
4.51907
2.87624
2.46038
3.75492
4.56545
4.76018
3.07871
4.71638
2.40825
3.41818
1.71651
2.88447
2.10438
3.8321
3.41313
3.23576
4.00021
3.94642
3.54308
4.05562
5.2079
3.77264
3.74209
3.56109
4.04446
5.60531
2.94653
4.73063
5.18852
3.06463
3.96872
4.97343
4.33743
4.92639
5.31716
3.77184
2.78338
2.95776
2.9341
2.42884
2.24125
4.1262
2.27328
1.86723
3.8882
3.40597
2.83272
3.39936
3.36832
2.65066
2.52881
3.23451
2.36504
2.24156
2.76018
2.50929
3.24619
2.03448
1.9555
2.67398
3.60844
2.03244
2.6887
3.52602
1.51885
1.63993
3.04003
2.10818
3.86998
2.48412
4.29743
2.10282
3.19717
1.5088
2.21977
3.44088
2.74244
4.05488
2.6709
2.59655
2.21231
2.28886
3.17438
2.9462
3.75095
3.61655
3.75531
3.39245
3.85922
3.50871
3.27171
4.29588
2.9
5.04828
3.90652
3.97321
3.85669
2.32706
2.90634
2.07723
2.51221
3.91743
2.70876
3.21513
2.75815
2.70619
3.10164
1.65633
1.45303
1.69883
1.48708
3.03149
2.15921
4.60972
2.28503
3.47588
1.96638
3.00841
2.74785
2.62685
2.72058
2.42955
2.06878
3.61153
2.71288
2.10931
2.14472
2.48195
3.40279
2.65904
0.997928
2.4447
1.81985
2.91304
2.70034
3.26781
2.83433
2.59839
3.67296
3.59181
4.96871
2.58416
3.84313
4.38073
2.98945
2.43164
2.12546
2.60909
3.21907
1.65168
3.23381
1.1442
1.89314
3.10968
1.26228
1.87129
-0.269854
2.64141
3.93016
3.64973
4.02076
4.35612
3.11993
4.92807
3.61407
4.06119
4.15093
4.28328
2.98635
2.5438
5.58338
2.50615
3.43926
3.67912
4.03033
3.67215
4.06021
3.97005
2.09066
3.27873
3.26181
3.70246
2.34491
3.29573
3.37104
4.55943
2.74441
2.9364
1.83601
2.01779
2.35533
3.0491
3.76592
3.30849
3.73871
3.4357
2.49477
3.47133
4.03904
2.76904
3.0473
2.97837
3.38968
4.18242
4.83564
4.45784
3.84696
3.54274
3.10197
4.65604
3.10869
2.92384
3.37725
3.19802
4.22683
1.72873
3.38984
2.778
1.70152
0.907855
1.95492
1.76445
1.67503
2.33575
3.58234
2.56153
2.83658
3.45067
2.15717
1.36881
1.28843
2.80373
1.31292
3.55606
1.53931
2.17765
1.27091
2.46106
0.719212
0.091605
1.80297
1.44308
1.87514
2.17644
-0.463368
0.604686
2.72262
3.21846
3.13292
2.49754
2.56703
2.41392
1.80186
2.77579
2.67416
1.68243
1.98928
2.9617
2.4271
2.83136
2.42927
4.1324
2.31726
1.95868
2.67296
2.8042
3.39705
2.6036
3.02787
3.40083
1.91437
3.99633
2.77114
3.59739
2.51086
3.31033
1.96373
3.21733
2.18881
4.41801
3.46778
5.05571
3.65454
3.49751
4.18692
2.58057
4.86291
4.81999
4.12954
4.43532
5.31142
4.01069
4.15757
4.13589
4.01917
3.62483
4.65637
4.54422
3.25734
3.03175
4.68814
4.28049
3.73056
4.72164
4.98738
3.96979
3.43763
5.02323
4.21956
5.06823
5.25215
4.82999
5.83729
5.40696
4.51224
4.591
5.08098
4.22548
4.93002
6.40822
5.19767
4.59647
4.95743
4.8875
4.71934
4.76789
4.31489
5.70228
5.39308
5.31517
4.71465
5.96395
5.22397
3.49791
4.7779
3.23654
5.01722
5.25033
4.08862
4.38462
4.32143
4.16925
4.09356
4.58733
4.13758
5.90406
4.78423
5.34886
4.7004
5.7019
5.73834
4.41118
4.66953
4.8367
3.98264
5.08403
4.44172
3.69555
5.13895
4.83922
4.53128
3.8572
3.17993
4.66799
4.78561
5.42552
5.13863
4.45257
4.24005
2.75932
3.70809
2.73747
5.00315
3.39815
3.46112
4.40131
3.28596
4.67927
4.7805
4.64494
3.46825
4.50333
4.53371
3.40721
3.16445
3.28131
2.9098
4.1177
3.28244
4.60454
6.07889
5.90375
5.50516
4.84649
4.03306
3.85249
3.91008
4.14405
4.22523
2.35845
3.3106
4.39125
3.99182
3.21039
4.62867
2.18085
4.88673
4.14765
4.83944
3.42384
2.82238
2.62025
2.57663
3.73126
4.52717
3.04282
4.66683
4.26288
3.94237
4.57127
3.80492
4.89698
4.37995
4.12548
4.00363
3.11518
4.31954
4.06225
5.41439
4.99697
5.00914
3.17733
5.06463
3.45223
3.43852
3.14989
3.43672
3.6638
2.36234
3.887
3.11983
3.73342
4.38036
2.84017
5.02333
5.00535
3.34058
3.67446
3.45931
3.80881
4.4554
5.17569
3.34693
3.67706
3.1918
2.94628
3.73547
2.66115
2.18178
3.70061
3.28923
3.06548
4.21521
3.55181
2.39024
3.60766
3.30409
2.59222
3.56717
3.80197
3.31393
3.48683
2.21889
2.30279
3.49068
3.17154
1.80673
2.92916
4.49948
4.33265
4.44361
5.01259
2.13974
2.09656
4.66903
3.59346
3.01838
0.98306
3.3667
2.92203
4.00428
3.71191
3.10459
3.56011
2.49194
3.02746
2.55413
3.38369
1.0224
4.23191
4.59441
3.98106
3.49133
3.92833
3.65375
3.43041
4.07018
4.07686
5.25389
5.91644
3.7104
4.40921
4.17915
3.40607
3.4116
3.96077
4.37528
4.36289
2.92025
3.81528
4.09822
5.26836
3.2059
3.41691
3.05431
4.35069
5.01274
5.03228
2.82104
2.65411
2.55778
3.53153
3.62654
3.47629
4.58706
5.14012
4.20961
2.87256
3.20696
4.06262
3.03954
3.17762
2.79122
3.60341
2.26729
2.54642
3.79902
2.76629
2.95922
3.17535
1.88664
2.39993
2.95804
2.98936
2.61452
2.31783
2.37474
2.05407
3.06287
3.14403
3.37479
2.59211
2.61721
2.75012
4.10445
3.15608
4.03237
2.99102
2.48792
1.87728
3.31842
2.41289
3.97421
3.3715
2.45432
3.81696
2.44415
3.67299
2.50292
2.66073
3.30007
3.97259
2.99277
2.83607
1.13541
2.89765
3.79389
3.12052
2.90002
3.75889
4.14898
2.72753
3.91781
2.38752
1.0504
-0.471099
1.38823
2.21706
2.20596
1.20073
1.65721
3.0661
3.95136
2.2884
3.54006
1.46516
1.83212
2.09567
1.67444
4.08797
3.5585
1.29681
2.54551
1.23969
2.18024
2.49187
2.92875
2.10921
2.51804
3.13214
3.70754
4.27104
4.26174
1.86143
2.12659
4.0387
2.76714
2.04056
3.48848
3.37596
2.5261
3.71366
2.63882
4.04367
2.10791
2.87074
4.2667
0.529268
2.43689
4.81867
2.88489
2.47755
2.40335
2.77904
3.06283
3.73732
3.24496
3.37584
2.97297
3.52307
2.72422
2.62369
2.59509
3.3194
2.87098
2.56683
3.92068
2.84424
3.17087
1.78688
2.14816
2.12742
3.71847
1.55503
1.43728
2.51743
3.08225
3.86781
2.62848
3.65756
4.00769
2.64444
3.53874
3.95796
0.54997
2.27115
2.45612
2.72748
1.59662
2.78308
2.71859
3.38271
3.89926
2.01264
2.37122
3.63533
2.66351
2.70116
2.48781
4.91938
4.05075
3.80953
4.58723
2.1768
3.99556
4.52531
3.55831
5.64818
3.36724
4.41081
3.72352
3.7662
2.7321
2.77208
2.31656
2.04516
2.2181
3.6462
3.5665
2.03693
3.68053
4.23551
3.64701
3.94734
2.72839
3.69205
3.32638
3.85582
3.36556
2.97871
2.21896
3.11698
2.72439
3.97796
1.69953
3.1755
3.74004
4.47855
3.85774
5.0747
3.00067
-0.27624
1.10525
3.29205
0.777319
2.36097
3.21611
3.23075
2.11003
1.82509
3.84167
2.25565
2.15172
1.24089
2.29268
3.16125
3.23505
3.01486
2.22239
1.42786
1.75008
3.06025
2.57963
3.70163
4.29453
3.22678
1.33225
2.53985
3.11135
2.9636
2.62276
2.26433
2.31214
4.59857
3.67248
2.36324
2.24941
3.60006
2.99745
2.234
2.6623
2.54171
1.40541
4.10819
2.39877
2.96074
1.05527
2.16851
2.25485
2.89814
2.17305
3.17745
3.81987
1.83635
2.64535
2.70361
3.6498
1.86241
4.08544
3.69036
3.69889
2.92243
3.84313
5.25687
5.19274
4.73408
3.73674
4.99492
4.74812
2.36251
4.28287
3.43593
4.78793
3.28397
4.59269
3.58546
4.22965
4.18452
4.03037
3.38679
1.71667
2.68667
4.15741
4.71938
3.1534
3.89725
4.92789
3.41468
2.80495
3.06282
4.23455
3.27522
4.49542
4.51794
4.48361
3.03247
5.15315
5.54717
5.82893
5.04064
5.01543
6.03325
4.03384
5.95459
4.27394
3.75917
4.53874
3.59771
3.53547
3.64461
2.98936
4.04402
4.486
2.42802
4.94658
3.26566
3.73997
4.78091
4.9339
4.9489
4.83908
5.31855
4.46197
5.53754
2.3841
5.78189
4.67946
3.63102
3.81511
5.13354
4.36201
3.552
3.63624
3.63892
2.98628
3.60828
5.21788
3.25786
4.22485
4.03667
4.19824
4.17867
4.43214
4.10683
3.20243
3.67618
3.03394
2.6063
2.25181
2.34147
3.81541
3.69133
2.94254
3.99752
3.90856
3.81955
4.20349
3.50318
3.71727
1.80229
2.94172
3.97226
4.2244
3.25978
2.90063
3.08302
4.97168
4.57696
3.35807
5.00319
2.49879
3.44414
3.6779
2.77074
4.59312
2.70838
2.61531
2.52436
2.12076
2.88589
2.26356
1.99787
4.40539
4.411
4.36934
3.88361
2.43315
2.71666
3.35346
4.23858
3.19105
2.43697
3.15852
2.51659
3.63146
4.05718
3.50905
4.01533
1.02491
3.85686
2.93145
2.49625
1.51613
3.24972
3.69198
3.0822
3.59273
2.728
1.59017
1.62824
1.73762
2.6091
2.58639
3.70686
1.51197
3.99004
2.99697
1.65774
2.25727
3.38
4.15062
1.83961
3.4998
2.53421
3.67311
3.13137
1.07622
2.34362
4.69154
2.94802
2.8266
4.58847
3.05115
3.79111
4.31975
3.79955
4.21055
2.75419
3.52552
2.65054
3.5169
3.19762
3.5256
0.097015
2.0262
2.73908
2.39119
2.95106
3.39191
1.73777
1.50997
4.44367
2.61045
3.45804
3.1356
4.20397
2.31727
3.66872
3.74221
2.74602
4.57233
3.03375
2.75885
2.55897
1.60322
2.53271
1.74611
3.34173
2.13848
1.17288
1.69494
2.05813
1.37136
3.08454
1.30099
2.96755
2.465
3.35351
2.25683
2.3388
3.23611
2.04566
1.2201
1.58307
1.24876
1.81621
1.81092
2.4173
2.68095
1.74673
1.65227
1.77312
2.10588
2.5507
2.84168
2.37092
3.06084
1.0163
2.71749
3.15772
2.85639
1.64567
0.629167
1.41402
2.00032
1.66433
1.49578
2.94932
2.37085
2.0318
2.73163
3.27091
3.14882
2.97853
2.86745
3.04482
4.01174
2.96199
2.00834
1.90642
1.96737
3.1487
2.37112
1.89379
2.09275
2.52079
2.43366
3.07569
2.43896
1.84322
2.01552
2.67213
3.72172
3.14211
3.17769
1.94891
3.31749
4.4247
3.68825
3.50972
3.76375
2.14895
5.17239
4.09366
4.18082
4.09783
3.92521
5.00264
3.86017
4.3487
3.80785
1.8253
3.59268
3.60249
3.95953
3.45623
3.22927
2.70057
2.6048
1.37823
1.58135
2.10201
3.43902
3.21867
3.45463
3.89122
2.11468
2.60118
4.15034
2.94458
1.74428
2.902
3.26777
2.40845
3.70217
3.21231
2.98796
3.32092
3.92557
2.88579
2.73367
3.02624
3.74504
2.37801
3.15391
2.56529
3.55296
2.92539
2.99582
1.11227
3.97949
2.0171
3.55763
1.54831
2.17078
3.46329
3.52773
3.39523
1.99106
3.18364
2.2562
2.69043
3.6164
2.34601
3.94519
2.45353
3.39336
2.78938
2.27943
1.09832
1.23349
3.53216
2.94989
3.29239
3.34024
2.11909
4.5811
2.12442
3.18815
4.85573
4.64542
4.4476
3.70998
3.87059
4.18623
2.79416
2.11861
2.05845
1.87499
3.13592
1.98088
3.33168
2.30439
1.76339
2.41309
3.63894
2.67064
2.90334
2.67822
3.95116
3.02359
3.47731
2.98829
3.11388
3.4992
3.60971
3.45198
4.09802
3.91792
5.06623
3.65377
3.67239
3.32425
3.08793
2.43128
2.82631
4.21141
3.85202
3.41701
3.70198
2.58455
2.17823
2.7751
3.73162
3.21634
2.51976
3.66099
2.48741
2.75955
2.143
2.78157
2.08628
3.01973
3.83888
3.47134
3.5655
3.08782
3.5862
4.70809
4.55379
2.45738
4.70785
3.94789
4.39057
3.0734
4.42413
3.38946
3.48822
3.58486
3.58908
4.17579
2.63289
2.44934
2.74544
3.57626
4.81138
4.29898
4.1437
3.67213
3.59535
2.67504
2.77626
1.69436
2.64372
1.82043
4.29318
3.25502
1.49742
2.34552
2.92628
1.43128
1.48455
2.12056
1.60662
2.47377
2.28352
0.612365
2.90256
2.55263
3.8782
2.09639
3.22026
4.34385
1.75324
2.6625
2.16794
3.62398
3.71911
2.31948
3.4023
2.89633
2.93409
3.46362
2.66666
3.33646
2.19852
3.59541
2.98363
2.0677
2.64541
1.3198
3.44657
1.70091
3.30329
2.56626
3.23151
3.74953
2.36414
3.78546
2.87127
3.41244
3.73038
2.83566
3.72338
2.23478
3.37448
4.74466
2.81299
3.6147
1.06109
3.24049
2.20427
4.1655
4.17937
4.83796
4.01088
2.67742
2.15584
1.30864
3.35722
2.79428
2.64804
2.73327
2.99913
3.26796
3.83218
3.16993
4.00023
2.44966
4.36823
3.69568
2.0078
2.12756
2.48651
3.50724
3.77575
3.71443
3.57504
2.07121
3.45901
3.91753
2.98363
3.52533
3.42656
3.54157
3.38124
2.45975
2.65141
2.29052
3.69961
2.93757
3.8634
1.86249
3.58293
3.83573
4.75643
2.58268
3.63505
1.66492
1.20428
1.43408
0.0535927
1.4459
2.74793
3.71354
2.29338
3.40689
1.83711
2.073
2.70183
3.0096
3.23386
1.03424
2.28438
3.39065
3.45886
2.53696
1.92166
3.88032
2.76586
2.81777
2.12075
3.25743
2.81226
1.80354
1.9466
3.0498
2.91089
3.55598
1.96364
2.13974
1.27693
2.91916
3.39864
1.49473
2.06098
3.11818
2.00358
2.35561
2.71409
2.24949
1.66157
4.35282
1.92941
3.81293
3.43935
3.55617
3.17301
1.85397
3.06498
2.82626
2.67192
2.76195
4.0912
2.41546
2.32504
1.34755
1.12977
2.40356
2.22944
2.1685
2.97474
3.49521
2.64875
2.73183
2.82773
2.04854
1.06409
1.86788
2.07324
0.345947
2.41477
3.70626
1.41348
3.41201
2.26901
2.30236
3.93282
3.25563
1.8603
1.83864
1.18008
2.17081
3.78712
2.30881
2.22305
1.69379
2.10333
1.01994
3.64156
3.38484
4.93209
4.03056
3.81134
2.46545
2.66263
3.67898
2.89417
3.1712
2.20705
1.89591
1.55297
0.977817
2.41846
4.03549
3.68456
3.24109
3.47895
4.02598
2.754
2.28415
1.17843
3.07286
2.78863
4.18132
3.28007
2.48599
2.74506
2.40349
2.61069
3.36515
2.87235
2.86044
1.58365
4.19942
2.22882
3.89115
2.294
2.01802
2.43532
3.20927
1.96712
2.01742
3.86816
3.50165
3.55669
3.96393
2.62416
2.32016
2.99755
1.80628
2.811
3.05619
2.91233
3.97
2.91039
2.26996
0.673968
2.49344
1.83613
0.794547
2.88057
1.87287
3.43048
3.5968
2.22574
2.50101
2.79538
2.92778
3.75869
2.20297
2.60824
2.64831
3.08085
2.77386
3.01649
1.42743
1.68707
2.37371
2.74677
3.54936
2.57395
4.27797
2.59501
1.74007
2.95061
2.70307
2.74301
2.10397
3.27631
2.53355
2.08891
2.92187
4.48912
3.50681
3.41209
2.02644
3.5102
3.78588
3.18372
3.99352
4.75122
2.92061
2.32623
3.79996
3.15307
3.88196
3.60911
4.53424
2.72735
3.06222
2.78428
4.23066
2.96961
4.06641
2.76547
3.6684
4.75951
3.90702
3.02428
3.50599
3.461
3.73682
3.72058
3.14719
3.4313
3.49526
3.90431
2.3798
3.60522
4.10295
3.127
3.40046
2.60173
1.98665
3.73422
3.65454
4.4615
3.11034
3.74356
3.57789
2.60971
2.0241
3.35434
3.5087
3.80826
4.36622
3.68728
2.95586
3.55414
2.85448
2.22341
3.25768
3.3731
4.12105
1.63819
2.76896
3.18917
2.03505
3.94573
1.97483
3.62268
3.42799
1.26262
4.68912
3.4437
4.42562
3.55022
3.63377
3.1945
2.16815
3.80219
1.94593
4.3343
2.48242
2.53955
2.92867
1.40312
2.27808
3.80119
1.90261
3.90543
2.19033
3.39976
1.82504
4.66854
3.95873
3.79326
3.14595
3.54357
4.38227
2.54226
3.39859
3.94701
2.74509
2.88051
3.88643
2.75622
2.57778
4.46229
2.35881
3.00333
4.69238
3.77108
3.78477
3.83331
4.39423
3.59644
5.32618
3.5478
2.71857
4.92794
3.45118
4.30623
4.51887
4.1113
4.2211
5.47901
4.90478
2.63082
3.57312
2.82151
4.87571
4.36058
4.01571
5.47795
3.60848
4.70943
2.98037
3.81584
3.39979
3.30298
4.41432
4.2028
2.45139
3.38543
3.51142
4.21646
5.6909
4.52348
4.82021
2.67424
4.33793
4.11791
5.2835
4.4191
3.75543
3.9686
3.43153
3.49798
2.31196
3.73728
2.09644
3.77967
3.33967
3.98692
3.61782
4.48103
4.59402
4.06377
4.14744
3.67305
3.41747
3.5558
2.05459
5.38564
6.63277
4.99738
3.65819
2.74004
3.17942
3.19537
3.79905
3.95566
2.6656
3.72002
3.13572
4.14502
4.30578
3.15294
3.81935
3.39437
2.52148
3.40642
3.61369
3.53522
4.00669
3.58452
3.88093
5.51893
3.21514
3.59642
3.65692
1.95333
3.5668
2.53065
4.53668
2.00356
4.67032
4.57374
3.84927
3.85866
3.65361
3.50368
3.051
2.359
3.05574
4.41389
5.06328
3.29142
2.8432
4.09534
1.67793
1.90452
1.90698
3.08146
2.88833
1.94396
3.82238
3.60574
4.90794
4.36557
4.9671
5.07251
5.11643
5.21759
4.16098
4.19962
5.14044
4.34408
4.29524
3.86431
5.44222
2.64467
3.75111
4.43067
5.00438
4.08062
3.90583
3.90954
3.04587
4.44151
4.50666
2.79454
3.21842
4.14503
1.99986
3.22442
3.62751
3.97572
3.73284
3.51492
4.16405
4.8166
4.17619
2.99709
3.64043
4.06532
3.45254
3.21692
3.5374
3.0253
3.40849
4.07208
3.48655
1.98862
4.00927
3.81341
2.98547
2.76523
3.41498
4.41624
3.83319
4.88698
4.05162
3.45602
3.56688
5.34745
4.2752
5.209
5.45664
4.65336
3.97748
3.92446
3.08072
3.31106
3.06165
3.63869
4.11704
3.75112
2.93938
3.71143
3.61701
3.80373
2.33224
2.90391
4.13407
2.89397
3.48006
3.82832
2.75855
3.71278
3.76208
4.0835
2.49116
4.57057
4.12402
2.99847
3.4701
4.31331
3.19881
5.26953
3.30556
4.79813
4.02046
3.22409
3.29448
2.64202
3.31982
4.15419
2.91766
3.24695
3.25791
3.54432
2.8002
2.81061
2.53524
4.08516
1.74644
0.837259
1.77935
2.95812
3.35492
3.76563
1.92294
0.771311
1.74861
2.19366
4.00019
3.2244
1.41827
4.12151
0.959623
2.81668
0.27037
4.10307
3.47663
3.49405
3.11146
2.28243
1.95259
2.78711
3.18598
2.85488
2.62631
2.21985
1.61167
0.666824
3.07205
1.08762
1.91866
3.10921
4.34702
2.73222
3.22532
4.02078
3.82336
4.22492
3.47579
3.04751
2.38986
2.32502
2.68075
2.4269
1.85969
1.82303
3.33985
3.55114
1.83511
1.39814
2.24243
1.77055
0.874777
2.62623
1.92004
3.01436
3.20306
2.64724
3.39936
2.16714
2.92127
1.98181
2.25088
2.98223
2.43294
1.1154
2.4796
2.61278
4.6763
4.56272
2.90745
3.76848
2.99505
3.26826
1.25043
1.63665
1.76404
1.43028
1.86373
2.66758
3.10995
3.05586
4.14505
1.74019
4.02894
2.74885
2.02147
2.82943
2.75565
1.50058
2.94503
2.11523
2.21966
3.10467
1.15718
2.88682
2.09767
2.3189
1.21716
2.49514
1.17722
2.99631
2.2564
1.19894
1.7099
3.15324
2.08542
2.37316
3.0664
3.44094
3.11067
3.93381
2.77357
2.42464
2.63556
2.89476
2.49909
3.63193
2.73921
3.53864
2.4824
1.44377
3.65875
2.16528
2.92601
2.86484
3.55304
3.73167
2.2695
2.37978
1.52991
3.10944
2.54879
3.87453
1.7359
4.11961
2.37852
4.41262
3.81993
1.43726
1.31973
1.74526
3.75071
4.97834
4.18781
4.1538
3.05911
4.51053
4.22658
5.6564
5.0864
4.20038
5.73574
3.17979
3.72761
3.95758
3.77691
3.94586
4.54465
4.62333
4.39698
4.42429
4.03447
4.23048
4.42675
3.37386
3.18281
4.0295
3.13849
4.34925
3.47014
2.6953
4.52373
3.27752
3.73509
4.51108
3.45403
3.85938
4.52838
4.08435
2.86722
5.23544
1.47662
3.11925
2.33552
2.28726
2.26547
3.17528
4.39166
2.23919
2.65178
3.51597
3.06891
3.31809
2.39308
3.32475
2.6368
3.67507
3.17072
4.25399
3.96897
4.1294
4.47844
3.5802
3.89924
4.06591
2.616
3.50451
3.34955
3.14138
3.53507
3.05065
4.77303
4.75808
4.1065
5.57398
4.9231
5.27315
4.18952
4.48489
4.84913
4.80069
3.36281
1.65656
3.13695
3.93042
2.84612
3.70335
3.46531
1.97919
3.76504
4.98087
4.73596
3.66517
3.33383
4.00374
3.53755
3.37403
2.97607
2.71292
3.95783
2.61078
4.07236
3.11438
2.92875
2.30887
4.46724
4.25089
3.44956
3.50371
3.36194
4.19527
4.35644
4.56743
5.24864
4.13282
3.2428
3.29175
3.61158
3.95949
3.69434
4.78975
2.7408
3.40023
4.20072
3.90491
3.14323
3.52187
2.58769
2.50425
3.30061
2.84437
2.92456
2.5934
1.69806
2.14304
1.49097
2.96882
2.9149
3.77841
2.11183
2.76115
3.12122
2.81183
2.98238
3.34413
2.8362
2.71834
3.00378
4.20385
3.17501
4.11926
3.24711
3.33966
3.1786
4.16637
2.75382
2.95242
2.17535
2.35479
2.1901
2.5809
3.85914
3.56747
4.28483
4.30166
2.65922
1.64366
2.46513
2.35776
3.52763
3.39082
4.59742
3.89532
2.88684
2.11808
2.17768
2.97879
2.02599
3.63091
3.89697
2.72492
3.63661
2.95981
3.5304
3.35345
3.29308
4.22403
2.4947
1.21887
2.96116
2.81214
2.75619
3.04567
3.38158
3.16725
3.10416
2.47564
2.99219
1.84867
2.4277
3.6765
1.5932
2.63045
3.24775
3.0716
1.93837
3.36139
3.54995
2.76899
2.96617
3.45918
3.68404
3.02927
3.5311
2.39633
3.6199
4.5018
3.74674
2.48231
4.31384
4.38536
2.57482
3.8633
4.38532
4.07382
2.96324
3.19791
4.50311
2.78263
2.38131
2.81416
3.27001
2.31867
3.6502
2.48381
2.67358
4.05831
2.76162
4.37312
2.48226
1.21679
0.526148
2.65188
2.43513
2.61293
4.86917
4.12124
2.31106
3.85061
3.10144
3.63578
1.26162
2.58039
2.60752
3.74395
3.65872
3.13634
1.99978
1.50107
0.722547
3.10304
2.96305
2.59385
3.02261
1.65061
2.33782
1.85337
2.47174
2.13471
2.25557
1.64767
1.52514
1.88144
3.7901
3.00179
1.64827
2.2154
2.46282
3.60329
2.19221
2.67398
2.4487
2.28139
2.13762
2.04541
1.52023
1.08821
1.96868
3.47196
2.59093
2.2838
3.24109
1.38545
1.14075
2.619
3.75786
2.56711
2.23352
2.85164
3.3312
3.14247
3.10465
3.59805
3.07361
3.46727
1.36691
1.45249
3.4323
2.22709
1.24756
0.829234
2.98643
2.8115
3.07039
3.41264
4.06767
4.12937
3.44048
2.81908
2.70482
2.10691
2.01976
1.50734
0.504682
1.79927
2.00735
1.49927
3.06679
2.05077
2.25839
1.98829
1.94988
1.74186
2.59287
3.71112
2.13444
3.22513
2.70101
2.50605
2.84846
2.85658
2.94515
3.92169
2.86803
1.66157
2.25492
3.20276
2.84936
2.0306
2.98317
1.25487
2.40756
2.11543
1.79902
2.47058
3.24163
1.4146
2.03881
3.02996
4.99546
4.20077
2.70298
3.00597
1.22275
0.933857
3.86446
2.19217
3.91327
2.27375
1.63375
2.78418
2.80458
2.46426
3.63862
2.91334
2.00119
3.08775
2.63247
0.724277
3.55967
3.18102
2.27222
2.76772
2.40077
3.84418
3.14856
1.55838
2.10377
2.45316
2.27573
0.773202
2.24843
2.80714
2.32386
3.73871
2.79295
2.49373
3.84835
3.46494
3.17242
2.02787
3.34413
3.16121
2.33895
2.75786
2.51175
2.82134
3.38677
3.64237
1.17901
2.8196
2.11663
3.92307
2.04013
2.34006
4.00399
1.33472
3.60713
3.3426
1.90136
2.35074
2.9587
2.47252
2.28976
2.18429
4.86083
1.84274
2.91044
2.46366
4.62338
2.49666
1.5437
3.90469
1.09078
3.66844
3.3493
4.66625
3.10784
2.65432
2.2953
1.78768
3.09809
4.17024
3.92486
1.90414
3.07611
3.35743
3.58799
2.32815
3.40195
3.59064
1.0181
1.20117
1.89679
2.36722
1.80421
0.491404
1.22764
3.025
2.07831
2.20683
2.91368
2.84725
3.83027
1.96646
2.59452
3.54758
2.21632
2.42357
3.09488
1.79977
1.46716
3.12846
3.43633
4.12497
2.83851
4.65784
3.03552
2.23947
3.59368
2.77594
2.3746
3.74006
1.962
2.95944
2.0728
1.60221
3.22413
2.88618
1.68619
2.29193
3.27311
2.09539
3.34144
4.73201
3.02574
3.26359
1.72347
2.84606
1.52575
3.12449
2.73582
3.18061
3.64171
2.89003
3.62933
2.32623
2.68667
4.34297
3.01842
3.02917
3.71091
4.38969
3.76512
3.47599
2.34264
3.61069
3.58293
2.92476
4.07804
5.07881
5.80574
5.7196
5.784
5.24336
4.91253
6.34032
4.47034
4.02589
4.89256
4.81916
3.93718
4.08744
4.8021
4.73524
4.56367
5.24747
5.0129
4.77314
4.81949
3.98346
4.29975
4.71688
4.81369
3.55588
2.54706
3.19926
4.15486
2.48187
3.58357
3.95279
3.10651
3.04166
3.75053
2.48537
3.32837
2.86503
2.27095
3.83472
4.13262
3.78011
3.92772
2.71908
2.84042
3.17098
3.61608
3.44407
3.09146
3.85877
3.92112
2.87689
3.75089
3.69934
2.45119
3.53859
3.83757
3.57712
5.26635
3.75453
2.94868
2.35339
2.55855
3.28091
3.98251
4.21156
3.78163
4.8659
4.42703
4.45322
4.12045
2.33787
2.026
3.97319
3.63845
3.88799
3.21226
4.19325
4.45226
4.55018
4.45895
3.74845
5.57989
5.04385
5.28891
4.25404
3.71289
3.54693
5.07904
5.42252
4.82202
4.58938
3.58139
2.36797
3.73789
5.25164
5.22007
3.63766
4.34802
3.52706
4.55255
5.2024
5.27468
4.47082
2.39759
4.49615
4.07467
3.69622
3.61654
4.43948
4.22461
4.35961
3.34605
4.17562
4.5001
4.55684
3.9906
4.28724
5.33741
3.65942
4.77748
2.37682
4.32239
4.93975
2.7988
3.47678
3.68202
3.32802
3.70421
3.77404
2.9339
4.40224
4.40578
3.44028
3.38453
3.75211
5.32931
3.81054
6.13777
5.85427
5.30626
5.49849
5.62556
5.40501
5.9797
6.92145
5.17341
5.03003
5.09339
4.19297
4.43527
4.86234
4.24724
5.41441
3.62743
4.63208
5.25682
4.68145
3.91294
4.99855
3.85632
5.04786
4.85594
4.53915
3.87082
3.94554
4.93887
4.76596
4.3178
5.5563
4.14752
4.46281
3.52214
4.76088
4.30187
4.37384
3.93731
5.06343
4.0813
4.06579
3.98615
3.60938
4.79265
5.17693
4.81216
4.04772
4.47056
4.68156
2.72983
3.25148
4.59591
4.17783
4.43888
4.88534
4.70817
4.35765
3.11902
3.3797
3.33794
4.48957
3.73855
4.48962
5.04114
3.35916
4.72051
3.71167
3.82585
5.86767
5.75393
4.91693
4.84607
4.41362
4.30625
5.53962
5.12702
6.02732
4.95264
4.20877
4.47395
4.62862
4.29692
5.27951
3.5298
5.04234
5.02173
3.89142
4.39172
4.36977
4.36512
3.71854
2.68683
4.48672
5.26769
3.49328
4.50776
3.69022
3.77123
4.35136
3.1983
3.95643
5.40002
6.20016
5.59622
4.9364
4.64047
2.96865
3.56853
3.27783
5.23377
4.57514
4.80119
4.39677
4.88228
4.09982
6.47541
4.76484
3.73124
3.19259
4.02616
3.90584
3.44924
3.07643
3.44208
4.32385
5.65716
3.95038
4.99449
2.80128
2.96776
3.97923
3.67805
3.26412
4.1052
3.92716
4.63072
4.12556
4.32368
3.9666
3.85952
2.10232
4.03988
4.9512
4.36867
3.0734
3.45179
3.00486
4.51561
3.18934
3.2302
4.49289
4.04736
3.99174
5.51765
6.24522
3.31233
4.57955
2.94935
3.06641
3.04526
3.28643
3.97921
4.14834
5.29946
3.06199
1.6817
4.11603
4.17911
3.63581
3.13736
3.2953
3.15809
2.20351
2.7364
2.69827
4.87868
3.55483
3.80183
3.16016
2.97642
2.80977
3.10292
2.9488
2.67676
3.7135
3.97315
3.4775
5.26231
3.07743
3.44292
4.11799
3.44596
2.83701
3.83424
4.28193
4.43153
3.73936
3.33196
2.28443
4.2623
4.10749
3.76716
3.1182
3.58225
3.51627
3.44011
2.58579
2.95517
4.4031
3.42707
1.96023
3.24748
2.31018
1.20785
1.7458
0.98482
4.02694
2.84313
2.94376
2.87821
3.54785
2.23569
2.62548
2.3589
2.90951
2.30541
3.16119
2.0673
1.72572
2.92059
2.41589
2.07776
3.54314
3.20058
3.26807
3.11629
2.61129
3.35997
2.38267
3.78911
3.73109
2.68552
3.59904
3.60925
1.45305
3.04725
3.3885
3.23024
3.46898
3.19918
1.6177
2.1128
3.35093
2.4898
2.6214
4.42546
2.65326
3.22011
4.30253
2.49525
2.73242
1.24039
2.75898
4.5755
3.16858
3.87858
3.28368
2.86355
1.72146
2.29847
3.67543
2.01882
2.84354
3.54051
2.53405
2.98364
1.04912
1.96682
1.84195
1.61951
2.10692
1.31679
2.35722
1.4385
1.6115
1.38691
2.67953
3.00529
3.40945
2.35695
3.38322
1.87132
2.6427
2.76852
3.3993
3.46489
3.58483
2.37633
3.33156
3.95881
1.9255
3.25519
4.33359
3.19946
3.37979
2.53073
3.43049
3.42439
2.97257
3.25233
2.7815
3.19175
2.52774
3.38937
3.61053
1.9022
3.81873
2.86099
2.94075
2.81052
3.07505
2.26419
2.79759
4.58066
3.78426
4.11459
2.75131
2.55653
4.121
2.4031
4.11175
2.98105
3.99653
1.70676
2.8335
2.19028
2.94825
1.84018
2.39752
1.67861
2.21778
2.30713
2.86354
0.73612
2.1294
2.36389
1.35066
3.07241
2.78858
1.95945
2.80342
2.33545
1.67959
1.94683
3.02139
3.13878
3.51349
3.15113
2.10958
2.42034
3.85231
2.15825
2.89188
3.9096
4.01778
2.37601
3.35438
2.83597
2.97833
1.98054
4.07955
3.9385
2.46645
2.51597
2.49391
3.76228
4.56249
3.64307
3.71747
3.56254
3.1884
3.12633
2.85235
4.13115
3.29073
4.16741
3.62489
1.97472
2.55351
1.37636
1.87829
2.19334
4.11067
2.98179
2.2448
1.1899
0.732722
2.97271
2.22875
3.32163
2.9151
2.64397
1.30099
4.09193
3.09789
2.45105
2.25425
2.8684
2.75151
2.83619
2.71839
3.91108
1.84136
3.24694
2.16363
0.887193
3.93324
1.69269
3.42146
2.57089
3.05377
3.9234
2.58367
3.21194
2.5111
3.15738
1.87889
1.61417
2.36652
2.82414
2.65578
3.34858
2.52508
1.88627
2.70103
2.75852
1.42237
3.36731
2.15827
3.25383
2.98605
1.46019
1.65447
1.79422
2.18504
2.42276
1.94571
1.49808
1.54632
3.46691
3.52751
3.1041
1.91629
2.96749
3.01465
3.68699
3.65144
4.34108
3.63437
5.47856
5.98269
4.96502
3.17825
4.55227
2.43648
3.12178
3.41593
3.67369
3.88794
3.28558
1.77829
0.859918
3.84053
3.75119
4.00669
3.37223
2.74144
3.3737
3.24942
3.50241
2.99836
4.31349
4.42957
3.39172
3.1933
3.26724
2.41849
3.24932
3.88821
5.09788
3.96451
4.3139
5.02818
3.0128
3.6776
3.30749
2.57185
3.29172
2.9295
2.53342
4.01983
3.5347
2.56119
3.05385
4.69684
3.13109
3.0632
3.31226
0.973791
2.68276
2.41775
2.77482
2.88495
1.7103
0.817793
1.12666
1.62704
3.13002
2.86675
2.47061
2.93863
1.45859
3.61728
3.29815
2.83074
2.57042
3.31904
1.36434
1.89538
3.11623
3.58404
1.09696
2.42194
1.29469
1.73695
1.90855
3.2882
1.99959
2.10807
3.28589
2.0297
2.97958
1.27494
1.89135
2.14794
4.42475
3.34048
3.26751
1.8213
0.806382
3.17616
2.49856
3.82842
3.85208
3.24247
3.05029
4.01104
4.33708
4.06028
2.76109
3.77347
2.64758
3.94087
2.19364
3.70929
3.4712
4.21909
4.29165
1.97223
2.9456
1.96977
2.42135
3.35138
1.57346
2.15552
1.68665
3.47093
2.97906
3.33609
2.71108
3.36318
3.47131
3.71508
2.39638
3.10674
3.31438
1.69948
2.0225
1.07655
1.83242
3.37588
2.06571
3.70586
1.95411
3.35761
3.49016
3.35392
4.06315
3.51146
3.13248
2.39504
2.8011
2.86654
4.35307
2.88879
2.19302
2.41659
3.08982
3.12549
3.66376
3.55815
3.56704
2.91519
2.32044
2.84566
1.66415
3.43663
3.37822
3.40118
2.20005
1.76934
3.01284
1.84479
3.17874
3.05073
1.54396
1.05176
2.13729
2.10576
3.18304
3.26764
2.99449
2.77755
3.9305
4.15958
4.52457
2.68734
2.99268
3.48292
2.94913
4.45804
2.98562
1.47445
1.95652
3.40636
4.76833
3.07103
4.59967
3.48621
3.94318
1.50383
3.66634
2.70014
3.01399
2.12139
4.28725
4.3201
4.23195
1.69242
2.28518
2.83168
3.26402
4.25934
4.65088
4.07968
2.98741
2.60415
3.73194
5.11456
3.467
4.14255
3.24084
3.2841
2.26796
1.97754
2.44121
3.58939
3.95371
3.4441
3.73752
2.94266
2.0158
2.05661
3.06646
2.09029
3.35558
2.75817
2.23904
1.89697
3.7036
1.4609
2.33384
1.93267
1.65517
3.14773
3.74984
3.83087
1.79865
3.68864
4.18833
2.75354
3.52875
4.67541
2.70785
2.62653
3.06309
2.94452
3.34695
2.98644
1.42314
3.04832
2.0825
0.504816
2.24393
3.12708
4.00199
3.51496
3.04467
3.35533
2.50406
1.96015
1.59439
0.953103
3.68544
3.19404
5.18669
2.35538
2.35902
1.99819
3.12721
1.59079
2.76467
2.56973
4.3696
1.25759
3.32284
-0.0122265
2.36732
1.05541
3.2224
1.19141
2.93241
1.2735
2.19131
1.52057
2.25873
1.40692
1.29181
1.63248
1.37651
2.79082
2.75204
1.90568
1.65872
1.80717
2.16717
2.6235
2.28095
1.02455
2.20822
2.16732
3.40034
2.06752
2.95156
4.13523
3.65843
1.50611
2.809
3.25837
2.2004
2.73899
1.47119
2.3726
5.02346
3.12503
3.58779
4.22881
3.81328
3.37334
4.13535
3.22315
1.41365
2.73971
3.38918
1.56862
3.92664
4.03973
4.09529
4.45098
4.20794
4.06885
3.00525
4.93488
2.12165
1.20099
2.59822
3.33388
2.16655
3.32732
2.93755
4.01991
3.52174
2.62287
3.97202
2.45417
3.78266
2.52226
4.53911
3.96232
2.73943
1.99007
3.07602
3.71566
5.31883
2.29387
3.85929
3.32078
1.85916
2.80645
3.66475
2.01354
2.52323
3.284
1.14549
2.60516
3.69297
1.73715
3.67002
2.57789
3.21159
1.96402
1.50674
2.75669
3.9913
4.00906
3.24159
2.04595
3.50065
2.91292
2.7429
2.48081
2.91202
2.69985
4.21704
3.1912
2.9085
2.2656
3.57223
4.26065
3.66439
2.53815
3.14091
2.62696
2.00604
3.21426
1.74942
3.71359
1.68381
3.26303
3.19412
3.63213
4.73802
3.85003
2.4589
3.23049
3.9773
2.53732
4.58901
2.39333
3.60125
3.67638
2.65543
3.98172
4.00119
5.03599
2.73715
3.62074
4.15968
3.61207
2.82362
2.61106
4.0381
3.46803
3.23379
4.3025
1.71219
3.9033
4.05413
4.3863
2.87573
4.56574
4.46328
6.06022
4.1062
3.44648
2.52525
3.62764
3.08435
3.92621
3.32103
3.11512
3.8015
3.40551
4.16233
4.00924
2.79808
2.87645
2.39557
3.69324
3.81299
3.60151
4.32586
4.06606
2.47165
4.22277
4.34563
4.11616
4.69004
3.29582
2.52897
3.79998
3.0338
4.54055
4.57536
3.89354
3.43216
3.42977
3.35175
4.27442
4.04657
3.32046
3.92433
3.36983
3.57427
3.82022
4.49324
4.62734
4.11368
3.54403
4.43325
2.88933
4.20215
4.1503
3.9201
3.13989
3.5337
2.08229
2.76816
4.16891
3.5671
1.32168
4.10911
2.37301
3.13897
3.17543
3.65909
2.17914
1.88502
2.55049
2.75511
2.7973
2.32493
2.90931
1.52392
2.49073
2.85021
1.95589
2.95726
1.57202
1.70168
3.42859
2.99589
3.54619
2.95533
2.94266
2.03292
3.24709
1.8463
3.23096
3.94286
3.04474
3.19011
3.57676
3.52632
2.09693
2.26126
1.5991
1.97151
3.28738
2.77147
3.9737
3.85741
2.81712
2.28465
2.58955
2.66448
2.95365
2.39482
3.21924
2.75035
1.50056
2.51962
1.77765
3.67353
2.02311
2.15345
0.557862
0.993496
2.91471
1.99568
1.45983
4.05117
3.35526
3.12178
2.48796
1.69281
0.503037
3.49348
3.62276
2.64007
1.60071
1.12097
2.01427
1.75158
2.78139
3.21988
3.64045
4.02984
2.43658
1.30695
1.14686
1.77747
3.48482
1.69088
1.44487
2.903
1.26797
1.14419
1.12597
0.729994
2.65444
1.84819
1.94864
1.8629
1.96251
3.474
2.20931
2.67584
4.07667
2.96367
3.4638
4.11685
2.86504
1.657
3.38221
2.58595
2.01485
4.70401
2.24178
1.35103
1.83134
3.71559
2.04239
3.4684
1.64917
0.803289
2.92527
1.51477
4.3021
4.03867
3.55933
4.09947
2.73653
2.03821
3.26415
2.74281
4.77494
1.92055
2.42257
2.3677
3.15209
3.07675
2.62158
2.70572
1.49651
2.42072
2.1971
2.42576
2.30504
1.44959
3.01517
2.08632
3.52785
3.34217
1.52174
1.81537
1.65782
1.86398
2.87281
1.31374
0.893539
1.45733
2.47472
2.43106
3.24977
1.98554
1.80898
1.98777
3.54293
2.55108
2.12156
3.93375
2.31807
3.03748
3.61944
3.75074
2.77066
3.23808
3.40924
2.27039
3.07756
2.94405
3.72728
3.27205
3.0952
4.55508
2.49225
3.14873
2.57824
4.40633
5.23352
2.62489
2.32843
3.40412
1.51155
3.29175
3.8126
3.11435
4.16195
2.42396
3.97519
3.21411
3.62182
1.40821
3.4149
3.11172
3.54458
2.51091
4.64279
1.9322
2.41152
2.67534
2.81657
2.23384
3.84008
1.45265
2.31084
3.71509
3.44736
2.36436
3.25635
2.273
2.57185
2.92947
3.40971
2.86616
3.50588
1.6487
3.99559
1.32366
4.0448
4.24821
4.03323
2.07563
2.10065
1.41324
1.77572
1.99458
3.65529
3.49561
3.06617
1.23852
1.58801
1.05419
1.87258
1.75777
1.95014
1.07839
2.41431
1.46717
2.25591
3.6846
1.53967
4.38438
3.68893
3.53365
1.7613
2.02407
2.82757
4.37609
3.82801
3.07669
2.30062
3.72391
2.29836
4.34953
3.92273
3.39974
4.09548
2.62309
3.8634
4.4248
3.71686
3.83486
4.10892
4.43009
2.62423
4.63737
4.58582
3.6437
2.60336
5.30324
4.86775
5.31983
4.82048
5.4277
5.29037
5.3529
4.38013
2.92777
3.57111
3.36929
3.39568
4.44196
4.40821
3.34685
3.95187
5.21878
2.62256
3.16849
4.51558
5.22745
4.79851
3.34057
3.96523
3.74986
3.94719
3.10735
4.81069
3.52259
2.5525
2.84141
3.21072
3.26742
2.77956
3.24898
3.86749
4.66926
4.24386
2.88136
4.36461
3.39356
2.44559
3.98519
2.07861
2.47177
2.99882
1.49268
3.41861
3.81488
2.67165
3.52051
3.142
2.54797
2.4627
1.4861
4.02917
3.36883
2.99052
1.74147
0.512829
2.9398
3.25552
2.68479
2.43724
4.0103
1.85398
3.19318
1.8837
3.56515
3.02797
3.18311
2.48402
1.95267
3.06744
2.40769
1.39086
0.613591
2.56048
2.05017
2.60135
2.7964
3.09259
2.71626
3.11065
4.46012
4.58338
4.2938
3.80955
4.83739
5.32867
3.24311
4.93446
4.41508
2.93977
3.84371
3.99433
4.03936
3.05431
4.08869
1.83817
3.13959
1.96453
3.31884
3.32343
4.04181
3.7396
3.36327
3.77282
3.75075
3.63171
3.50368
3.21187
3.69394
2.24292
2.10174
4.08347
3.18649
4.37595
4.54985
4.54933
4.10092
3.89503
3.98421
4.28168
5.64866
6.39981
3.41179
5.34804
4.83201
4.92549
4.62967
3.77536
5.22142
3.16145
4.33759
4.07638
3.90066
4.25153
1.7983
3.75388
3.35345
2.13857
4.01691
2.99802
4.00678
2.22291
2.20642
4.09332
3.96647
1.90754
3.46589
3.68928
3.70621
3.44093
3.95048
3.21876
4.30703
4.13769
2.94727
2.76966
3.8261
3.72305
2.8525
3.64043
4.47723
3.07289
4.32764
3.1804
3.87159
5.62467
3.14408
3.9551
4.36261
3.84403
3.5011
3.70417
3.44092
3.26521
3.59158
3.81842
3.38628
3.59121
3.53018
3.67225
4.53139
2.86477
3.80219
3.56272
3.6257
3.47818
2.47458
3.82982
4.17986
4.23361
3.2286
3.45362
2.70462
4.28083
3.96156
3.73918
3.92271
2.73509
2.95008
3.62467
2.48688
2.49515
3.74998
2.19856
2.92479
1.69683
3.22996
2.89507
3.25788
3.34941
3.84906
3.99611
2.64362
3.47399
4.36525
3.5448
3.47718
2.08977
2.41864
2.61712
3.11347
2.18303
2.61715
1.91139
2.26803
3.68946
3.486
2.90162
2.8007
2.41917
2.75359
3.34542
4.69349
3.86828
3.11353
3.42347
3.00581
3.74534
2.88213
1.86798
3.5135
1.80832
1.43842
3.0968
3.42487
3.59889
4.28098
3.6399
2.5167
4.01626
4.36185
5.00109
4.06605
4.09687
4.21882
4.13761
4.20054
3.70865
5.43699
3.69286
3.03956
4.11447
3.45907
4.51355
3.40873
3.72432
3.62719
4.1651
2.88926
3.3559
1.39399
4.022
3.81677
5.10599
5.02202
3.73692
3.58941
3.58222
4.2423
4.07682
4.53251
3.12621
4.13108
3.10186
1.56165
3.78895
3.91919
3.91728
3.83336
4.57346
3.63071
3.68321
4.36811
3.40998
3.98035
3.72788
4.69141
3.664
4.92233
3.85001
4.21596
3.54253
4.08107
3.24949
2.0826
4.18332
3.41582
3.49732
3.04163
5.38254
3.39111
3.99215
3.31157
3.73523
3.38191
3.82119
4.82439
4.49472
5.09995
4.78932
4.45355
5.00968
4.48837
5.35553
4.13275
2.77012
4.6919
2.69296
3.55886
3.72283
2.43075
3.61801
3.06246
3.96575
3.17601
3.66589
1.22273
1.59908
2.96697
2.38039
2.29238
2.77761
2.47272
3.75981
4.00621
3.32811
3.20841
2.66555
3.68628
4.21579
3.43635
2.74338
4.37736
3.84447
1.8465
5.21495
5.29319
3.6791
4.67857
4.88828
3.25386
4.84572
6.38573
4.63477
3.88362
3.59146
2.7899
4.46419
5.64662
5.62694
3.76949
4.77421
3.86461
3.93744
4.91806
3.38795
3.63689
3.86833
2.97125
1.62288
3.60645
2.28991
3.73473
3.39987
3.83805
5.73144
3.37229
3.54926
2.10835
4.32406
4.11127
4.31542
3.12501
2.30396
3.45721
3.1255
3.7974
2.78156
3.40109
4.16312
3.10831
1.30401
2.41777
1.89189
2.29548
1.8422
3.96135
3.5368
3.35105
0.345437
0.921505
1.545
1.87538
2.68218
4.36729
3.16138
4.53395
3.90672
3.71697
2.84593
3.47773
4.33784
4.00848
4.83132
4.27107
4.70314
3.26889
4.53848
3.71912
2.90925
2.88804
4.7358
3.21811
4.11723
3.45373
2.05304
3.57964
3.74519
3.28599
2.28319
2.8872
2.46604
2.7407
3.62915
3.45877
3.6474
3.4059
3.01073
3.43626
3.50918
5.45999
3.17583
3.69387
2.94933
2.93387
3.15373
2.19762
2.84498
2.24592
2.2324
2.21546
2.94748
3.57325
1.90321
2.90279
1.69997
5.10836
2.39726
3.49236
2.7547
3.86317
1.95213
3.33752
1.2431
2.82163
3.24866
4.33913
3.32902
3.49186
3.93792
4.01763
2.23862
3.0219
1.5882
3.37907
1.58193
4.53553
3.77193
3.69063
3.75944
3.37918
4.75043
4.05218
4.25485
1.27507
3.40563
2.32834
3.9485
3.40926
3.29554
3.46861
3.94419
3.78917
2.82716
2.9987
3.51485
3.00866
2.80327
2.3094
2.45055
2.69418
2.42788
2.05146
3.54443
2.5398
2.33168
0.683288
2.14453
2.09363
2.4796
1.2891
1.04821
1.38068
2.53438
2.4462
3.34197
4.27529
3.22404
2.3951
1.17015
3.37249
2.59221
2.22915
3.20338
2.48218
3.3758
2.88387
4.48464
4.39876
2.00339
4.53809
3.3443
2.92555
2.31277
2.77402
2.16766
2.60903
3.18728
2.3437
2.81138
4.24381
2.88081
3.85255
2.45578
3.36033
1.38671
3.05103
4.2484
1.95785
4.13701
3.43389
3.47814
4.90568
2.58224
4.21906
2.75539
3.19583
1.71533
3.02075
4.16661
2.39982
2.17938
2.24677
2.92145
3.2419
3.08405
4.33721
4.19339
2.81804
1.65989
2.16002
2.83871
3.73343
1.67374
2.04288
2.04639
2.71552
2.92736
3.1644
2.5578
2.44697
1.5726
3.24387
2.11643
2.00045
2.06342
2.35055
1.6327
2.16358
2.25359
1.41387
1.95548
1.58923
2.35738
1.80162
1.70604
3.02153
2.09564
1.55634
2.49527
2.38686
2.08227
0.943731
1.78486
2.23329
3.05815
1.07843
0.99436
2.7477
2.46042
2.72109
0.93049
3.02084
3.33943
3.47159
2.19337
3.48142
2.03777
3.01088
2.13533
1.83416
1.86332
2.58651
3.77854
3.2184
4.11773
3.25946
3.07718
3.09241
4.51135
3.93619
4.80534
3.9906
2.85085
3.3301
4.83167
2.86954
2.09358
1.58189
2.81826
2.82088
3.50421
0.157813
0.993758
3.43452
1.91745
2.07132
2.41578
1.77715
2.72466
3.39778
1.59612
3.44567
3.27727
2.94586
3.75947
2.94545
2.21423
2.97853
3.78776
2.55354
2.96671
2.04876
3.41816
4.5335
4.5534
3.45036
2.82783
3.5018
2.32178
2.52525
4.72814
4.43918
3.22602
2.36293
2.39681
2.97285
3.07159
2.25665
2.01559
2.97826
1.7222
2.95807
2.7203
3.34583
3.03041
3.99052
2.75065
2.1814
1.75934
1.61803
0.972185
0.736653
2.42932
2.53832
3.52448
2.43685
2.92913
2.8536
2.49013
3.72645
2.06285
2.80369
1.79094
1.63677
2.47738
3.22014
3.77758
3.66232
5.25317
4.36696
3.81716
1.6714
2.72502
3.23729
3.5351
1.67078
2.47731
1.87842
1.90044
1.02205
3.00372
1.67361
2.32903
3.30698
2.26871
3.1145
2.08228
3.03699
3.02576
1.79407
2.21731
2.77761
1.85479
3.24827
3.87623
1.18423
1.99448
4.02265
3.71355
2.73803
1.94237
3.20372
2.02393
2.49517
4.0602
2.85929
3.53131
2.54631
4.50946
2.89498
2.2721
2.57023
2.50784
3.30389
2.37815
3.51469
3.04937
1.7374
2.08051
2.14934
1.56321
1.81123
2.48198
3.14397
1.26442
2.15099
0.987839
1.68306
3.30531
3.43468
2.32613
2.90785
3.10706
1.62384
0.861234
1.72625
3.11312
1.78339
1.69275
1.93382
2.21124
2.08886
3.34835
3.30054
1.83731
2.09483
1.89894
3.23745
1.73874
2.31145
2.32164
3.18915
2.69851
2.60493
2.37763
3.2246
2.0914
1.72143
2.61252
1.8099
1.91869
3.20976
3.19875
3.22454
2.74904
2.45925
1.57567
2.35941
3.12387
2.83639
2.29703
1.286
1.8461
2.75347
1.11584
2.38456
3.51289
1.36539
3.1669
4.18912
2.18375
2.03381
1.97092
4.46131
2.11038
3.24048
2.71872
2.45122
1.84841
1.54206
0.367975
1.43061
2.06092
3.86589
1.69197
2.62872
1.58113
2.24577
1.05755
2.84811
1.48006
3.42684
2.58491
1.33067
1.77659
3.33772
1.99538
1.64944
2.21358
2.5448
2.46662
1.45408
3.19822
3.56427
2.55738
2.8315
0.894223
1.64567
3.41139
2.20343
1.89149
2.29969
1.51833
1.53504
2.58345
2.10965
3.42152
1.86761
3.21892
2.38142
2.45731
4.9951
4.03669
3.97142
2.19014
4.08628
3.50266
2.14651
4.1553
3.22829
3.82427
4.16213
3.25622
3.39126
3.03975
3.50018
2.55223
3.28201
2.61331
3.91371
3.37006
2.7597
2.6848
3.68123
3.4024
3.68653
3.12746
2.65559
3.34219
2.13254
2.80692
1.98204
1.97794
2.69557
3.18774
2.93558
4.06294
2.50699
3.16944
4.17034
3.88929
2.71386
3.1629
3.60781
1.64539
3.27826
3.51763
2.69261
3.08519
1.80797
2.8837
3.0368
5.07859
3.50014
2.51816
4.73096
4.89932
4.75114
4.11352
0.677956
3.2323
2.90054
2.91302
2.97856
4.1213
2.42246
2.17647
1.83449
2.72828
2.49635
0.884802
2.35761
3.32776
0.756349
2.41083
2.42715
3.74428
1.89253
2.45837
1.95064
1.12938
1.44069
1.81715
2.61082
2.7634
3.9664
1.6939
2.1016
1.77006
1.41881
1.74925
1.21754
0.84424
2.04566
1.84192
1.98542
2.2541
2.92994
2.96319
0.673333
3.94965
3.32774
2.32094
3.76368
3.94486
4.18717
3.88299
0.833428
2.03728
1.66396
3.08233
1.95495
2.37134
1.87971
2.36971
1.52656
1.47704
2.15944
2.42393
3.17941
3.03875
3.11567
3.86243
2.82172
3.81925
3.25875
3.66625
2.26006
3.2286
3.37433
1.4725
3.23818
2.50683
3.43906
1.55079
3.72759
3.54999
3.2813
2.77313
4.75395
4.4989
4.7618
4.50828
3.61804
4.04904
2.11619
2.49921
2.79339
3.32654
1.5223
2.58947
3.05994
2.60348
3.17827
4.18991
2.37907
3.14488
3.72999
4.13911
1.45149
4.60228
4.22257
2.06959
2.4484
1.48235
2.61547
1.96282
3.58051
3.56108
3.07227
3.4666
2.84858
1.19461
2.51224
2.08602
2.29887
3.91023
2.24841
1.73735
2.03293
2.96922
2.04287
1.93644
2.82614
0.619709
2.8884
3.0313
2.79817
2.36231
2.73654
2.42719
1.99425
3.74833
2.66881
3.06552
3.93573
1.63697
2.43315
4.40556
4.17986
2.40043
1.31753
3.24107
1.97616
2.84299
3.10158
2.00581
0.845875
0.663296
2.94279
2.34203
3.08087
2.35822
3.57955
2.60562
2.1148
2.05262
3.03001
4.59448
4.17219
3.12523
1.17813
2.22404
3.29585
4.55645
1.29175
1.71843
3.1222
3.61535
1.88413
2.54295
3.18467
2.25953
4.3522
4.23139
4.01669
2.12228
3.48682
2.07758
1.80111
1.19358
4.53767
1.56438
2.04246
1.21257
2.46035
1.45398
1.74045
3.63661
3.40163
3.19419
2.53179
3.8607
3.22326
2.61079
1.76263
0.735838
2.1168
2.02758
3.84472
2.29419
3.47085
2.11894
1.91448
2.75808
3.03663
2.2612
1.11361
0.406049
1.13033
2.94507
2.79002
3.87161
3.79728
3.282
1.50281
3.35577
2.8912
3.32256
3.35625
2.38004
1.87078
2.6186
2.07676
2.50494
1.67297
3.16398
2.29303
0.722176
1.00163
1.58232
2.29405
2.0888
2.7562
2.50081
3.57787
2.95764
1.09797
3.21074
3.34986
3.5291
2.22324
2.34737
3.41093
2.24722
2.6262
2.06176
2.94206
3.58179
3.32138
3.28986
1.38704
1.84663
2.03932
3.25022
4.1858
2.55576
3.415
2.92713
3.37446
0.799987
-0.237935
2.18243
2.72698
2.61994
1.34437
2.13185
3.31947
2.58004
3.40506
3.11143
4.28736
1.31007
2.42558
1.21113
2.8398
1.50154
2.62389
1.99372
3.43291
3.73332
2.6777
3.23675
1.94176
2.31714
1.1143
2.98848
2.41063
1.2435
2.1549
1.59676
1.68173
1.17873
2.06423
4.15181
4.30905
3.21398
2.80287
2.5272
3.67422
3.46526
4.57841
3.05858
3.47975
3.51104
5.35065
1.95081
1.93659
3.73791
1.24579
1.49391
1.75153
2.75247
2.20873
3.31676
2.37267
2.35871
2.15172
2.638
1.74432
1.71697
4.45141
3.69234
3.17777
1.7553
2.78791
2.60297
2.19778
2.42201
2.56199
1.40084
1.06564
2.63818
1.44221
2.3238
2.88774
0.985158
1.03216
2.29469
2.01105
2.37018
2.64016
3.28
3.40951
1.78284
3.08029
2.71972
2.0685
1.96867
4.28515
4.41648
4.56789
1.64324
1.32868
2.54819
1.87477
2.37052
2.86033
3.93045
2.91709
3.26287
2.76413
0.0725201
3.46685
2.35234
3.37227
2.76795
3.61094
3.19593
3.85316
3.29299
1.77494
4.12381
2.97907
2.55223
1.60539
2.24923
3.65262
3.41301
1.58868
2.13786
2.44902
1.35847
1.58867
1.3554
2.06291
2.11452
1.92917
2.72321
2.22132
2.15092
1.5277
2.23483
1.97564
2.2245
3.75169
1.69458
2.98914
1.60473
2.36102
2.32583
1.5306
2.90783
2.35746
5.36585
2.45053
2.06874
2.74888
3.63643
3.34057
2.36851
0.767799
3.83529
3.2655
2.16288
2.13909
0.226724
3.21005
2.39616
1.84861
1.43902
1.82343
2.20968
2.47115
2.66747
3.67957
3.09449
2.2125
3.01985
4.04655
0.0616092
2.73279
2.9346
2.84957
2.36269
2.54915
1.11949
2.16227
1.3069
2.44666
1.30904
2.52223
3.00635
2.39471
2.75566
2.73277
1.5133
2.50186
2.39999
1.80186
1.92594
2.80919
2.9385
0.948199
3.87097
3.97638
2.60657
3.47385
1.43015
3.865
2.69989
3.24725
4.70055
4.22233
3.24373
3.23596
2.88966
0.918325
2.33579
3.1444
2.95804
3.81777
2.03306
1.73772
2.25978
3.39352
3.34725
3.81246
2.58674
3.39778
3.77704
4.02659
4.86053
3.35176
3.39187
2.17576
1.31634
2.57145
2.95245
3.2926
4.10554
3.55516
1.93452
2.93573
3.21996
2.74274
4.04972
2.68367
2.72817
1.81913
2.88194
2.38349
2.62607
3.29106
1.61186
3.00857
2.31492
2.34433
2.10901
0.57768
1.91991
1.8735
3.09821
1.50183
2.63017
3.06388
3.03573
4.84707
2.23383
4.76929
2.85513
3.60314
2.82054
1.63898
3.72311
1.92267
4.02601
5.02699
3.25323
2.21225
3.28662
3.06551
2.10828
1.90513
3.74597
3.33478
4.5403
3.13643
2.81818
4.99687
4.0511
4.62514
2.87022
4.00463
4.11447
3.37419
2.80997
4.14087
2.45705
4.27659
3.02319
3.46969
3.36313
3.7475
1.34853
3.69831
2.47653
0.694129
1.54472
3.65812
0.977485
3.49491
4.36768
3.57216
4.40531
3.59754
3.56936
3.96078
4.40386
3.67521
4.07819
3.32346
3.16954
2.50459
2.65215
2.06932
2.93753
2.68724
2.45828
2.10537
0.884493
3.28843
4.11654
4.82266
3.39619
2.20514
2.81024
3.49395
4.30172
4.63556
4.02399
3.19965
3.19478
2.43779
3.23032
1.41998
2.09798
2.20288
2.87856
3.10477
4.7758
3.52521
3.63063
2.49974
3.48433
3.59746
3.54916
4.32816
3.7154
3.9091
3.68236
3.87742
3.68168
2.69401
2.18085
2.28525
3.36966
4.411
1.32897
2.60065
2.07456
2.61509
3.52842
1.82497
2.15805
4.69183
2.53282
0.321047
2.21363
2.01149
2.74482
1.74867
2.32626
2.18524
1.68729
1.47824
2.64715
3.82796
4.24601
4.35723
3.29292
2.30023
2.16784
2.901
2.61341
3.36374
2.74251
3.11935
3.94803
3.05911
3.14535
1.0004
1.71528
3.60512
2.56879
1.49701
3.09238
3.29793
2.69592
2.25276
2.856
2.22291
2.67054
2.41377
0.821107
3.01194
3.1853
3.62221
1.7239
2.05028
2.5528
3.06247
0.100791
0.526379
1.72089
1.95737
3.04659
2.92228
3.83085
2.06708
1.64487
2.77832
2.89728
4.05597
3.81607
3.86078
4.28746
3.46987
2.98013
5.07291
4.03713
3.9192
2.51931
4.2422
2.57617
4.40042
2.78423
2.74674
2.4622
3.46615
4.29797
4.53275
1.1673
2.34632
4.67532
2.58276
4.77066
2.48971
3.76336
3.95703
3.28499
3.83674
2.76295
2.68084
0.763399
2.07517
2.27064
3.09378
2.6854
3.10405
3.39177
4.31947
3.9606
3.65134
3.19117
3.01236
3.4781
2.51278
2.85844
1.30664
2.09828
2.22982
4.39533
2.8448
4.69865
3.23781
3.59819
4.01109
3.17676
3.35176
4.86672
3.81578
1.25625
2.22214
3.30162
3.11918
3.13834
3.97345
3.21151
2.04529
2.89006
3.47993
3.28754
4.84914
2.88698
2.82165
0.890936
3.00019
1.74578
1.6191
1.01062
3.29073
1.73119
1.82292
1.55617
0.474781
1.09664
2.68344
2.93925
4.3757
2.65348
4.9281
3.39087
2.90703
3.29932
1.51821
1.95127
1.25959
3.50191
3.69283
3.06411
2.30273
2.56538
1.7816
2.53687
3.11738
2.39397
1.79383
1.91978
1.59821
0.234576
1.64777
1.43382
2.4313
3.27801
2.3495
2.50895
2.29734
3.33527
2.8508
1.87522
1.59725
3.01466
3.61618
2.77519
2.71965
3.27618
3.17792
1.90251
3.456
4.28422
0.350101
2.63614
2.21386
3.24012
3.18884
1.99595
1.76918
1.1139
1.57889
3.47499
2.9353
2.92094
2.50657
2.23746
2.64955
2.51675
3.17453
2.31574
1.89008
2.5916
2.63642
1.26543
0.750978
2.96516
2.26952
2.60344
2.87195
2.21762
3.55075
4.15593
3.63658
4.6792
4.40543
3.81729
3.2092
3.56422
1.53137
3.12778
5.06607
1.92924
1.75937
2.89167
1.54149
1.78813
3.38507
2.53048
2.26923
2.80627
3.60488
2.74124
1.86647
2.06519
1.75531
1.6273
3.02859
1.07735
1.66145
1.13887
2.5684
2.9773
3.16985
2.14447
1.48261
2.9177
2.08495
2.72842
1.92208
1.75787
1.33818
1.15442
2.75016
1.9016
2.22442
1.00118
0.799631
3.41155
2.51122
2.15306
2.27712
1.86562
2.27603
1.54779
2.61387
2.29148
2.34714
3.155
2.59016
3.70439
2.5667
3.3286
3.26664
2.96696
1.9335
2.22382
2.00099
3.35393
2.87745
1.20085
4.91241
3.19917
3.83421
3.5138
1.94183
1.90789
2.50067
2.91277
3.67072
2.89576
3.89968
2.92811
3.34604
2.52608
3.95617
2.56728
3.36888
1.57578
2.61358
2.81372
2.78936
2.48232
3.86213
3.75998
2.9838
2.18934
1.81775
3.04272
2.21755
3.76162
3.77063
3.46026
2.09629
3.51001
2.83145
1.06969
2.65754
3.22889
3.28629
2.31076
2.90368
0.613927
2.13886
2.09441
2.6562
1.53897
1.46545
2.51285
2.13785
3.78662
3.55987
3.13381
2.74823
3.27451
3.77061
3.26616
3.27824
3.42581
2.93399
3.80144
2.23848
3.01763
2.04932
3.55138
2.99143
4.19652
3.06197
3.26511
2.73991
2.76718
2.09791
3.19761
2.3872
1.0112
2.33001
2.3828
1.91665
2.3608
1.36496
3.62576
3.61056
2.01998
2.55117
2.78964
1.55622
1.87565
4.11951
2.73392
1.48246
3.3642
2.37936
3.93053
2.76814
4.07927
3.88988
2.54596
2.62845
2.71225
3.19182
1.98386
2.94841
3.41223
1.3265
2.61788
1.87588
2.64677
1.1515
3.34619
2.41053
2.31119
4.19044
3.89727
2.68411
3.51381
3.21026
2.74967
4.13307
2.81883
3.49389
4.09066
2.72505
3.95206
3.59664
3.83849
2.57076
3.65221
4.35215
3.14282
3.52929
4.66446
3.11323
4.13398
3.20185
3.63241
3.38169
4.37479
1.90896
3.60956
3.84163
1.52273
1.89401
2.65502
2.5506
2.3078
2.45988
1.27584
1.82444
2.27134
1.56577
2.88945
3.71338
2.76609
1.70685
0.528419
1.94655
3.18533
1.6113
2.95472
0.701192
0.991066
2.12927
2.94494
2.93932
1.26104
3.01506
2.08569
4.37375
2.11097
0.597282
2.0143
2.56621
1.5303
1.73147
1.69401
4.42141
3.11084
1.89152
2.57327
4.59598
3.10772
3.54947
3.53579
1.28084
2.06503
3.0453
3.61072
3.40898
3.47585
3.2524
1.79398
2.12416
3.68899
3.9677
2.93598
2.9509
2.47254
2.66973
1.96918
0.244987
3.00644
2.25524
2.45898
2.29075
1.45876
3.04104
1.98198
2.19137
4.1001
3.42255
2.76375
3.82061
5.12605
3.25488
3.47798
2.8423
4.187
4.32411
3.73624
3.44143
2.33347
1.63023
1.71182
2.86386
0.83292
2.87269
1.608
0.733335
2.23018
1.10495
1.5155
3.22455
1.95527
3.77862
3.61231
3.72074
2.90413
2.76919
2.21352
2.3333
3.5136
1.65123
2.78193
3.13625
2.48954
3.11458
3.01942
4.0968
2.9903
1.98867
1.2731
2.042
1.65
3.66585
3.39452
1.37483
2.03026
2.31801
2.37114
1.85071
3.27825
4.06215
3.40926
1.20262
4.12945
2.8015
2.58002
2.34135
2.74287
2.58441
1.83219
2.40012
3.13239
2.18842
1.56027
3.00857
3.02733
2.10703
0.323388
2.24568
2.76256
2.75457
2.14825
1.73761
2.18967
3.89693
3.60737
3.47449
3.42326
3.76047
4.87629
1.27207
4.08428
2.18149
2.35605
3.39348
3.39558
4.25147
2.61298
3.03358
2.46553
1.87609
2.73947
1.77769
3.08104
3.64677
2.83973
2.82069
2.36865
3.25318
2.98556
2.38728
4.5556
2.23313
2.72459
4.49226
3.94397
3.74386
4.91153
3.12031
4.98967
4.66404
2.73931
3.22168
3.8034
3.05107
4.36661
2.19775
3.69253
3.72052
2.94778
2.73916
2.61512
3.96237
3.92527
3.91018
2.9838
1.8914
3.61965
4.17205
3.90208
1.89648
1.63454
2.74406
3.12257
3.71266
1.66633
3.17584
1.44302
2.66309
3.16919
2.55718
3.13795
3.53909
2.75313
4.56753
2.05635
3.16898
4.07445
4.14016
3.8846
2.8954
3.41912
3.29095
3.42529
3.06751
3.32802
4.97915
4.92267
5.65589
3.84745
3.13885
3.67701
3.70589
3.30905
3.33949
3.30868
2.36537
2.95096
3.58812
4.94524
3.73986
4.30982
2.45779
4.16622
3.43906
3.8847
2.53915
2.54619
3.01867
3.72072
5.10317
4.15087
3.9848
4.58508
3.83238
5.37897
4.89928
3.86593
3.89719
3.31817
3.90772
5.07949
5.15291
4.03298
4.67546
2.91385
3.19056
4.36991
4.13312
3.60232
2.01022
3.69804
2.284
3.00311
4.60558
3.08807
3.80228
4.28622
3.66921
3.10269
3.31305
2.45987
2.68471
4.23353
4.22108
4.88335
3.50234
3.89706
4.93433
4.23503
3.89296
4.47833
3.89951
3.50923
4.70961
3.75027
4.31846
3.34088
5.01801
5.12129
3.71772
4.62819
4.00743
4.89459
4.14752
3.95727
5.17237
3.97592
3.3836
4.13317
4.27045
4.71879
4.17572
3.94711
3.99271
3.29327
3.78928
3.76075
3.29302
4.06018
4.60731
3.96863
4.40891
4.60296
3.33108
2.97842
2.58064
3.59092
5.36912
5.08107
5.04788
5.1161
5.02239
5.70129
3.82522
4.55096
2.89315
4.41398
3.78945
3.69891
2.93909
3.46501
3.21044
2.97428
3.34842
3.1685
3.42189
3.17686
4.33418
4.61258
2.89413
3.83836
4.45653
4.41523
2.71705
4.45601
4.03914
4.26192
3.16319
4.10348
4.78306
3.2631
3.04469
2.86362
3.84131
3.09515
1.09799
2.40887
2.04111
3.33331
3.31595
3.82439
3.60751
2.51123
3.05013
3.45464
1.19768
3.29803
4.4537
3.97247
2.99416
3.50275
4.66475
4.74235
3.55905
6.06922
5.49561
3.7226
3.66434
4.77813
4.31159
3.88571
3.15085
1.67993
2.85277
2.75767
4.71881
1.9031
2.70681
2.23639
3.79838
3.57138
2.59127
3.60941
1.85096
2.90986
2.1253
3.62596
3.41207
2.64192
2.83591
2.76338
3.09665
2.25646
3.51452
2.66169
2.44133
2.58965
3.46687
4.12388
3.13325
2.32208
2.85312
3.01065
3.23544
2.28598
2.36302
3.33725
3.91043
3.95653
2.22559
3.21611
3.00078
3.27136
3.55294
2.53293
4.07581
2.53672
3.28526
2.17311
2.85038
4.00602
2.65921
2.39536
3.01357
3.70855
2.68792
2.50176
1.82839
3.63045
1.36036
2.51424
3.1211
3.76324
2.68237
2.48497
2.12623
2.32055
3.34085
2.74638
3.64416
4.10418
3.09189
2.52072
3.06384
3.0623
1.94053
2.82376
3.54639
2.6227
1.98867
2.40001
2.42446
3.08227
2.4982
2.01643
1.67935
3.23337
2.51789
2.92317
0.73034
0.954091
3.11833
1.95001
2.89473
2.73548
2.38056
1.61731
2.12251
0.574949
2.57115
1.91762
3.63365
2.77948
2.96621
2.44214
2.98408
3.32207
3.86263
3.2583
2.44675
2.05099
4.06865
4.33656
4.38908
4.09304
3.28535
4.41369
4.37413
3.93181
4.3816
4.27558
2.9189
2.28142
2.2941
2.33764
3.08487
1.7853
2.70305
3.42908
2.91584
3.49648
3.62934
2.3271
2.98545
3.62166
3.0042
2.5966
2.61801
1.46693
2.11613
3.40962
2.50002
2.69954
2.63129
2.19718
1.83221
3.87978
2.36938
3.0154
3.54608
1.00441
2.14175
2.36694
2.42616
3.17729
3.11719
3.78269
3.21199
3.07796
3.97405
2.91321
3.74429
2.79588
2.05923
4.34187
3.18995
1.97458
2.04536
1.82331
2.45812
2.7705
3.6181
4.04849
1.8383
2.22506
5.18976
3.76422
3.12412
2.5731
2.28893
3.22514
3.13947
2.38509
1.44556
2.64488
4.22848
3.31
3.34069
2.67024
2.74095
3.02086
3.26865
2.75754
3.58782
2.73639
0.46304
2.17328
2.41723
2.23991
1.59543
2.46661
1.44651
3.06155
3.3842
2.23512
1.90352
1.57277
1.36606
1.5632
1.9754
3.60734
2.39823
2.33912
2.43718
2.77374
3.4265
3.02117
3.42353
3.06405
2.71141
2.91675
4.91101
3.6525
3.65647
2.97237
3.27272
2.67408
2.61093
1.97069
1.25715
2.0357
2.68782
2.87118
1.77763
2.63559
2.35448
1.59994
1.37816
1.17628
2.16003
0.597572
3.08596
2.50171
1.8143
2.92736
3.74424
1.34251
2.14368
1.62851
3.02639
2.05317
2.68283
0.995206
3.12092
3.93307
2.80117
3.73284
4.19519
3.12761
1.99366
0.87865
2.58022
1.79728
1.89261
2.35391
1.5885
3.54618
1.45631
2.07184
2.95289
3.68929
3.05473
2.74294
3.45251
3.27981
2.4613
3.57358
1.75265
3.01147
1.19759
2.79015
1.20492
2.64351
1.75276
1.0731
2.32863
0.389458
3.06827
2.21615
2.23537
3.09082
1.63584
2.02225
2.80345
2.86451
2.10705
2.24661
2.37909
2.45129
2.11144
1.69693
2.36816
1.76267
1.50538
2.86331
0.959049
1.1623
3.4821
1.99113
3.37165
3.05003
0.965556
1.67257
1.0119
1.46747
1.58911
1.85099
2.20651
3.10774
1.15395
3.19001
2.34871
1.73148
3.29733
2.64914
2.40898
2.41611
1.82305
3.29042
2.83142
2.09395
3.11591
3.95672
2.91139
2.6709
2.76052
3.23188
1.61332
2.63488
3.36053
3.4831
3.22013
2.57217
3.32362
3.18034
3.39307
3.36651
2.73277
3.55901
3.63003
3.11751
2.60907
2.18049
3.25959
4.11874
4.31766
2.74372
3.80836
2.68125
4.4837
1.73027
4.07618
3.6682
3.10324
1.31174
2.00765
0.456898
1.44563
2.23977
3.26261
2.79545
2.08381
3.04476
1.86009
2.26976
3.11529
1.59724
1.41331
1.79487
2.79373
3.30576
1.38932
3.38985
3.24051
2.7601
2.29045
3.86643
3.45244
1.99021
2.1681
1.49944
1.54898
2.24118
2.92095
1.08804
1.56005
4.4642
3.83697
4.50032
2.4237
4.76854
3.60327
2.06326
1.77459
2.25453
1.70349
3.54746
2.44445
4.35176
3.87371
3.08118
1.71529
1.20719
1.76038
3.02215
1.40017
1.18111
2.71367
4.1351
2.88155
2.25942
0.42253
2.40122
2.54282
1.75465
3.28575
2.27964
4.01034
3.17038
2.90843
3.96744
4.67667
2.63336
2.79204
1.42266
3.02113
4.21265
2.24994
3.54746
3.03734
2.74714
1.93475
3.34311
3.61635
2.65536
4.40492
4.43031
3.95113
3.86413
2.84067
3.3893
2.36319
3.22131
2.4778
2.19969
2.06218
3.37094
4.03128
1.11367
1.79781
1.66556
3.52772
3.11184
4.14115
2.93298
2.53236
3.60807
3.54257
2.64927
3.3884
3.30368
3.90632
3.36474
4.33658
3.24058
3.27203
2.15251
2.70055
3.22483
3.99111
2.66709
3.51295
1.17253
2.60326
1.73811
3.74317
3.55871
3.37365
3.28698
2.4811
2.03811
2.76245
2.50422
3.19474
3.31064
3.66971
2.69037
2.83536
2.98933
2.20629
2.93062
2.41092
3.4152
2.01647
2.55424
4.32373
4.09302
2.44379
1.41838
4.15649
2.57782
1.58242
3.88928
3.95037
2.48358
4.30033
3.20253
1.76357
3.58985
3.19098
2.97344
3.5248
3.91615
2.90078
3.69647
3.56336
2.25053
2.84065
4.0725
4.10279
4.51506
3.2819
3.09722
4.05712
3.02813
-0.0966758
3.36313
3.8161
4.58638
3.75478
3.68635
3.44056
3.26992
3.19126
3.02421
3.19514
4.25373
2.57594
3.57974
2.91853
3.04159
3.91391
1.68931
3.63494
2.8074
2.23149
3.48824
3.11078
2.52254
2.87961
1.9903
0.44125
2.05159
2.75944
2.30066
3.55817
3.01603
3.09902
2.88818
2.42884
2.53538
1.41792
1.76234
2.84889
2.07717
0.0328423
2.63278
1.79879
0.865345
0.981739
1.63775
3.5568
3.06552
1.84747
3.64566
2.66778
1.99021
2.80573
2.80478
3.89072
3.52258
3.75947
4.09312
3.93361
2.89396
3.07888
2.97931
1.60163
3.96341
3.64125
3.72333
4.32882
3.87986
3.68344
4.35709
3.39928
3.77865
3.41938
2.95463
3.76013
4.65099
4.6542
2.27232
2.94717
3.23457
4.15851
4.34753
2.42423
4.72255
2.62435
3.01721
2.48991
2.38092
2.16563
2.65753
3.34061
1.11111
2.75493
4.08508
3.06176
3.81661
3.77912
2.22707
4.63784
3.82121
3.13231
2.64304
1.8045
1.84598
3.39421
3.62493
2.80681
1.8475
4.52728
1.61065
2.74622
2.77683
2.6139
3.36906
0.886124
2.46291
1.99591
3.52585
3.2137
2.79065
3.6399
3.39833
3.78825
2.67352
2.88303
2.50644
3.13078
2.5505
3.04255
1.88442
1.87077
3.83383
2.10958
3.4926
1.74649
3.07329
1.95786
1.4042
2.24266
2.67359
2.62422
3.20584
2.14015
3.61112
3.03759
2.61061
2.27507
1.78091
2.49234
1.76063
4.05614
2.6231
2.39452
0.305286
2.8167
3.17094
1.54005
2.31741
2.17745
1.93832
0.11613
2.82679
0.806248
2.48627
3.00933
1.84203
0.789926
1.35398
1.74404
2.80093
1.92849
0.813461
2.77044
1.97499
0.801866
1.01977
2.17106
1.66007
1.95371
1.74385
1.9844
1.19985
3.21009
3.2519
2.1208
2.02275
3.52027
0.968507
2.01491
1.89909
2.52715
1.11022
2.36892
1.75285
1.44564
1.36276
2.53968
1.43555
2.86081
1.58334
1.66663
2.42424
2.48176
2.79074
2.58159
3.87974
3.62644
2.93374
2.93992
3.38915
2.4743
2.42452
2.61098
3.4604
2.46014
2.61005
3.01979
3.53354
2.58455
3.58774
3.32938
2.3785
0.25478
1.74442
1.90596
2.98669
2.55282
2.64891
2.55951
3.31075
2.78955
3.31582
3.99644
3.95087
3.67343
3.96152
3.2991
3.35207
4.73165
3.33766
3.36216
3.88165
4.19643
3.80149
3.34265
2.66656
4.39866
3.45094
2.82596
3.51032
3.09062
3.58974
2.84212
2.39567
3.24707
3.23372
3.38727
4.14243
4.70314
3.8544
4.41315
3.29152
3.45577
4.26133
2.44384
2.38893
3.63895
4.33115
2.43169
4.75436
3.13118
3.63921
4.43985
2.14102
2.22287
3.26029
2.52755
2.40184
2.7897
2.97254
3.00061
3.97827
3.26695
2.88195
3.20174
3.55906
2.23349
3.91344
2.93814
3.16042
3.39089
2.17884
2.49177
2.5955
4.54819
1.76376
3.00004
3.36916
2.82684
1.791
2.20818
3.11623
1.48951
2.43357
2.56846
4.28834
2.46809
2.20318
3.04095
3.60943
1.37829
3.70782
2.35451
1.49772
3.31317
3.48443
1.62981
4.6003
3.89196
3.35237
3.63283
0.677603
3.10519
1.56126
2.0127
2.13545
2.13028
2.54541
1.2084
3.92367
2.69843
2.83275
3.79118
2.3115
1.41486
2.11206
2.02083
3.5537
1.16043
0.437037
3.5868
2.49124
3.79536
2.24638
3.32292
3.26182
2.79102
2.76204
1.60562
3.75339
2.75852
3.45413
3.41592
2.82076
2.93157
3.05431
3.99269
4.37333
4.14328
3.54241
3.74432
2.09387
2.07781
3.22762
2.8969
3.52185
3.27476
2.4703
3.14681
4.07548
2.58095
2.28924
2.12627
2.23873
3.21967
4.0323
3.4703
2.32524
1.80135
3.98565
5.12477
4.06437
3.45125
3.08695
2.9009
2.90671
2.33755
3.55279
4.12622
4.17689
1.9328
4.22805
4.20947
5.39126
4.656
4.76191
3.9536
3.9795
3.75854
4.51618
4.21622
3.84688
4.56583
4.25877
3.25851
2.21066
3.34242
3.34395
4.754
3.02293
2.87024
3.90619
2.91165
2.76217
4.03141
1.99398
3.81646
1.63069
2.24917
2.24511
2.33645
4.02778
1.73244
1.88077
4.18687
3.01762
2.06228
3.10139
1.89905
1.51036
2.75095
2.30613
3.18804
3.99671
3.22281
3.63904
2.81933
3.71535
0.851056
1.13111
2.75702
2.79249
3.47657
2.36867
3.33998
2.57848
2.70805
3.67255
1.6206
2.45847
1.28841
4.30182
2.80722
2.83405
2.47717
2.03624
4.0593
2.92857
2.94803
1.78078
2.60356
3.65156
2.57965
2.9268
3.36461
3.08575
2.96359
2.71061
3.88405
3.00815
4.5054
4.72473
4.07503
3.31056
3.7213
3.4009
1.90395
2.52416
2.05099
3.42604
1.98761
3.44239
2.80521
2.86323
3.84188
3.11287
3.37811
1.30556
2.61478
2.20668
1.88686
2.15978
1.88287
2.07466
3.80802
2.57763
3.51685
2.38091
3.73248
3.53362
2.36417
3.00877
1.31603
1.34563
2.41146
4.16
3.55279
3.18933
1.82345
1.86206
2.07027
2.1405
2.72353
1.1654
3.28861
1.22704
1.57107
2.12168
2.5008
2.11407
2.02875
2.2685
3.37813
4.50017
3.9324
5.00789
4.02598
4.00333
4.26426
4.02338
4.61766
4.28916
3.72038
3.74066
2.79171
3.12079
3.08452
3.56331
3.89123
3.11171
3.37501
3.79324
4.29014
2.78444
3.66586
2.92863
3.34722
4.27106
4.74053
3.56432
4.0926
3.92752
4.13277
3.18373
3.60373
4.83603
3.86762
4.16555
2.49321
3.61199
0.66874
3.27918
3.20888
3.86281
3.03663
4.42384
4.2379
2.28171
3.51105
2.73268
3.47974
3.09142
3.46594
2.06464
2.47095
4.18712
3.08719
2.97969
3.06875
2.99643
2.36638
2.42155
1.70603
1.41209
3.7264
2.21868
2.19198
2.56959
4.01798
3.12521
2.6697
2.58594
2.48086
2.14348
3.07884
2.7781
2.48614
2.2134
2.80631
2.84028
2.15386
2.76612
3.63836
3.09008
2.99138
3.63304
4.01009
3.03342
2.79601
3.28409
3.03199
1.84391
3.56787
4.92965
4.34045
4.6784
3.99002
2.77869
3.75577
2.07395
4.1173
3.51994
1.66543
2.10006
2.37623
3.39979
2.75582
3.81433
4.28158
2.55547
2.48067
4.37758
4.28524
1.99358
3.24244
1.98693
3.06527
2.50411
4.70301
5.02317
3.34448
4.20429
1.85612
2.02229
3.03395
2.98291
1.14851
1.50208
2.34952
3.33536
3.10976
2.95444
3.09035
2.52753
4.13676
2.644
2.77694
3.10043
3.31971
2.1895
3.24461
3.36065
2.95905
1.31721
1.83403
1.85824
2.36973
1.59319
4.62365
3.56938
2.79059
2.25234
2.19123
1.17291
3.32224
3.3582
2.8235
3.47195
3.31973
4.02374
3.17288
3.82217
3.32986
4.34194
3.33619
3.81394
3.53335
2.92274
2.71111
3.64616
4.1796
4.02365
3.78194
4.55353
3.27134
4.3703
3.9526
3.62287
2.79084
4.08796
5.68083
3.99741
3.9826
3.87954
3.5194
3.73069
3.20559
3.02944
2.60903
1.51084
1.06528
2.5895
2.42883
2.19779
2.0465
1.80452
1.55973
1.78783
1.11868
1.91698
2.42695
1.55968
1.56813
2.89568
0.891054
2.49079
3.18073
2.37429
1.83583
1.90589
1.73559
3.24293
2.47917
1.43349
3.17719
1.8902
2.40045
2.39903
3.58597
3.11216
3.89241
1.59794
2.60158
3.40407
3.02202
4.57175
1.20152
3.65635
4.21808
3.49797
3.04331
0.989594
3.06627
3.04619
3.38906
2.0925
2.81475
2.92555
3.96013
2.98417
5.95054
4.69249
4.78951
5.57365
2.20721
3.78233
4.10925
3.54199
2.1647
4.40809
4.57409
2.77635
3.77822
4.09026
3.27226
5.00502
3.67842
3.4359
4.60488
3.97077
3.83488
2.94378
5.08897
3.98911
5.18644
4.93765
5.38728
2.84507
2.13973
3.419
3.39304
4.1609
3.46257
2.45255
4.03896
4.50993
4.08895
4.00579
2.56666
4.27364
2.17348
3.88136
3.42602
3.66582
2.48465
2.99866
2.20721
3.48537
2.44105
2.1913
-0.0795539
1.50024
2.42148
2.71127
3.30741
2.93804
2.41462
2.58844
3.06594
2.14569
3.95159
3.52971
1.77971
2.60957
3.75513
2.97001
3.67081
1.7521
3.20039
2.94942
6.0649
3.79251
4.71357
3.5722
4.09278
3.6721
3.08197
5.01147
2.26458
3.71193
3.72981
2.40686
3.76963
3.64718
2.15524
4.50786
3.87627
2.6055
3.61298
3.31371
5.35718
4.37055
3.03578
3.85429
2.91129
3.94188
3.90315
4.83968
5.28466
4.95176
3.32008
3.99887
3.11396
0.177746
2.24616
3.74526
1.56502
2.06449
2.40344
2.56334
2.64662
1.21589
3.40774
1.70502
1.30265
2.56661
1.4689
1.7579
2.45243
3.2202
3.85618
4.21634
4.02278
2.77118
3.50124
3.74937
3.12971
1.81166
1.74461
2.25615
3.74514
2.88019
3.0392
2.49073
3.22614
2.50114
3.94763
3.87906
2.61579
3.05755
2.00824
2.46754
2.31453
2.80151
4.28181
3.03045
2.33959
2.77844
2.3096
2.63965
2.71822
1.51706
3.09467
3.01721
0.700215
3.04265
2.53837
3.61502
0.717423
2.52288
2.54506
2.57743
3.06105
2.4606
4.45275
0.91748
2.50058
3.37833
2.51612
4.64176
5.55263
2.71797
2.83333
3.46354
3.06907
2.39517
2.60392
3.5091
2.51962
2.07029
1.63047
3.13212
1.26414
3.39398
3.83375
3.0241
1.48107
2.04968
2.32802
2.52391
3.33527
3.20157
2.70238
3.23388
2.33888
3.60916
3.24356
2.52161
4.54322
4.82131
3.84655
4.12085
3.23988
4.19215
4.43784
4.88416
2.64219
3.53156
3.77073
3.01519
2.63355
2.66565
3.24042
4.04076
4.48588
2.82027
4.01017
2.46706
3.33099
2.83477
5.25871
3.89139
5.16613
4.8703
4.60109
5.18631
5.95191
3.49857
2.79198
2.89233
2.01794
3.5875
2.96398
3.46242
2.90404
2.24071
1.25701
1.99261
2.17898
1.11579
1.15039
1.72899
1.71504
2.66494
1.60728
2.51165
2.90842
2.39929
3.54036
2.45363
2.54264
3.69414
3.2883
3.95773
3.8139
2.47177
3.98156
3.33423
3.83841
3.3125
2.06228
3.85752
3.11393
2.83338
2.89011
2.7622
3.46192
3.08903
2.95635
2.8641
1.84939
3.30544
3.8362
2.42995
2.47858
3.51628
3.57369
3.69273
3.47494
4.23755
2.52168
2.3503
5.54172
4.69619
3.17101
3.26373
2.477
3.9272
3.24286
3.03932
1.8047
1.9904
3.07
3.49706
3.17615
3.49723
2.26551
3.65714
1.97815
3.43269
3.27105
4.45774
4.42052
3.41474
3.80058
4.57446
3.89251
3.60511
4.39966
4.23608
4.40842
3.85915
4.44867
4.58377
5.00017
3.88978
3.6091
4.36456
3.13321
3.54797
4.41254
3.85929
4.19823
3.14936
3.69672
3.28805
3.88911
3.16654
3.6991
3.27283
2.69249
4.70162
3.97462
4.1981
3.19532
3.11267
2.97438
3.79521
3.59367
4.34621
4.0664
3.86942
4.02209
3.88172
3.1874
2.24507
3.48561
2.94771
1.60021
4.24846
2.50941
5.11191
5.08925
3.93246
2.76579
3.73579
3.26306
2.83812
2.8471
2.50941
4.66536
3.98076
4.80661
4.28595
3.56081
3.76944
4.28254
3.67784
5.08156
3.48812
2.47209
3.5057
3.95628
4.47436
3.71887
2.75264
2.8001
4.20905
3.87334
4.55886
4.98726
2.40051
2.98156
3.97392
2.63637
1.89115
2.52037
3.64739
2.9678
4.32217
3.87239
4.38373
5.28028
3.05891
2.12948
3.78768
3.9573
2.58948
3.3028
3.05223
2.49415
1.97071
2.16812
2.2302
1.84541
3.12725
2.80149
2.82344
4.16638
2.5248
1.96497
4.27773
3.61593
4.14223
1.17185
2.23895
4.16248
3.72925
3.34016
2.27106
3.7746
3.77811
1.87506
3.14898
3.64847
3.86068
2.73395
2.59749
0.317344
1.37403
2.95669
2.61019
2.61598
3.31871
2.81725
3.91157
3.19659
2.38802
2.84438
2.77601
2.95856
2.99355
3.18136
3.58345
2.41789
2.54644
2.82724
3.18448
4.45861
4.53468
3.27064
2.4179
3.44818
4.17235
2.92138
3.55663
1.68363
1.76045
2.26314
2.92143
1.33723
2.98152
2.34958
-0.143306
2.1532
2.52507
3.11621
2.20535
2.84766
2.36981
3.93532
4.6072
2.44907
3.48258
2.88952
3.61747
3.42842
3.372
1.98229
2.63861
2.13337
1.45929
2.44395
2.41041
2.00584
3.60315
2.25826
3.19626
1.86146
1.97461
2.74162
0.743573
3.77145
2.62711
3.00323
2.41231
2.86463
4.48636
3.2413
3.39386
3.4888
3.07291
1.1277
2.8483
3.0112
2.68728
2.55808
3.13979
3.94216
3.8658
1.89115
2.04468
2.39676
2.74343
4.10415
4.26366
3.44842
2.89255
3.17517
5.31111
2.69166
3.32542
3.02556
2.9104
2.70573
1.59558
2.79232
2.18399
1.8993
1.55583
2.08213
3.30411
1.57615
4.97467
4.22759
3.4317
2.87438
1.75898
2.59969
3.18577
1.98648
2.19029
1.82967
2.41537
1.27734
2.99739
3.22604
3.55046
2.81958
3.42283
3.23197
2.8468
2.35402
1.62765
3.6828
3.29945
3.88813
2.35959
1.97785
1.58196
2.47442
0.832613
2.89044
0.101116
2.06653
1.8042
1.70521
2.43676
1.47219
1.93338
1.54781
1.70311
1.89139
2.48246
2.26448
3.93419
1.40687
3.01256
3.04283
2.12317
3.3478
2.85149
4.16467
2.56242
2.07575
3.3047
1.55404
1.77337
3.03706
2.37503
0.614149
4.60634
4.93641
4.37274
2.80115
2.3667
1.70698
2.63447
1.92427
4.26572
2.74163
3.0504
3.86282
3.70638
2.45661
2.27437
3.30525
3.09277
3.39431
3.72115
3.07747
3.23693
3.69188
3.09701
3.07746
3.3976
2.80677
2.62283
2.18789
2.95129
4.30097
3.1552
2.91984
4.31429
2.71528
2.10076
2.72653
2.22311
3.5447
3.23135
3.29172
3.23503
1.56504
2.08257
2.92428
3.03258
1.49456
2.59339
1.61687
3.23889
1.89573
3.99282
1.17982
2.61794
1.90046
2.44532
3.56255
2.22948
1.42921
1.60023
1.20327
2.37778
4.37618
2.26359
1.39722
3.15678
2.96476
1.5031
3.89322
3.41961
0.759512
2.15059
1.98143
2.58288
2.04468
1.66509
3.85043
3.94802
3.39572
3.26187
3.00006
3.95942
2.66811
4.60788
2.8504
3.40413
3.02174
3.15907
2.52269
1.87876
3.77849
4.61604
3.8112
3.48853
3.81601
3.73573
3.11554
3.13529
3.98094
3.17056
4.52115
3.62202
3.08045
2.66628
3.3969
3.78288
2.12948
1.5868
1.32541
3.38849
3.12282
2.38588
2.47581
3.22054
3.83269
2.70678
2.85052
1.03521
3.18254
3.1543
3.33529
1.84689
2.24293
3.0893
1.74726
2.25513
4.16899
1.74223
3.81139
2.66528
3.50472
1.59108
3.69153
2.66863
2.40627
2.69424
4.03183
3.97004
2.55477
3.68807
3.15071
2.95365
3.46799
2.84145
3.94606
2.45363
0.735787
1.45951
1.73378
1.12362
1.38626
1.96423
1.66797
1.21888
2.25822
1.52802
1.56823
3.18965
2.05826
3.36048
3.47988
3.32094
2.64331
4.10092
2.11029
2.25863
2.35507
2.84005
2.3676
2.59371
1.83263
0.376833
2.48456
1.95124
0.258684
2.82946
2.08354
3.68624
1.93053
4.6478
3.76599
1.43406
2.92818
3.41088
3.47411
4.85447
1.61742
3.01531
1.62101
2.16963
2.33538
1.76933
2.08455
3.24283
3.04976
2.87676
2.68398
2.6639
2.82459
2.11364
1.18836
2.35811
1.88386
0.0353291
2.50322
1.49416
2.26158
2.45672
3.09165
4.03984
0.543454
3.50259
3.47322
3.79539
2.65789
3.86664
2.75357
3.70966
3.52666
2.5909
3.78324
3.375
4.93137
4.60139
4.12958
5.88127
4.47075
5.72668
3.26291
4.14001
1.94047
4.81865
4.80071
4.74797
4.36492
3.26356
5.13921
4.5574
4.14546
3.56735
3.66291
4.36913
5.02601
3.33653
4.8837
3.7653
4.75261
4.05709
3.74883
3.59517
4.02262
4.43683
5.47383
4.70117
4.20333
2.56523
3.27688
2.6026
3.51502
1.90899
3.53356
3.6547
2.50164
4.79471
3.72183
3.23989
4.12641
3.68282
3.34588
5.35816
4.08039
4.11995
4.29261
3.8274
4.00384
2.72227
3.86522
3.2921
3.72142
4.09229
2.31568
3.75873
3.45478
3.47158
3.27214
3.61725
3.21163
4.57004
3.93796
4.61194
3.97926
4.99833
4.81611
4.508
4.00352
4.49902
2.04451
2.73309
3.40759
2.855
4.29866
3.34728
3.29907
3.75143
4.0476
3.95134
3.18573
2.53845
3.09712
3.50679
3.31061
3.43265
3.07958
3.46768
3.80331
2.64482
3.25079
3.38053
4.50403
3.29723
4.15543
3.77235
2.2635
2.04135
2.73381
2.5284
3.74398
3.74568
2.77217
2.91433
1.73526
2.98931
4.44749
4.10312
4.44407
2.09523
2.97758
3.37487
3.36684
2.22952
3.59653
2.43299
2.68416
3.23372
0.506371
2.74858
2.97523
4.55876
3.05456
4.1036
1.96602
2.89995
0.811064
2.50775
1.9463
1.74706
4.07268
4.6483
4.92201
4.71002
3.8322
4.04328
3.92281
3.40784
3.51048
1.84248
3.0294
4.83401
4.75395
4.53587
4.20814
2.40108
4.07419
4.07144
2.85051
2.37991
3.15462
2.99158
5.15745
4.95971
2.98121
3.16329
2.8403
2.49595
3.13767
3.10361
3.2541
2.22751
1.53132
2.45167
2.0352
3.26086
2.39453
4.0484
1.53641
2.8612
4.07226
2.94858
3.48652
3.16977
4.2526
3.3271
1.71894
3.00782
2.50102
2.35543
2.9772
1.65311
3.39621
3.46437
1.4014
2.82008
4.13174
2.48302
2.76184
1.49678
2.97348
3.19037
2.39852
2.14969
1.68263
3.88441
3.73583
2.24348
4.33758
4.47534
3.33236
2.99543
3.91428
3.18586
3.90639
3.75859
2.01101
2.40792
3.8508
4.05263
0.738
1.15448
3.35394
1.65073
1.57376
2.06595
3.37901
2.65531
3.12121
3.70031
2.32506
3.53397
3.28012
3.10403
3.21257
2.15614
0.67242
3.00441
3.96045
1.77174
2.17776
1.29243
4.45848
2.41229
3.19834
4.43273
2.44998
3.03368
4.19068
3.17457
3.40535
3.39982
4.08297
2.6312
2.75368
3.23956
2.98997
4.53749
3.6787
2.74935
1.9213
1.98378
3.42888
2.52262
3.20038
1.82325
4.01481
1.40217
2.43141
1.49437
3.05554
1.98109
0.961709
1.89438
3.20502
2.21964
2.82174
1.6914
3.15464
2.3237
2.17811
2.36728
