2.47994
-3.32532
2.72855
2.63683
2.59847
-4.19561
-6.05278
1.70906
1.73507
1.98963
1.89613
1.88489
3.27006
-2.94309
-0.276086
-0.43421
-0.214587
3.37687
1.49287
1.61078
-2.61024
0.787419
0.780384
0.857597
0.749407
-0.57217
-0.604104
-0.588797
-0.580286
-0.287186
0.795326
0.899646
0.88181
0.291624
0.258162
0.430308
0.287669
2.74978
2.87807
-0.819862
-0.963098
-0.654038
-0.739114
-0.77454
-1.83155
0.167417
0.118283
2.03134
0.927355
-4.00887
-4.03062
2.00429
-1.75732
-1.91026
0.341271
1.97156
2.00056
2.04427
2.05324
-0.507041
-0.517992
-0.44533
2.391
4.39041
0.0485309
-0.0448213
0.121882
0.512663
0.732956
0.586005
-2.62231
-0.196398
-0.297944
-0.071045
-0.0471543
-0.406456
-0.816485
3.5186
2.7934
-2.42869
-2.09177
-2.16434
-2.35349
0.977817
1.25764
1.33865
1.15063
1.45907
2.1938
2.24506
2.35688
2.27658
1.64273
1.69321
1.3685
1.57828
1.60899
1.65132
1.55024
1.59602
-2.79657
0.322461
0.312335
0.570469
0.443584
0.260937
0.291308
0.310578
0.332557
-0.780288
-0.790182
-0.768437
-0.751066
-0.869863
-2.98937
-5.49363
2.83339
2.84845
2.72318
-2.80655
-1.31466
-1.36954
3.83166
-2.02119
-1.93617
-1.72801
-1.79349
-1.83342
-1.64647
-0.864469
-0.801889
4.56944
-2.61061
-0.812675
-0.76027
1.04404
1.12171
3.83691
-0.0334851
-0.16079
-5.06495
-4.26844
3.45757
-3.39092
4.30918
-1.44585
0.801399
0.876984
0.882733
-3.17871
2.90108
-3.39417
-0.988335
-0.377813
-0.576178
3.03763
2.43514
2.69692
3.9233
0.0535222
-0.0234482
-0.183287
-0.0594002
-2.94595
0.497242
1.93882
-1.5296
-1.44181
-1.78873
-1.67061
-1.77499
-1.10658
-1.22478
-1.14892
-1.36946
-1.30904
-1.27508
-1.02647
-1.21453
-1.13036
0.327184
3.91659
1.04066
2.86095
-3.15034
0.705013
0.788446
0.639013
-0.475871
-0.427256
-0.498196
-0.512038
-0.597973
-0.606742
-0.415228
-0.434154
1.46948
1.16598
1.26112
1.89173
1.63702
3.00963
0.629364
0.805947
0.903842
0.795759
0.828922
0.609246
0.923697
0.690098
0.668142
0.802457
0.856787
0.861656
0.781297
0.694294
0.99479
0.86768
-4.11458
-3.519
1.41522
1.20156
1.15957
-1.64381
0.085826
0.190422
3.24957
4.6639
-1.88413
-1.68759
-1.68118
-1.7219
2.52769
2.62003
0.182491
-0.0375982
-0.00531112
0.0543125
-0.0452001
0.0616796
0.11307
0.105517
0.148515
0.0168586
0.0429917
0.209724
0.0582845
-0.0910773
0.0395233
0.0131235
0.453986
0.404113
0.526544
-2.65494
1.37223
1.5618
-0.842086
-0.758186
-3.50651
-3.4802
-3.66379
-2.51172
-2.50427
6.99464
0.472739
0.322787
0.320511
0.455758
0.451631
0.457163
0.0978051
0.211121
-1.08138
-1.07751
-1.24443
-1.38034
-1.18977
2.52211
-0.717308
-0.795627
-4.4509
-2.67049
-3.95431
-4.37104
0.663795
0.573722
-2.39536
4.33538
-3.53395
-1.12082
-1.10166
-1.49027
-1.73369
0.518189
0.44045
2.79016
2.99847
-1.95919
-2.02811
1.55057
1.52177
1.4527
0.414095
0.464415
0.373104
0.318335
0.262862
0.3236
0.140001
2.42653
4.56271
0.175004
0.16403
0.148124
-1.45443
-1.53441
-1.65672
-1.53158
-1.67128
-1.81374
-1.90328
-3.56979
0.12186
0.087042
0.042563
-0.0589422
0.0440418
0.0485479
0.0610339
-0.176926
-1.7307
0.493711
0.379515
0.374435
0.277157
0.288499
0.403334
0.357501
0.299008
0.496247
0.27556
0.427005
0.363828
6.10924
-1.71455
3.78168
3.42761
2.73709
2.75447
2.57359
1.35384
5.22174
-4.13151
-3.45307
-1.3448
-1.39271
-1.11015
-1.16982
-1.31986
-1.13594
-0.66301
5.58211
-0.730144
-0.693131
-0.604046
-0.664235
-0.690118
-0.539445
-0.997964
-0.954723
-0.831895
-0.955052
0.981958
1.45083
1.47798
1.47195
1.48215
1.45888
1.5109
1.56815
1.78519
1.43878
1.58132
-2.01633
2.33872
2.26191
1.73799
2.5887
-1.25586
-0.676489
-0.562299
-0.285578
-0.448308
-0.427767
-1.31397
-1.38741
-1.28704
-1.28546
2.13495
2.21136
2.06763
2.11491
2.82304
1.7255
-0.573217
-0.713779
-0.357218
-0.462479
-0.389937
-0.614595
-2.12967
-3.82593
-3.89737
0.683437
2.81918
-0.595908
-0.456718
1.2302
1.08124
1.10281
1.26996
-2.06183
-1.93138
-2.00858
-2.00379
1.35139
1.13555
1.26625
1.31506
1.32278
1.42819
1.26938
1.37482
1.19348
1.29187
1.2365
1.28921
1.36974
1.34853
-2.42259
-2.59651
1.07512
1.33232
1.30251
1.18976
1.15559
1.10045
1.11346
1.22931
1.54422
1.36162
1.23136
1.43754
1.42587
1.25614
-1.92233
4.62965
-4.08124
1.09798
1.17052
1.20997
1.46538
-0.813871
-0.763655
-6.53107
1.60157
1.47743
-1.51737
-1.33544
-1.41132
-1.39049
2.56407
3.21662
1.55555
1.38672
1.48333
-0.508128
-0.625123
-0.652801
-0.640038
-0.572407
-0.603614
-0.625889
-0.536764
-0.626984
-0.465531
-0.451474
-2.35375
-2.15741
-2.16325
-2.02789
-2.66177
-4.94996
4.35829
4.60917
2.92156
2.69905
2.81712
3.66291
3.57162
-1.98912
2.72386
2.6848
-2.85336
-3.47639
-3.4382
-4.11115
0.30737
-1.67826
-1.89714
-2.65333
-1.953
-1.13801
-0.885377
-4.81618
-0.758549
-0.581944
-0.498427
-0.293095
-0.352478
-0.552277
-0.441345
-0.648167
-3.57996
4.68235
4.70381
1.02119
0.989634
0.788744
0.950517
0.112261
0.0925597
0.140688
0.211395
1.54227
1.60461
1.36372
1.61901
1.59381
1.58509
1.31505
3.91365
3.63793
-0.880554
0.79558
0.666937
0.7938
0.81852
2.73303
2.60327
5.26254
2.23786
3.59281
2.38006
2.4076
-0.364863
0.00345459
-0.124714
-0.369544
-0.338421
-0.426641
-0.304528
-1.17698
-2.29715
-2.49822
-2.39661
-2.54574
-2.00858
-1.85741
-2.07956
4.87533
2.39514
-1.61854
-1.36831
-1.2659
-1.4721
-1.43617
2.19327
2.37346
2.48184
3.35945
-2.83581
-3.15564
-2.3544
-2.41494
-2.69069
2.0953
2.10179
2.24837
2.40216
2.2397
0.918833
1.04912
1.48952
1.56452
1.49764
-1.1954
-1.58412
-1.55298
-1.14172
-1.47042
-1.22485
-1.35826
-1.22175
-1.51273
-1.35099
-1.08841
1.11093
-2.06008
-1.975
-2.13216
-2.1656
-1.33089
-1.21201
-1.3456
-1.32838
-1.27967
-1.29213
-1.23994
6.50432
-2.61927
-0.35371
-0.356091
-0.231394
-0.284719
-0.22816
-0.516589
-1.04051
-1.27417
-1.59307
-1.56932
-1.82334
-1.69104
-1.86215
1.5771
1.70134
1.66794
1.61357
-3.3256
4.22916
-3.10397
-3.43087
0.566783
0.708379
1.94582
2.07905
-2.76869
-2.63583
-1.55087
-1.48106
-1.2116
-1.06572
-1.20022
-1.1022
-1.13188
-1.14207
-1.22389
-1.32934
-2.19942
-0.9556
3.8003
3.7722
0.084051
0.738962
0.776575
1.93952
1.94751
-0.66973
-0.747063
-0.6523
4.51379
-1.37876
3.56023
-3.12716
0.737753
0.859888
0.862969
1.85666
1.9207
-0.404631
-0.549733
-0.468221
-0.413959
-0.329978
-0.455568
-0.693622
-0.302358
5.92084
-2.62346
-2.81107
-2.60087
-2.55835
-2.81162
-2.76265
-0.768176
-0.615259
-0.553061
-0.58655
-0.579216
3.40465
3.67952
0.925977
1.20183
-0.954293
-1.11105
-0.974631
-1.10726
-1.20744
-1.15768
-1.15151
-1.03439
-1.05563
-1.13437
-0.950732
-1.09857
-2.46683
-2.52477
-0.179065
-0.114092
-0.292522
-0.245645
-0.695756
1.32459
1.475
1.35261
1.95421
1.73048
1.76344
1.76384
1.76148
1.83948
1.62361
1.65386
4.46723
4.62688
4.84847
-4.01568
-2.04304
-2.10935
-1.9483
-2.02418
-2.03581
-1.90884
0.335421
0.320858
0.254844
0.308724
-3.84856
-0.921492
-1.10729
-0.728456
-0.653537
-0.766092
-0.381304
1.95431
1.94762
1.9498
-3.19277
1.98882
2.12958
2.10201
2.07861
3.2478
-1.33309
1.66426
1.77085
-3.89186
-4.84227
-2.86431
-3.19612
-3.03127
1.4734
-1.35129
-1.22078
-0.578595
-3.15528
-3.11946
2.08308
1.96642
1.97047
2.01283
-1.20012
-1.52707
-3.15544
-3.20618
-3.10856
-2.77573
2.07308
2.08468
2.1066
2.28225
-1.31843
-1.53598
-1.37835
-1.58639
-1.46382
-1.56665
-1.45549
-1.24661
1.02273
-3.19252
3.37062
0.908299
-0.983558
2.96826
2.9042
2.59272
1.94145
2.11649
1.91912
0.182762
2.04219
1.75252
1.71989
2.89359
-4.30496
-1.84376
1.47656
1.41332
1.44801
1.27145
1.2793
1.37154
-0.732563
-0.611905
-0.670856
-0.633434
-0.532149
-0.54077
-0.712269
-4.08743
-1.82544
-1.75324
-1.95276
-1.87274
-1.78701
-1.70856
-0.382452
3.70516
1.79812
-1.47243
-1.55687
-1.37428
-1.37808
-1.42536
-1.41675
-1.42291
0.867729
0.906868
-1.02255
-1.39527
-1.37273
-0.953619
-1.08101
-2.85786
3.11537
3.84713
1.82641
2.03223
1.99601
2.02828
-0.0337881
2.01431
-0.115866
0.718284
-1.8158
1.53687
2.17695
2.40539
2.37681
-1.63114
-1.61023
-1.48231
-1.55644
-1.15892
-1.28684
-0.950975
-1.14312
-3.56153
2.6776
-5.59487
1.75046
1.64622
1.07036
-2.00117
-2.3015
3.51142
-4.95273
0.436474
0.40271
1.92453
2.11518
-2.2782
-2.28789
1.96872
1.98642
0.996268
0.693469
0.867394
0.76417
-0.653857
-0.591664
-0.681334
-0.587892
-0.43373
-0.509462
-0.620251
-0.584648
3.53733
3.42793
-2.34313
-2.758
-2.86579
-2.90252
-2.71272
-2.59271
-2.42342
5.45093
3.18245
2.48923
3.69795
-3.64064
-2.96055
2.25937
2.10516
1.88636
1.83284
1.87596
2.05143
-1.46478
-0.370904
-3.70637
-2.93625
-3.27354
-3.19324
-0.561426
-2.02994
-2.02388
-2.10712
-2.06254
-3.50069
2.04993
2.33259
3.42877
3.09054
2.14897
-0.604679
-0.817802
-0.808195
-0.711997
-0.747898
2.97597
2.68621
2.80004
-4.27785
-0.215813
-0.172822
-0.254403
-0.360547
-0.387202
-0.314743
-0.415887
-0.286386
-0.42836
-0.0881205
-0.463254
-1.40838
-1.32811
-4.02717
-3.19985
-3.25976
-2.48503
0.888083
0.662494
0.555068
0.464765
0.459243
0.518076
0.526625
0.00813585
2.79678
4.91447
2.65054
0.994415
0.792498
0.918963
0.922591
0.826897
1.01751
0.949963
1.04279
0.987175
1.24341
-2.94741
-2.87291
3.86004
4.96268
-0.601625
-0.483136
2.04254
1.69526
2.00231
2.08032
1.9026
4.01832
4.02929
3.11446
3.06484
-0.312151
-0.466314
-0.516744
-0.521412
-0.388555
-0.247793
-0.215547
-0.3465
0.796636
-0.866934
0.856062
0.677026
0.914223
0.697548
0.875848
0.556382
0.755671
0.954434
0.801726
-4.56042
-0.623056
1.38217
1.35845
1.26214
0.88672
0.830165
2.32049
2.52424
2.66149
2.56337
-3.45305
0.32882
0.209184
4.50464
-4.10519
-5.32703
-3.59628
2.26982
2.38134
2.18241
2.03847
1.20563
-2.30576
-2.4738
-3.28367
-2.25887
-2.20533
-5.08163
-3.01226
-3.20341
0.446744
0.463364
0.385001
0.407958
0.359085
0.402455
0.275159
0.270894
0.0330417
0.410514
0.454426
2.45179
-2.8853
0.46633
0.433011
0.338416
0.43997
0.306815
-0.145971
-0.515722
-0.151262
-0.155648
-0.167315
-0.436184
-0.241858
-0.394314
-0.33217
-0.0261043
-0.101425
-0.152356
2.90976
1.272
1.30107
1.28345
1.16236
1.15173
1.30179
1.51581
1.43471
1.28127
1.40318
1.27373
1.19346
2.54222
0.871533
0.554322
-1.77533
-1.96521
-2.05989
-1.82383
0.222194
0.386933
-2.7235
2.88625
3.16362
-0.0720823
-2.36173
1.44717
1.40482
1.52955
1.34517
-0.779439
-0.584263
-0.448761
-0.429932
-0.484734
-0.47558
-0.511704
-0.709188
-0.602106
3.182
0.387816
-3.74121
4.47934
0.799604
0.678837
-4.28643
2.23885
2.07472
1.84775
3.16127
3.13802
-2.14704
-2.43232
-4.88274
-2.96582
3.21414
-2.42421
-2.14682
-3.2567
-2.02859
2.73342
2.66873
0.978758
1.04893
-5.24044
-6.79672
-0.374797
-4.48262
-1.66269
-1.73656
-1.56634
-1.51477
-1.68963
-1.68531
-1.67064
-1.69011
-1.85251
-0.178755
-2.56132
1.1369
1.1326
1.48655
1.32027
2.67472
2.95509
-1.32192
4.25881
3.26086
0.664053
0.48449
0.677477
0.491603
0.505131
0.359352
-0.876522
-0.945699
-1.04438
-1.0846
-2.63483
-2.855
-2.06155
-0.00355722
-0.0721464
-0.0369498
-2.14766
3.99972
-3.42163
-4.61606
-3.78479
-1.29842
0.157492
0.16986
0.113731
0.0747629
0.182124
0.0849048
-2.75855
3.151
-2.13598
-2.22621
-2.1658
-0.659829
-0.282102
-0.69005
-0.62327
-0.559457
-0.54354
-1.94651
-1.9576
-2.10272
-1.96614
-3.82653
-1.23549
-1.19854
-1.30242
-2.20326
-4.45075
0.894016
0.986318
0.896076
2.53328
0.846362
0.827272
0.986734
0.744788
0.824982
1.0316
2.5269
2.48867
2.63806
-0.48619
-0.503676
-1.78164
-3.54485
-4.74507
1.81972
1.86143
1.22848
1.203
1.43992
1.36458
-1.52781
-1.37746
-2.16014
-2.08891
0.864968
0.858511
0.711567
0.785993
0.723458
0.558552
0.67398
0.665125
0.595834
0.844289
1.58776
1.65161
1.66784
1.67799
1.65671
-1.89232
0.0738926
0.105733
0.118619
-3.35128
3.96745
-3.20313
-1.39566
-1.38604
-1.28281
-1.37666
-1.18844
-0.237787
0.922272
1.21497
1.03548
0.975414
1.00853
1.10402
0.981153
2.5575
-0.263824
0.00208272
0.376468
0.429305
0.472574
-1.11174
-0.949929
-0.977385
-1.76082
-1.72755
-1.90309
-1.54318
-1.59408
-1.88992
1.61168
1.60533
3.96705
1.05513
0.818729
1.02895
1.04292
1.10067
1.01685
1.0157
1.046
0.916846
2.46251
2.28415
-2.4598
-1.54008
-1.80353
-1.83527
-1.64484
-1.96388
-2.10885
-2.12567
-2.13383
-1.99698
-1.96697
-2.05934
3.36642
2.71767
2.71114
2.75971
2.75198
1.38106
-4.07375
2.23678
3.7737
4.04401
-1.99013
-3.35642
2.32289
-4.35871
-0.143112
-0.403287
-1.11006
-0.924606
-1.00792
-0.939924
-1.102
-1.01915
-0.954226
-1.11335
-1.2119
-2.85215
0.594376
0.547914
0.571088
0.547479
0.471009
0.508683
0.435681
-3.71308
-3.74646
2.86826
2.70479
2.59472
2.82527
-1.18961
-1.04021
-1.12767
-1.0542
-0.925365
-4.9248
-5.03281
-1.42595
-1.2928
-1.276
-1.34872
-1.38623
-3.0969
1.72759
1.75262
1.81492
-3.03028
2.93678
-0.64023
-0.890061
-0.684037
-1.28173
-1.19512
-0.978396
-0.969329
-1.16323
-1.15567
-1.21529
-1.02534
-1.14885
-1.06466
-1.14467
-0.522476
-0.608211
3.28995
2.52773
-5.0433
-1.97759
-1.78881
-1.75409
-1.97045
-2.09772
1.10725
1.21538
1.2135
1.01154
1.01914
0.979554
0.980245
1.14053
1.30398
0.794553
0.847298
0.848999
0.916364
3.59776
-0.679645
-0.699642
-0.70271
-1.18094
0.770036
0.770202
0.808363
2.13856
0.878313
2.79282
-1.74913
1.88774
1.76684
1.77602
2.53733
2.60902
4.24452
-0.282268
-0.274237
-4.65694
1.12095
1.16043
1.40111
1.31492
-2.6465
-2.609
-2.74087
2.65953
2.43613
-2.72577
0.00828559
-1.96094
-2.13862
-2.10566
-2.63089
2.71201
2.23757
2.31336
0.112554
0.190603
-2.68412
0.688737
0.439031
0.561716
0.464566
0.419061
0.187192
0.198796
0.294615
0.338773
0.189586
-2.25744
-2.41738
-1.91804
-1.99414
3.88613
-4.93921
4.10983
0.716999
1.13051
1.17629
1.36368
1.21886
0.0294564
-2.12092
-1.9966
1.08466
0.709133
3.65839
-3.9161
-3.72252
-4.57205
0.241824
0.439303
1.53213
2.33535
-1.32576
-1.09983
-3.01125
-2.22178
-2.30783
-0.642759
-0.666634
2.70267
-1.43024
-1.31275
-1.44951
-1.42862
0.999815
-1.38627
-1.24967
-1.24966
-1.29472
-1.24478
-1.09202
-2.32369
-1.14067
3.16742
0.660536
0.835031
0.887124
0.789726
0.803776
0.626712
0.685695
0.922945
0.850256
-2.0708
-2.48028
2.21198
2.43961
2.25619
2.42721
2.49129
-0.906557
-1.05169
-0.784109
-1.00847
-0.938371
-1.00099
-0.870016
-1.30404
-1.21643
-1.204
-3.53461
-3.40033
-2.85291
-2.61383
3.05636
0.0527307
-0.0238683
-0.074719
0.00362407
-0.0738246
-2.56205
-2.40047
4.20329
-0.446785
-0.240588
-0.285609
2.51445
2.66545
1.74735
1.78236
1.83308
1.53951
1.42007
1.41346
-2.0264
-2.02654
-3.99424
2.28777
2.61402
2.49999
2.41524
-0.883244
-2.49607
-2.60033
-2.48833
1.56241
1.71002
1.66522
1.68275
1.77743
-3.8375
1.4166
1.52108
1.36084
1.39026
1.68195
0.359617
0.334044
0.483295
0.150061
1.8103
1.84023
2.94789
-1.75838
-1.80799
2.27709
1.43918
1.9548
2.47658
2.68951
-0.240115
0.72763
0.837224
0.850919
0.814473
0.519183
-0.273884
-1.00192
2.36042
2.3638
2.41854
0.600091
0.48288
-3.99319
-3.21519
-2.53664
0.262031
0.18244
-3.62031
1.23688
1.18256
-0.886524
-1.07125
-0.903336
-1.14166
2.46902
2.24822
1.56423
-4.54786
0.057046
0.140138
0.564123
0.45729
0.358744
0.359319
0.29782
0.659801
0.663461
0.661687
0.631694
-2.43562
-3.32424
3.31568
-3.45319
-0.105192
-0.117225
-0.237096
-0.0506233
-0.0268384
-0.138192
-0.14588
-0.103471
-0.0769617
-0.112545
-2.27052
-2.69483
-2.71443
-1.17455
-1.35579
-1.35356
0.834138
0.77168
0.809751
0.500992
0.515888
0.649179
1.42517
-3.63267
-2.74778
-2.72916
0.276059
0.316998
0.312194
0.241106
0.311811
0.267711
0.191734
0.429698
-2.12174
-2.03199
-2.03101
-1.99237
-2.00501
3.21677
2.45437
2.57083
2.19172
-2.62108
-2.28579
3.50918
3.49016
1.17896
1.42638
1.44369
1.32421
1.31279
1.53961
1.54419
1.23583
1.41128
1.40137
1.43762
4.62546
1.51791
4.12311
4.0324
3.68025
3.61089
-0.357597
-0.577227
-0.47045
-0.37357
-0.343841
-0.530165
-0.337152
-3.77624
-2.10752
1.46292
1.47862
1.59178
1.74862
0.0940607
0.183674
4.00727
-3.98686
4.765
3.10545
-1.14765
-1.00119
-0.967093
-0.945845
2.94033
3.00519
1.59371
1.67498
1.62995
1.63561
1.67135
1.53634
1.4197
-0.64243
-0.873447
3.19025
-2.18555
0.895005
0.767046
0.806145
0.631689
0.628715
-0.232291
-0.506892
-0.198744
-0.358216
-0.296569
-0.266047
-0.336249
-0.228556
3.12275
-5.94414
0.535274
0.502074
0.78655
0.90081
0.9296
0.996743
0.82262
0.973378
0.76717
1.90957
1.53743
1.75644
-1.64726
-3.9075
3.67865
3.65464
3.67377
-0.812071
-0.813984
-0.783046
-0.809047
-0.818332
-0.853688
-0.794293
-0.591303
-0.558685
-4.69082
3.28003
1.01935
1.03802
1.08653
1.22723
1.20113
2.14959
3.59991
3.66888
3.62859
2.61908
-0.223643
-0.264756
-0.377096
-0.461349
-0.250518
2.78998
-0.36393
-0.327153
-0.191999
3.17618
0.538541
0.610265
0.863784
0.392803
0.292872
-1.57831
3.03894
2.01928
2.00108
-1.74421
0.0586558
-0.0564308
-1.47072
-1.43482
-1.33265
-1.37187
-1.3687
-1.48266
-1.44559
-1.33584
-3.69022
-3.41325
-3.57941
2.28291
-3.41792
-3.3691
-2.40513
-2.54507
-2.68553
0.794789
0.745462
-3.18414
1.03842
1.24106
1.3157
1.01443
0.906842
0.915872
0.844531
0.977306
1.23018
0.992919
-4.01579
-2.45907
1.91301
1.97848
1.82092
1.85962
2.50548
2.66557
-1.94705
-1.9414
-0.149224
-0.211357
-0.254194
-0.193144
-0.122422
-0.182859
-0.383867
-0.0826189
-0.19658
-0.245722
-0.333447
-0.167841
3.43415
3.41442
-2.66329
5.32464
3.32627
0.343127
1.34382
1.18228
1.8346
2.04281
-0.545889
-0.515174
-0.292044
-0.128977
3.21322
-2.61669
-2.59674
-2.47149
-2.70078
4.0941
0.518428
0.459836
0.428415
-1.41653
-1.4121
-2.48002
-2.66048
1.02779
0.785531
1.00055
-5.50373
4.79492
2.74177
-1.5503
-1.49882
-1.33244
-1.25648
-1.3337
-1.19938
-1.3881
-1.50161
-1.3225
-1.41461
-1.16521
-1.52783
-1.57756
-1.44964
-1.43031
-1.37648
-1.41427
-1.44982
-1.57892
-1.53987
-1.29385
-1.34057
-1.6336
-1.39146
0.342427
1.5659
1.71205
-4.97072
-2.58109
-1.94664
-1.96885
-2.04926
-1.90351
-1.97121
-2.00897
0.911444
0.699896
0.966944
0.722513
0.721297
0.890431
-2.24891
1.7574
1.75558
1.53545
2.66826
2.78542
2.09469
-0.162109
-0.23847
-0.284081
1.62289
1.42785
1.61015
1.43407
1.46387
1.49754
1.4389
1.3681
1.35492
1.40284
1.38028
1.13947
1.67951
3.13017
3.73031
-0.352151
-5.82933
-1.62059
-1.51415
-1.29889
-1.46758
-1.03202
-1.2104
-1.9616
-2.08789
-2.10327
-2.53498
-1.70187
-1.62309
1.37049
1.17449
4.99404
4.99448
-2.49635
-3.71975
1.63281
1.47942
1.46619
1.52787
1.41465
1.5694
0.830914
0.877428
1.01774
-3.45042
-3.41288
-0.300516
-0.51307
-0.776712
-0.651075
-0.350126
-0.517558
-0.572577
-0.563504
2.42078
-1.25858
-2.58094
-0.50991
-0.495325
-0.648797
1.97387
1.85445
1.27086
1.06614
0.956186
1.1321
1.09165
1.19217
-3.86186
3.10261
2.41528
3.40545
0.296142
-1.70956
-1.6677
-1.27514
-1.50894
-1.59344
-1.64822
3.3429
-2.26512
2.57
3.20016
-2.52637
-2.62446
-2.78916
-2.64602
-2.45756
-2.65743
-2.6762
-2.8569
-0.83563
-0.917272
-1.04323
-0.865013
-1.00726
-0.643029
-0.678325
-0.897244
-0.860694
-0.826876
-0.707527
-0.820571
-0.807057
-0.799685
-0.729541
-2.70608
-2.54926
-2.37451
1.84886
2.04384
2.50332
4.15282
-2.49405
2.18889
2.07764
1.98884
-4.65103
0.576922
0.439641
0.523543
-3.26004
-3.15455
-0.773261
-0.754068
-0.979404
-0.985739
-0.99054
-1.02547
-0.849637
-0.812739
-0.768235
-0.743074
-0.842081
-0.684384
-0.738953
-1.14346
-2.28704
3.77743
4.01776
-1.77675
-1.69419
-1.6797
-1.79097
-1.17944
-1.09231
-1.89198
0.307561
0.27357
0.610036
0.40943
0.408693
0.535713
-0.0297162
-0.0824443
-1.25506
-1.20356
-1.22405
-1.34712
-1.32974
-1.28477
-1.44564
-1.46902
-4.05442
2.57183
-1.61466
-1.65742
1.96273
1.90537
1.55955
1.81291
1.62035
1.75218
-0.544787
-0.438319
-0.538796
-0.477248
-0.48351
-0.44575
-1.47476
3.55529
0.566681
0.659389
0.671844
1.29455
1.10172
1.0803
0.922371
0.789886
0.697353
0.825121
0.838605
0.916107
0.888906
-3.56513
-1.16375
-1.14009
-1.25291
-0.917683
-0.938275
4.21202
0.925284
1.01807
1.06809
-3.03198
2.96582
0.231011
0.265716
0.105185
-0.183037
-0.0860483
-0.153857
0.103446
-0.176777
-0.149939
0.0913004
-0.0408304
-0.0515704
-0.0517994
-0.164476
3.65395
3.60271
-1.96127
1.11831
1.12486
1.2119
-2.91066
-3.85989
0.237941
0.117294
0.132324
0.0583343
0.176736
-0.050197
-0.235029
-0.336979
-5.43035
4.39155
-0.324723
1.31544
-2.27942
-2.36118
2.40246
-3.95411
-3.86809
1.69821
1.72959
0.0669945
-0.270635
-0.171884
2.64824
2.36813
-1.12346
-1.14968
-0.839305
-2.09835
-0.445455
-0.490104
5.02328
-2.18832
-0.139669
-2.44002
-2.56535
-2.2688
-2.59467
-2.56304
-2.49406
-0.821359
-0.924005
-0.699291
0.820681
0.921656
0.0757447
-0.0771145
3.38618
2.80565
0.768173
0.851965
0.947951
0.955213
0.93994
0.957325
0.711531
0.895093
0.895858
0.871118
0.912066
1.35275
4.0956
0.849431
0.813491
0.815386
-3.52115
1.01061
1.05676
5.2694
-1.18727
-1.13026
-1.35811
1.41781
1.29404
1.20838
1.20445
1.3593
1.40411
1.26685
4.46386
-0.0574502
-1.54975
-1.88967
-1.78066
-1.63276
-0.8627
-1.26514
-1.43045
-2.64609
-5.54032
-2.63423
-0.254925
-0.292245
0.624786
0.441632
0.586317
0.480279
-2.44153
-2.17586
0.311257
0.455336
0.282898
0.2255
0.312402
-2.64951
1.41709
-3.81812
0.60767
0.604783
0.830653
-3.46665
-3.65749
2.55911
2.48189
-0.648778
-0.549512
-0.533636
-0.576847
-0.599941
2.01815
-0.450038
-0.376608
-0.529506
-0.561947
-0.529476
-0.47712
-0.713946
1.93177
1.95068
1.76884
1.63087
1.62526
1.88686
1.68085
1.84612
1.77209
1.96991
-2.26914
3.23612
-2.11696
-1.89559
-1.8898
3.51109
-5.47658
0.911323
0.78811
0.861833
0.824102
0.940884
0.912885
0.972317
0.975724
0.856847
6.69658
-0.267423
-0.104155
-0.301098
-0.240558
-0.237599
-0.304137
-0.288029
-0.306124
-0.223628
-0.254879
-0.215674
-0.1569
-0.208434
-0.248954
-0.273148
-0.312412
-0.330825
-0.233825
1.27294
-5.13664
-4.20842
-2.31037
-1.53703
-3.51669
0.600327
-3.94306
4.59952
-3.49171
3.16244
3.6977
0.760614
0.9107
1.01951
2.39194
2.18983
-1.16553
-1.53528
-1.58398
-3.24255
1.78153
-2.80227
-1.9388
-1.85684
-3.66952
-2.93578
2.08092
-3.02329
2.31273
2.34341
1.31596
1.57818
1.64375
2.51975
-0.744236
5.80293
-3.5657
0.634887
0.909772
6.15512
3.62858
3.25562
-2.47319
-2.59521
-2.80424
-2.86358
5.35298
-1.43687
-1.28016
-1.2911
-0.964701
-0.941039
-1.24947
-1.35092
3.5966
3.6633
3.60732
2.66358
-3.26524
-1.2936
3.26713
3.70498
-1.53629
2.0711
0.702374
0.492011
0.784898
0.631294
0.956741
-2.10761
-1.89897
-2.06435
-1.93296
3.74131
0.216994
0.00525399
-0.298322
-0.140179
-0.0927154
-0.118336
-0.124605
-0.211867
-0.275996
-0.244534
-0.208977
-0.113004
-0.0990398
1.88695
-4.50712
-4.03139
1.45471
1.6027
-0.144635
-0.119426
-0.0862643
0.00871117
2.63485
2.75845
2.72414
1.70686
1.6912
1.83329
1.60406
-1.09059
-1.01563
-0.827613
-0.813689
-0.579875
-0.786361
-0.80574
1.40368
-0.257556
-0.20577
-0.323688
1.18771
1.13836
1.07742
-1.4525
-1.15215
-3.72777
-3.79491
-3.57765
2.91868
1.33806
1.20202
1.37969
-4.48806
1.65244
-1.49999
-1.58215
-1.68112
-1.70522
-0.151124
-3.55828
-3.60952
0.521446
0.528672
0.502733
0.443765
0.455305
0.4834
-1.54608
-1.63532
2.90716
-3.13334
4.67777
3.47879
3.49449
-1.20215
-1.23204
3.21458
3.45558
-3.62578
-3.79597
1.64455
-1.14167
-1.28893
-4.91206
0.577243
1.75534
1.97486
2.10813
1.97873
2.10397
-2.23187
-2.19442
-2.16202
-2.11708
-2.25409
-2.26188
-1.77042
1.20969
2.32891
2.39054
2.38447
2.27483
2.32979
0.156097
0.178539
0.0704348
0.136126
0.114451
-1.43103
-1.3356
-1.53356
-1.50541
-1.67571
-2.25458
-2.37489
-2.51796
-2.48095
1.2442
0.565174
0.691662
0.471629
0.488179
0.767124
0.605274
0.612158
0.608557
0.663225
0.652793
0.779988
-0.0763924
0.0254011
0.193225
0.298225
-1.09234
4.23586
3.63868
4.12585
4.05451
-1.76955
-1.58129
-1.5831
-1.56846
-1.70804
-1.76163
-1.7078
-1.76241
-2.1422
-2.18909
-2.90269
-3.21353
-1.51974
-1.34882
-1.64051
1.77608
1.41949
1.57015
1.39457
-0.660553
-0.571963
-0.613146
-0.632633
-1.21386
-1.7021
1.08493
-1.59442
-1.68577
0.0550455
0.0440928
0.0778026
-0.0559323
0.261794
0.227275
0.0637733
-0.141368
-1.24751
-2.47294
-2.16314
4.12141
3.95334
3.06531
3.01368
1.94144
-1.40555
-1.58532
-1.3424
1.40495
1.34169
1.50705
1.71108
2.93211
2.86917
-2.2086
-2.28107
2.72814
2.43007
-2.18392
-2.2281
-2.03266
-1.98566
-2.26787
-4.41
2.35295
-4.97073
-3.04426
-3.02339
-0.880338
-0.655177
-0.379927
-0.62238
-2.56544
-2.09957
-2.46964
-2.57521
-0.360413
-0.323558
-0.399611
-2.41573
-0.268727
-0.283465
-0.476032
5.60586
-0.228746
-0.16333
-0.113891
-3.24607
-1.92777
-1.70436
5.01816
-1.72664
-3.04773
0.799299
0.66332
0.749237
0.835266
0.605488
0.728211
0.694069
2.41547
3.64379
3.43531
-0.328799
-0.334253
-0.60893
5.03322
0.65776
-4.04678
-1.59957
-1.43572
-0.648348
-0.341903
-0.374657
-0.495163
-0.501
-0.553714
-0.466586
-0.647862
-0.6793
-1.50131
-2.99589
-0.318278
-0.273834
-0.319483
-0.404724
-0.417899
-0.303046
-0.478632
-0.315522
-0.267721
-0.0501281
-0.482281
-0.220187
-0.274521
-0.298784
-0.235453
-0.209491
-0.147223
-0.270275
2.70498
2.68737
2.59893
1.47436
1.65425
1.5839
1.58068
1.6001
1.64016
1.54554
1.54504
1.58697
1.64553
1.59621
1.56896
1.47903
1.51986
3.40937
1.61703
-2.46897
-2.42789
-2.98875
4.37146
2.77631
2.72502
2.86384
-3.39431
-2.62328
-2.56257
-2.25483
-2.33438
1.52155
1.77491
1.84217
1.63664
1.67573
1.71144
-3.05901
1.54885
1.53495
1.61885
1.71826
1.62135
0.452242
0.308278
1.59984
-1.25654
-1.20951
-1.18302
-3.55656
-2.70388
-0.978327
-2.95224
-2.69179
-3.47556
-4.67322
-2.59044
-2.40748
1.96014
2.09023
-5.72829
0.33757
0.445603
0.337693
0.243402
0.128541
0.338133
0.223135
0.269643
0.334014
-6.24003
0.0396068
0.0490128
-0.0961376
0.220292
0.132179
2.72961
2.61266
-3.28854
0.951507
-0.554073
-0.572402
0.429117
0.151838
-3.05053
-0.765041
-0.776539
0.813583
2.40275
2.47542
2.29125
-0.782352
2.16295
0.848906
0.804574
1.15183
0.657683
0.936388
0.914822
-5.93749
-0.906479
-1.14321
-1.11209
-1.1088
-1.2451
-1.02009
-1.03623
-1.05831
-0.989989
-1.3129
-2.39752
-3.33913
-0.0577862
-0.185232
-0.321765
-0.170223
-0.428386
-0.554075
-0.321429
-0.279966
-0.302951
-0.469202
-0.1045
-0.230798
-0.11371
-0.177298
-0.215717
-0.220439
-0.125714
-0.444233
-0.450639
-0.440421
-0.480405
1.51018
1.60052
-1.51369
-1.55141
-1.48129
-1.62399
-1.65763
-1.36373
2.13639
2.04211
2.34887
2.19931
2.13174
2.4317
-2.07068
-2.34858
2.65127
-2.25969
-2.3563
-2.34734
-2.20646
-2.18619
3.63296
2.38895
2.22076
0.976572
1.02051
1.07818
-0.141537
-0.00584024
0.00625469
-0.0179061
-2.13718
-2.67507
-2.63247
-2.69353
-2.8361
-2.94361
0.951936
0.00567786
0.251802
-0.0963348
0.0255167
0.109233
0.12085
0.012392
0.0368573
0.141602
-1.80132
-1.91424
-0.694839
-0.881388
-0.772892
-2.18711
-0.279183
-0.0702237
-0.0599749
-0.0728645
-0.0208709
0.0145259
0.0539666
-2.61835
-3.42616
1.57053
1.54119
1.61214
1.61858
1.61225
1.44184
1.55807
1.52922
1.43769
1.7362
1.88225
1.85629
1.98061
2.95805
-2.75344
-2.11222
-2.0973
-2.98081
-2.9007
5.20384
1.67869
1.79734
1.66001
3.79723
3.77512
-0.0469125
0.0791955
-0.126879
-1.06909
-0.619109
-0.526746
-0.646237
4.29436
2.07368
0.554057
0.380735
0.52445
0.223882
0.197841
-3.77249
-1.11173
-1.05244
-1.02392
-1.18235
-0.96302
-1.10034
-1.03612
-0.965449
0.229752
2.17523
-3.63117
-5.33538
-2.98294
-1.22951
-2.02307
-2.30467
-0.823733
-0.0520509
-0.0465374
-0.181259
-0.328907
-0.331061
-0.309305
2.66698
-0.253173
-0.436842
-0.4335
-0.396617
-0.419056
1.17319
0.959796
-5.4027
4.63253
-3.55041
1.15118
1.1555
0.965715
0.9195
2.45979
2.67278
2.62747
2.49548
2.39597
1.09942
0.936411
-2.53972
4.74713
-3.79364
-2.63398
-2.67598
-2.65955
-2.54602
-1.70839
-1.7704
-0.566145
-0.605734
-0.485406
1.68652
-3.48783
0.759533
0.933973
0.602948
0.786078
0.624006
0.486363
0.634298
0.523824
0.38117
0.387723
0.36812
0.691908
0.36567
0.373188
0.41834
2.30625
2.26169
2.44384
-0.710012
-0.892251
-0.907101
0.0884742
-0.153955
0.117762
3.01233
2.22203
2.21632
2.11551
2.40114
-1.57969
-2.92923
-2.97696
0.928712
0.82701
-2.08484
-2.11602
2.85281
-0.0335657
-0.124853
0.0564866
2.68564
1.89824
1.93929
2.04195
1.80337
1.8556
1.81156
-2.22576
-3.92025
-3.73128
-1.36667
-1.34403
-1.33584
-1.35894
2.42843
2.2469
2.34459
2.60953
2.65667
2.54736
2.50399
2.30835
2.55663
2.04294
1.99808
2.01121
2.30854
-0.173652
-0.254172
-0.248939
-0.17401
-1.31468
-1.41924
-1.27473
-1.29767
-1.42471
-1.5542
-1.41032
-1.40922
-1.22096
-1.24466
-1.26973
-3.23739
-2.56538
-2.5142
2.85607
3.91481
-3.991
-2.6259
2.73913
1.51782
1.49167
1.55514
1.58022
1.6389
0.577925
0.685224
0.526176
1.61823
5.57671
-1.54826
-1.66433
-1.55901
-1.35548
-1.34069
-1.52735
-1.42746
-0.225067
-0.219016
-0.398875
-0.367042
0.682589
0.706729
-3.93077
-4.02114
2.80683
2.7653
-2.88416
-2.89328
-0.26276
-0.223179
-0.220301
-0.137061
-0.343003
-2.68396
-2.52134
-2.44645
-2.68401
0.551327
0.640955
0.619946
0.718042
0.577573
0.652436
-1.69149
-1.71715
-2.61258
-2.47007
-2.46799
-2.67891
-3.8969
-4.04309
-4.97712
4.14078
-2.85231
2.48228
2.59689
2.52095
2.38435
2.4788
2.68087
2.34199
-1.29256
-1.47429
-1.42171
-1.16998
2.99483
3.24991
2.56001
0.136566
0.434923
0.0385451
0.349419
0.990187
1.06223
0.980024
1.03579
-3.5847
-3.3082
-4.11734
-1.0439
-1.21793
-1.22562
-0.847811
2.55536
2.59475
-3.91232
-4.16813
-1.87012
-1.54524
-3.74166
2.48107
-3.78883
-0.839886
-1.46302
-1.43718
-1.46149
-1.38767
-1.23579
-1.04039
-1.23435
-1.27599
-1.12668
-1.09894
-1.32386
-1.28533
-0.783338
-1.06913
-1.18948
-1.13386
-1.19789
-1.18645
1.27946
1.4601
1.46851
1.32073
0.607926
0.681628
0.545625
0.687125
2.81951
2.97933
0.109597
2.51016
2.25276
2.64266
2.59952
2.36641
1.93383
-0.199455
-0.217562
4.03096
-2.95565
-1.32071
-1.54259
-1.42109
-1.35244
-3.92656
1.02194
-1.92344
-1.99065
-4.83299
-0.612437
-0.435227
-0.321587
4.87147
-0.463898
-0.528715
-2.45301
-2.46288
-2.50171
-2.23514
-2.19374
-6.42485
0.590688
0.607574
1.52586
1.50772
-0.157814
-0.136964
-0.0836716
0.0378327
-5.02721
3.85398
1.04946
1.09325
1.25918
1.30702
0.714894
0.664281
-1.83385
0.018782
0.0647828
-4.14834
0.274573
1.62605
-2.60218
-4.33253
-4.29549
3.64816
3.52495
1.12697
1.24775
1.32601
1.24451
1.24285
1.46427
1.30239
2.62933
2.64966
2.82209
-2.73928
0.88765
-1.38245
-1.85896
-1.9377
3.49446
0.0307235
-0.0377021
0.118456
0.131771
0.105859
0.083285
0.0415977
-0.13395
0.0380834
0.112677
-0.111763
-0.019795
-0.138037
-1.11733
-1.08992
-0.921376
5.55512
-2.15716
-1.97399
-2.31694
-2.55219
-2.47097
-1.59129
-1.4951
-1.85008
-1.51893
-1.47476
-1.63611
-1.74665
3.42901
3.49239
-4.04458
-3.59176
-3.27648
0.08344
0.131791
1.32876
1.29533
1.33337
1.35776
1.13929
0.836693
0.48006
0.48325
0.495946
0.57684
0.595945
0.451043
0.731393
0.453684
0.489148
0.620538
0.601824
0.512238
0.552138
0.621875
0.624168
0.522867
0.562156
0.707031
0.758152
0.738064
0.556912
0.516806
0.642321
0.808965
0.777731
0.944415
0.750269
0.713833
-1.75479
-1.60561
-4.5883
0.118009
-0.289316
-0.420866
-0.331045
-0.335237
-0.268541
-0.297725
1.69218
1.95999
1.78527
-2.31823
-0.985963
0.147293
0.25864
0.269477
0.146912
0.230739
0.191241
-0.952964
-4.05853
-1.14135
-1.0242
-1.08602
5.00677
-0.918052
-1.14288
-1.07662
-3.74471
-3.85926
2.45414
3.58877
-0.136526
-0.0890146
-0.160349
0.178612
3.68751
1.86797
1.99497
1.84127
3.26026
3.21111
4.40138
-1.68913
2.60574
1.11173
1.07426
1.05382
-1.17106
-0.934117
-1.02769
-2.53174
-0.266624
-0.232092
-1.51089
-1.31884
-1.96109
-2.33221
-1.13217
-1.30083
-1.2143
-0.161757
5.03559
5.29365
-0.275748
-0.272521
-2.4775
2.61172
2.71339
0.888819
0.908942
1.1483
1.21284
1.25278
1.16904
1.02483
1.21609
1.17228
-3.97836
-3.91966
-1.68691
-0.992849
-1.03361
-1.11946
-1.25611
-1.23369
-1.25787
-0.995835
-1.17864
-1.19602
-1.1348
0.713769
-2.38054
3.82605
0.0832639
0.0112936
0.0544501
0.231064
0.165733
0.172728
0.0362818
0.00715195
0.242559
0.155444
0.227193
0.213517
0.193456
0.22269
-2.20964
0.567479
0.537811
0.529074
2.30504
2.46538
2.57374
2.45376
0.743077
0.648487
-1.8338
2.83446
0.48383
0.533428
0.558133
-0.78997
-0.865932
2.57042
2.60267
2.61312
2.72513
2.70172
3.685
-3.15077
0.253886
0.168555
0.242879
0.0990861
0.180607
-0.109129
0.180953
-1.22502
-1.19299
-1.13067
-1.43638
-1.29836
-1.10756
-0.287915
-4.77205
0.131029
0.118129
1.43071
1.57012
1.45599
-0.95727
2.24361
1.50478
1.57126
1.63569
1.72867
1.55055
4.21318
-5.66128
-1.60642
-1.74198
-1.70287
-1.8086
-1.86676
-1.84478
-2.79609
0.993075
0.871724
-0.920642
-0.850246
-0.942184
-0.921965
-0.847002
-0.763547
-1.06501
-0.983858
1.393
-1.15505
-1.17066
-0.920467
-0.969473
-0.967466
2.96667
2.99894
-2.09329
-2.31128
2.94874
-4.02635
-0.0933885
0.0514032
0.152363
0.00189757
0.210997
-0.00565904
0.114059
0.121222
2.66802
0.88703
0.960174
0.828309
0.9966
0.75438
0.811309
0.982016
1.01577
0.96267
1.00051
0.792605
-0.559734
-0.289781
-0.360219
0.941356
0.94767
-4.09863
3.09795
0.329902
0.405843
0.390613
0.238073
0.460089
0.529923
0.326394
0.469617
0.42506
3.58241
-1.10192
-1.21951
-2.86759
3.35251
-3.2061
1.04377
0.0538091
-0.2238
-0.190944
3.07612
-1.87694
5.00535
-3.1698
-3.26518
2.13733
0.956149
0.917939
0.968256
0.75445
0.504009
-0.568814
-0.627978
-1.62584
-1.81992
0.408805
0.664796
0.345428
0.506914
0.628022
0.418234
0.546258
0.621971
-0.700393
-1.79565
3.09519
3.18081
2.97064
-4.0644
0.985977
0.96595
0.945088
0.715438
-2.67248
3.02893
4.38551
0.60975
0.541415
0.627809
0.411272
0.530693
0.646947
0.613093
-2.57752
-2.50786
-2.54966
0.728995
0.736655
4.21322
4.23026
-2.3262
-2.36469
-2.55074
-2.35777
5.89406
4.40165
1.64426
1.75181
1.66514
-1.35182
-1.32041
1.65323
-3.98593
-3.93044
0.87064
0.991725
0.84836
-0.450685
1.43118
-0.76643
-0.815632
-0.722487
0.679165
4.70278
-1.25141
2.13942
2.36799
-1.2699
-1.19663
-1.30769
-1.21292
-1.09904
-1.05311
-1.09408
-1.1224
-1.25237
-1.13019
-0.879835
-0.942426
3.24384
-2.70085
-2.00614
1.33187
1.14151
1.34654
1.58967
1.65481
1.66331
1.58569
1.47332
1.33231
-2.04047
-3.39617
2.93311
-2.40309
0.771139
0.792805
0.918293
0.946923
0.930003
0.845302
0.97116
0.976137
1.17844
1.08399
0.991432
0.893019
1.35859
1.45573
2.93729
3.12077
-4.34948
2.30858
-3.3892
2.00774
1.87822
-2.9768
-3.01724
1.39584
1.2429
1.4216
1.24474
1.36921
-3.5929
-0.0791688
-0.0426097
-0.142519
0.0769559
0.0585274
-0.000643215
-0.232277
-0.10002
-0.183104
0.138068
-0.0961856
0.0632866
-0.0736446
1.04582
0.675012
0.671102
2.1908
2.77388
2.90489
3.19232
3.03164
2.7357
2.99275
-0.0850979
0.129118
0.0720555
-0.089926
-0.131833
-0.0976461
0.687585
0.650754
-0.726513
-1.45914
-0.21826
-0.438284
-0.454616
1.46664
1.08687
0.876889
0.330609
0.436196
0.470457
0.369547
0.418654
0.400451
-2.64073
-0.512379
-0.820416
-0.746115
-1.09887
-1.09883
-1.1226
-0.99512
2.94302
3.43083
1.34252
0.433062
0.32139
-0.394135
4.74972
0.98338
1.10157
-1.09987
-1.28945
-1.22921
-1.0845
-1.16838
-1.18479
1.1727
3.73099
3.4472
-5.85399
-1.04938
-1.17267
-1.67286
-1.62986
-1.5148
-1.49977
-0.235357
-0.171453
-0.070354
-0.132554
-0.0502977
-0.114037
0.000872108
-6.95842
-0.916413
-0.879055
-0.817266
-1.82306
-2.05177
-3.48107
0.4591
0.464076
0.461689
0.421231
0.395888
0.499289
0.409934
0.444655
3.6374
-4.26747
-2.67521
0.948069
1.0508
1.13559
0.888638
0.427601
0.476154
0.314822
0.525707
0.489681
0.400339
2.71585
-2.70081
-4.23131
0.387924
0.328797
3.48842
3.07287
-1.28809
-1.19544
-1.30898
-1.3615
-1.09017
-1.21424
-1.23122
-4.22992
2.45309
2.40276
2.35139
2.2646
1.52206
3.26056
-0.862971
-0.612427
-1.02579
-0.993809
-0.937899
-0.932453
-0.974141
-0.846723
-0.937897
-1.03059
-1.08467
-0.893109
-1.10188
-0.878894
-0.999269
-0.922204
-0.894728
-0.876874
0.517248
-1.99005
-0.92548
-1.09617
-0.794412
-0.812056
-0.828285
2.75428
2.49013
2.62566
-2.22941
-3.04369
-3.47553
-0.041619
0.0682093
0.0522432
0.111288
0.106012
0.236421
-0.131538
0.228059
-0.150655
-0.0277158
-0.00593494
-0.044122
-4.21915
-0.150094
-0.0361527
-0.0183005
0.0384899
-0.112869
0.798919
0.87813
-2.2566
-2.24497
-2.29323
0.0108538
-0.110105
-0.0621396
0.0214736
0.894428
1.17692
0.860955
0.997304
0.959135
4.62473
3.80267
-0.314752
-0.400716
-0.375525
0.108642
-4.58233
-4.44306
-2.08152
-2.25911
-2.1469
2.72627
-1.87019
-1.70045
-1.76491
3.44651
-3.16263
-2.71939
-2.49349
-3.88073
-4.16461
0.992159
-0.387563
-0.448518
-0.371693
-0.347875
-0.427141
-0.37061
-0.617255
-4.23828
0.211152
0.248209
0.330893
0.335496
0.162073
0.269299
0.108912
0.0165515
0.150205
0.136295
0.115733
-1.6011
-0.768465
-2.38799
-2.54675
-2.10683
-2.50667
-2.39228
-2.3948
1.15772
1.20615
-0.680696
-0.700877
-0.80376
-0.530558
-0.821519
-0.648213
-0.540872
-0.685838
2.22977
-0.575257
1.74738
1.88615
1.64865
1.64393
-1.24442
-1.17894
-1.25745
-2.94314
-1.68736
-1.69238
2.24587
-0.687656
-0.449213
-0.590231
-0.324655
-0.341735
-0.606758
0.351618
0.342387
0.298776
-1.01341
-0.96786
-1.00612
-1.10216
-1.11493
-1.15947
0.149325
1.12103
1.1058
1.15409
1.17822
-0.286264
-0.130209
-0.0768223
-0.366148
-5.06436
3.29769
3.48811
0.974727
1.2173
1.66708
1.63928
1.69455
1.41369
1.51965
1.49093
1.61446
1.97041
1.94699
-1.75902
-1.54757
1.90435
2.06506
2.00688
2.06727
2.54581
0.813082
1.23075
-2.13808
-2.24333
-2.30296
1.86
-2.32025
-2.02269
-2.26955
-1.26894
-1.16721
-1.40157
-1.19523
-1.36216
-1.2846
-1.30616
-1.46001
0.371423
0.133684
4.95564
3.75297
-2.78464
-0.768907
-0.835475
1.67168
-2.85107
1.59461
1.78208
1.63401
1.62442
1.69099
1.80156
1.89419
3.11978
3.18459
-2.98032
-3.21858
1.69198
4.07724
0.784911
0.770464
0.864241
-2.21385
-0.480069
-0.48614
-0.391784
-0.450019
-0.484833
-0.332599
-0.377112
-0.31047
-1.23092
-1.43587
-1.12196
1.29161
0.519299
-4.00485
1.82785
-2.90581
-2.87875
-2.61624
-2.8375
-2.84942
-2.74292
-2.74947
-4.06144
3.22823
0.832153
0.715255
0.751796
0.745161
0.767179
0.822332
0.81913
0.878211
0.81307
0.659492
0.614075
0.818538
0.759079
0.778596
0.726297
-1.71899
-1.82139
1.71266
2.02473
1.68569
2.81043
3.06686
2.99929
0.428365
0.325372
0.427082
0.139315
0.117528
0.22832
0.271104
0.0655745
0.366874
0.186297
0.162141
0.117854
0.266351
0.578909
0.0550041
0.289119
0.171384
-1.15393
-4.57467
3.3159
2.81758
-3.23826
0.657092
1.49576
3.10233
3.26907
3.02729
4.52379
-1.37791
-1.41389
-1.19353
-0.22811
-0.332253
-0.202449
-0.205562
-0.305426
-0.263142
-0.365604
-0.378723
-0.408603
-0.462347
-0.28152
-0.142357
-0.0953401
-0.276246
-2.41819
-2.4471
0.906616
0.869802
0.892291
-2.42362
-2.45514
-2.45785
-2.3463
-2.45053
-2.56141
-2.39499
-2.32739
-2.37731
-0.922424
-0.95263
-0.925672
-0.744822
1.47405
-1.06779
-1.01452
-0.928892
-1.07439
-1.14089
-0.551271
1.1999
1.29094
2.38656
2.25449
2.33774
-2.69508
-2.56523
-3.57118
3.40039
1.736
-0.0246329
-0.141468
-0.0899797
-2.14555
-2.22524
-2.02365
-1.93007
2.01768
1.90962
1.89743
2.17075
-4.11784
0.950285
0.957845
1.02213
0.983791
0.886288
0.978428
1.00316
0.17222
0.0163512
0.146853
-0.0218286
0.131173
0.0337682
0.0696894
0.0840875
-0.0760163
0.226412
0.190939
0.239274
0.0843268
0.0629552
0.104344
0.127549
0.227636
-0.11014
-0.122083
-0.134075
-1.78017
-1.96194
-1.89672
-1.88619
2.27862
1.49879
-3.61717
-3.13624
-3.11173
1.28866
1.28238
1.17475
1.08171
1.30653
1.1262
0.988083
1.00519
0.869778
1.0163
1.1102
1.35421
-2.63722
-4.07704
0.154706
0.053069
0.0745283
0.0964033
0.311403
0.132949
0.201333
4.51235
-0.0971878
-0.0253946
0.00774589
0.0183426
-0.147806
-0.129289
0.0696671
0.0261338
0.168453
0.0542679
-1.08609
3.41165
-1.97156
-2.0981
-1.61469
-1.71561
-2.43411
-2.28638
-4.54311
2.12062
2.25795
1.04458
1.20979
1.05314
-3.20437
-3.33629
-3.39536
1.83793
1.88883
1.78098
1.77263
1.90635
1.92891
2.27709
1.76658
1.95763
1.87282
0.665985
1.28936
-1.56154
0.738863
0.437619
0.333493
0.25993
0.212527
0.460123
0.28523
0.414219
0.378236
-1.91626
-2.60025
1.01102
0.825332
1.0455
-1.13985
-1.02545
0.771341
3.05869
2.76841
-1.62432
1.10158
1.19672
0.957949
-4.58197
1.26804
1.21057
1.47443
-3.09661
2.67721
2.66589
-2.80802
-2.6353
-2.84344
1.46773
1.75107
1.83378
1.8915
-1.52237
-1.37295
-1.3297
-1.53332
-1.45676
-1.21614
0.128088
-0.0377211
0.0284374
-2.999
-2.9548
1.85084
2.825
2.94795
0.0623255
0.112403
0.102888
0.743874
-1.62733
-2.24068
-1.64156
-5.95087
3.50452
-0.982486
-0.999883
-0.865487
-0.932368
-1.19496
-1.11066
-0.890301
-0.939237
-0.757184
-0.833267
-0.859312
-0.895225
-0.842993
-0.695315
-1.09393
2.1546
2.19078
2.22798
-3.82817
3.18197
0.566408
4.01244
-1.49613
-1.52113
-1.49751
-1.41202
-1.64322
-1.76577
0.0145569
0.0561684
0.149412
0.0229905
-1.67423
-1.60131
-1.80796
-3.9559
0.400229
1.49361
2.01774
-3.12782
-2.11033
-1.98934
-2.08923
-2.18109
-2.10206
-2.05886
-2.16495
4.38139
2.3575
-3.62702
2.39458
-0.313042
-0.412555
-0.397472
-2.08803
-1.6229
-1.57193
3.90437
2.94548
1.21087
1.35852
3.41727
-2.17709
-2.16956
0.392689
-0.0474297
-0.0412103
-0.254031
-0.464334
0.00582196
-1.90513
-1.90359
-2.993
-2.82876
1.07928
0.72515
0.154033
0.311918
1.26836
0.863923
0.946965
1.08796
0.779688
0.758603
0.783124
0.918509
0.852701
1.97749
1.22704
1.16722
1.13211
1.37275
-0.116796
-5.295
-2.36473
-0.436407
-0.351089
-0.248432
-0.395934
2.11248
-0.674866
-0.659877
-0.510017
-0.487536
-0.516883
-0.605109
-0.577025
0.987629
0.983038
0.996418
1.11027
-0.0398945
0.0745999
2.78423
1.46923
1.55594
1.58872
1.31235
-3.79801
-3.84054
3.36109
-1.24346
2.15809
2.06181
2.1987
2.19643
1.80601
1.75147
1.94927
-2.50419
-2.14858
0.708249
-4.83503
-2.55806
-2.62066
-3.44305
3.27109
-4.47883
5.61607
-3.25286
-3.2783
-3.12416
0.37466
0.87723
0.63535
3.82992
0.664563
0.544402
3.9743
-2.85779
-2.80883
-2.98795
-2.8663
-0.044687
-0.164428
0.151415
0.404727
0.200647
0.185769
-1.28655
-1.22934
0.45163
0.544458
0.547699
5.12406
-0.996938
3.20955
-1.42953
-1.14556
-1.37018
-1.21549
-0.994798
-1.06359
-1.17969
-1.14095
-1.27881
-1.13807
-1.09377
-1.23819
-0.919134
-1.06437
2.60459
2.0506
0.245725
0.309788
0.344022
0.37324
0.261222
0.228184
-2.18543
-1.43368
-1.43046
1.56814
1.62288
1.36017
0.0325954
2.44468
2.53495
0.0309134
0.0544348
2.95833
3.10027
3.07269
2.85671
2.69939
3.0037
2.649
-3.07283
-3.04055
-2.94725
-3.14302
3.8789
2.83134
-0.0784201
0.0735287
0.00439134
-0.125305
0.0467327
-0.0369492
-0.224014
-0.207689
-0.221953
-0.0496866
-0.268371
-1.10504
-1.1397
-1.02434
-0.939892
-3.39254
-3.53377
0.12352
0.135246
1.68851
1.69857
-0.428993
-0.289157
-0.326479
-0.205728
0.020011
-0.163736
-0.129343
-0.248317
-0.17644
-0.257054
0.0237111
-0.0144082
-0.138157
-0.130664
-0.000743776
-0.0998888
-0.135517
-0.171271
-0.37928
1.90214
1.68983
1.78116
2.7755
2.71786
2.78863
1.9088
1.81967
-2.85692
4.24983
-4.51815
-2.9408
0.271942
-0.601616
-0.572559
-0.440363
-0.277331
-0.187289
-0.0164519
-0.228806
0.883054
0.75175
1.82197
0.182402
0.306171
0.0826608
0.115919
0.0742589
0.145184
-2.14913
-2.02137
2.72867
2.61211
2.68582
2.95462
-2.28304
-2.36645
-2.41432
-2.73407
-0.469275
-0.580819
3.49429
3.36078
2.42916
2.23072
2.13108
5.23468
-2.25924
-2.06131
-2.0797
-2.12479
2.46852
2.47186
2.55657
2.62325
-3.69661
4.4118
0.0405801
0.142429
0.0907262
3.37716
3.27214
-1.39289
-1.3112
-1.30381
2.05474
2.07728
-0.8284
-0.851302
-0.842513
-0.829472
-0.610159
-0.0550939
-0.0519176
-0.0198807
-0.0216298
-0.20061
-0.266639
-0.190308
-0.137962
-0.245866
-0.278691
-1.16942
-1.20688
-0.978301
-0.0345374
0.0373335
0.248505
0.23697
3.2097
2.99542
2.83444
2.7486
-1.12023
-1.06632
-1.09615
-0.517117
-0.432928
-0.452673
-0.308653
-0.420002
0.503079
0.641511
0.531256
0.315349
3.47831
3.86182
-2.27655
-2.41247
-2.24671
-2.28449
1.97661
1.97443
1.83949
-4.10691
-3.99603
0.705028
0.523645
0.565115
0.61839
-0.274425
-0.468088
-0.255049
-0.146329
0.99904
0.867228
0.876199
0.554028
4.0095
0.958322
1.49199
1.47349
1.88675
1.65629
-1.57496
-1.50118
-1.57365
-1.52791
-0.0659759
0.0114677
-0.161331
-0.0875793
0.12985
-0.0290105
0.00933201
-0.0505349
0.0334241
2.83713
2.76068
0.0319048
0.133968
0.0640224
0.11148
0.0323849
-0.0818571
-0.129618
-5.12093
4.38087
5.5185
0.383074
-2.92624
-2.86279
2.5187
2.65871
2.80325
2.27514
2.11023
2.67067
-1.28201
-1.05588
-1.07478
0.659422
0.686026
1.26471
0.938183
1.04997
0.716465
1.0987
0.920663
0.829938
0.87148
0.610658
0.709233
-0.483874
-0.532083
1.98631
1.67207
1.75376
1.85453
-4.31654
1.58701
1.52096
1.50206
1.57029
1.63054
1.67224
3.58471
-3.52691
-5.21948
-3.89276
-4.33237
2.17941
2.20901
3.66323
3.57131
-2.59216
2.14154
2.25957
1.8177
2.14544
1.97539
2.25988
3.6336
3.85626
-2.1127
1.16771
1.5768
1.7825
1.76503
-1.41645
0.782831
0.972493
0.0628521
0.0479656
0.0150888
-0.0698207
-0.0556424
-0.0614565
-0.318125
-0.192229
-0.145336
-2.27418
-2.09313
-1.95364
-2.04169
-2.01084
-2.15141
-2.16891
-2.09334
3.34421
2.3793
0.643419
0.815741
2.02213
2.0592
2.02866
2.14022
-2.92955
-2.90748
-2.76671
-2.89516
-1.65142
3.38886
-4.10017
-2.91876
0.441388
0.0954044
1.73299
1.54399
1.83006
1.8051
1.60331
-4.7741
0.66353
0.884317
0.668073
3.80001
3.85064
4.38777
4.29652
-1.63058
-1.64439
-1.9391
-1.50829
-1.61167
-1.53622
-1.49661
-2.91749
3.0708
-3.66823
-0.0815733
0.079087
-0.00698647
-0.0299684
0.0355904
-0.0780328
-0.0534027
-0.0686021
-0.0685315
-0.179209
-0.0741907
-2.86094
-0.634812
-0.643541
-0.704445
-0.611312
-0.589818
-0.829137
-0.651616
-0.996597
-0.681278
-0.783536
0.426523
0.40564
-0.0137665
0.045628
0.28861
-0.794711
-0.812663
-0.768115
-0.640447
-0.73588
-0.825236
-0.712399
-0.668052
-0.93176
-0.70118
-0.758202
-0.816825
-0.715952
-1.20758
-1.01686
-1.09291
-1.97296
1.11845
0.89323
-2.9806
-2.9526
3.07558
-0.633224
-0.840013
-0.513977
-2.97914
-0.203161
-0.0911246
-0.0873292
-0.202688
-0.254828
-0.263253
4.83663
-4.119
2.65342
2.69076
1.50411
1.41058
1.41171
1.43638
2.17541
-1.66186
-1.51014
-1.65817
-1.53008
-1.66038
-1.55121
-0.162712
-3.14292
-3.35244
-0.274329
-0.233084
-0.266575
0.0948739
-0.39773
-0.758632
3.19175
3.1434
-2.9966
0.367479
0.440412
0.35038
0.368778
0.375909
0.203874
0.234709
2.46278
2.28386
2.14033
-4.16754
3.10739
2.90885
2.99016
-3.93735
2.40695
2.20663
1.8244
1.92069
-4.13901
-3.2963
1.4139
1.437
1.30673
0.0753258
-0.0537061
-2.91439
-2.70718
-1.06683
-1.06976
-0.76976
0.443969
4.22785
-4.1462
3.42379
0.297008
0.536232
0.543458
0.4872
0.316368
-1.12628
-1.34977
-1.42061
4.64841
-1.76999
-1.69833
-0.431545
-0.339288
-0.208138
-0.0366618
-0.0614413
1.72315
2.10656
1.7721
1.43904
0.36572
0.783019
0.881979
0.966909
0.928541
0.969737
0.895472
0.921828
0.958026
1.15734
1.15458
0.740499
-0.73378
-0.453358
-0.348835
-0.413207
-0.401296
-0.885869
0.33394
0.326762
0.334199
0.311606
0.235725
2.75062
2.81787
3.03004
1.46118
1.46191
1.32326
-2.23058
1.91012
1.94556
1.93849
-4.97714
1.61081
1.34422
1.36296
1.33219
1.33598
-2.8813
-2.88236
-2.04822
3.71903
-3.75047
1.62963
1.36238
1.74036
1.60749
-3.26493
-4.13545
3.00248
-2.33666
-3.85153
1.85736
1.87369
-1.73055
-1.69312
-1.75197
-1.65095
-4.46864
2.02763
0.894379
1.02457
-0.510482
-0.675922
-0.484392
-0.34477
-0.519779
-0.449362
-0.428457
-0.466074
3.70556
0.649531
-3.66495
-2.94634
-2.2171
0.898699
0.935815
0.832777
-0.536086
-0.811635
-0.774141
-0.635772
-0.900122
-0.802501
-0.403437
-3.41829
2.47156
2.41637
-3.86629
2.17314
2.76601
-3.36572
-3.36117
-0.906299
1.07297
3.16163
2.91806
-2.40886
-2.75957
-2.78377
-2.90855
0.496417
-0.397057
-0.430359
-0.286406
-0.375575
-0.40313
-0.148484
-0.439881
-0.277716
-0.523543
-0.698212
-0.621468
-0.790036
-0.889221
-0.95122
-0.755975
-0.935696
2.3223
2.12733
2.0695
-0.703209
-0.655573
-0.687455
-0.735384
-0.493474
-0.646983
-0.618099
-0.549366
-0.619423
0.639356
-3.68926
1.62601
1.4346
1.79054
-1.53075
-1.5099
-1.6974
-1.59178
-1.57829
-1.52828
-1.51893
-3.35582
-3.54319
-0.115504
-0.135811
2.78006
2.82666
3.17217
3.11778
2.55256
-2.69625
-2.31678
-2.13272
-1.97428
-4.13327
0.703793
0.613867
0.671547
0.711485
-0.65151
-0.750476
-0.793451
-2.17284
2.53375
2.46157
1.04161
1.02655
0.651784
0.859316
1.54045
2.40552
2.31286
2.25472
2.28603
-2.96912
-0.0577745
-0.0103341
0.0138335
0.0592763
0.907925
-1.04987
-0.964154
-1.11588
3.66
3.72785
0.635964
2.14283
-2.1884
-2.25789
-2.30434
-1.26264
-1.01601
-1.17394
0.416984
0.0838935
0.0284947
-2.57252
-2.24355
-5.37092
0.103425
-0.0238964
-0.00276546
0.431436
0.336237
-0.349309
-2.19621
-2.36337
-2.10212
-2.03
-2.17754
-2.21179
1.42259
1.63787
1.5975
-0.89197
1.21889
-4.8163
0.148668
5.11875
-3.18818
-4.5235
0.288369
3.70401
0.0624757
0.0885645
0.314514
0.321561
0.330757
0.353648
0.368391
0.372342
-0.0822823
-0.319853
-0.167792
-0.248708
-0.164247
1.77343
1.55438
2.21545
3.30303
3.37782
3.29609
-0.893244
-0.952121
-0.847812
-1.46857
-1.65945
1.58724
1.44876
2.60354
2.42589
2.69591
0.754101
0.554525
-2.17339
-0.985353
-3.43481
4.80761
2.97302
2.63375
2.57268
2.51128
-2.07732
-2.31613
0.10496
-2.14611
-4.31818
2.85424
2.34553
2.50195
2.63972
2.34582
0.103648
0.178342
0.0839813
0.0243905
-0.0387394
-0.1013
0.113877
3.21044
2.95155
1.48487
-1.6132
-1.9278
-1.82893
-1.75438
-1.67358
-1.71286
-1.72827
-1.72774
-1.96045
-1.71947
-1.50488
-1.81637
4.24698
-1.10914
4.70621
4.41641
-1.81377
-2.08992
1.09792
1.09175
1.23126
1.09652
3.46373
3.3392
-1.92226
-1.63145
1.27063
-0.674625
1.87561
1.90086
1.9951
1.96989
0.288897
0.127951
0.0242351
0.0629396
0.283504
0.0200407
-0.0446709
0.220762
0.112333
0.150665
-0.206238
5.23429
3.44174
3.39681
2.66701
2.88896
-0.425705
-0.32661
-0.368053
-0.382484
-0.473091
5.79366
1.41531
-1.92444
-2.08485
-3.13805
3.82007
3.58767
-1.43517
-0.629639
-0.677207
-0.690026
-0.673574
-0.95636
-0.162433
-0.132024
-3.15897
-4.95282
3.7417
1.10357
-3.28344
1.08616
0.902174
-0.40765
-0.207499
-0.346902
-0.28589
-0.198497
-0.260052
-2.91492
2.37992
0.419182
0.956777
0.710241
0.808192
0.718714
0.703257
1.65262
1.56137
-1.66487
-1.71078
-1.74462
-1.69105
0.913623
1.03267
1.04649
1.75775
5.20553
-0.470832
-0.539162
-0.54031
-0.289367
-0.356639
-0.274422
-0.44865
-0.433268
-0.326488
-0.311478
2.40125
2.18308
1.6151
1.56487
1.48355
2.58315
-2.51457
-2.60694
-2.45615
0.705654
0.663509
0.473934
0.485248
0.469094
0.600387
-0.786381
-0.630256
-0.579355
-3.79942
1.37932
-3.06388
1.56345
1.53643
1.63092
1.60909
1.75492
2.26436
2.32857
1.86549
2.38013
2.40643
2.42376
2.19704
-2.83921
-2.82135
-1.04589
-1.19013
-1.16226
-1.16421
-1.11097
-1.04155
-1.32993
-1.33468
2.40635
2.33132
2.15276
1.90799
1.89212
-5.38405
0.779235
0.406567
0.487308
0.69318
0.180174
0.22498
0.249253
0.18547
0.366625
1.02693
-2.58128
-2.44524
1.82452
1.69697
2.02068
-0.675397
-0.568836
-0.652604
-0.61056
-2.94102
-3.19356
-3.10264
-3.09136
-3.18887
0.879324
4.24897
-1.36471
-1.32332
-1.51539
-1.27026
3.82837
2.6631
2.50859
0.259732
0.230959
0.192669
0.496055
0.300175
0.439437
0.439103
0.402832
1.40886
2.52093
2.63255
-0.253765
4.47079
3.21784
-2.68601
-2.36367
-2.47216
0.766641
0.86512
2.25228
2.18099
-1.80162
-1.91722
1.48216
1.51661
1.19802
-1.25503
-1.11461
-1.1747
-1.2881
-1.37487
-1.45881
-1.34478
-1.41017
-1.40246
-1.33608
-2.36026
-3.56177
-3.46011
2.0424
0.216987
0.204199
0.211778
0.20707
0.19804
0.275335
0.30262
2.89679
3.1486
-0.430557
-0.912782
-5.25983
-2.54833
-2.51471
1.80174
1.9542
2.03054
2.52002
-3.35251
-2.72914
-2.8041
-3.62234
1.21765
1.24401
1.11937
1.09963
1.33636
1.22122
-4.04949
2.37219
2.27512
-1.89219
-1.90188
-2.07564
-5.01482
2.1904
1.98784
2.93696
-1.49234
-1.44719
-2.83215
-1.7186
1.35475
2.38965
2.21139
2.21235
2.80639
2.73372
-2.62282
-2.35481
-2.31857
-3.08707
3.21449
-2.5764
-2.65007
3.98888
-0.211415
-0.451902
-1.77692
-1.84868
0.014323
0.221174
0.0488607
0.201116
-3.04532
-2.82658
1.9598
2.0174
2.07196
2.16656
0.45375
0.763135
0.877569
0.384466
0.348079
0.529086
0.306923
0.372283
0.448478
0.418271
-0.861419
-0.866049
-2.40102
-3.32327
-3.17527
-4.12073
-1.38985
-1.56337
-0.27918
-0.114869
0.0152602
0.0341658
-0.0182355
-0.00433476
0.0384918
0.00863269
-0.406312
4.39342
2.45838
0.866254
-0.085533
-0.1403
-3.12326
-3.17207
-3.18856
4.31986
4.26227
1.08844
0.869814
0.806276
0.842165
1.02616
1.02153
-0.262001
-0.36278
-0.962111
-0.930257
-0.972012
-0.874376
-3.33995
-3.3566
0.9079
0.907292
0.791933
0.615281
0.721204
0.762813
-0.224303
-0.314765
-0.275456
-0.362644
-0.425054
-0.434404
-0.23705
-0.485428
-0.14781
1.91427
1.84809
1.78909
1.94685
2.18376
2.23767
2.50771
1.17511
1.34363
-4.04225
-3.3035
0.735017
0.808357
0.590387
3.07744
1.32487
1.44747
-5.33306
-4.10918
2.72298
2.58743
2.32988
2.48572
2.52406
0.945794
0.675617
0.898766
0.766444
0.795617
0.644148
4.89162
-0.708259
-2.16014
-2.02088
-2.02614
-2.37868
-2.01566
-1.99982
-0.0803878
0.0475773
0.374533
0.610842
0.437981
0.427421
0.567533
0.507179
3.60962
1.59708
1.37405
1.44176
-3.76211
-3.55332
1.31043
1.41636
-0.86883
1.55477
-2.17587
-2.06035
-2.23732
-2.06215
-2.5674
-2.15255
-2.11059
-2.32473
-1.97298
-2.10899
-2.02001
-1.9347
-1.27542
-1.30103
-1.27085
-1.48657
-1.51586
-3.99458
2.00925
1.94391
2.61208
2.49542
-0.798221
-0.891979
-0.974518
-1.01778
2.91571
1.45916
1.45818
1.39429
1.24903
1.14187
-0.343559
1.92214
2.00655
-3.27998
-2.75352
2.02718
2.11596
-1.90886
0.00541495
-0.0264222
2.56477
2.29823
-2.05027
-2.01244
1.54657
1.31352
1.252
1.28096
1.53756
1.35815
1.22134
1.25692
1.15652
3.38227
3.36957
4.118
1.47739
1.42221
2.36592
-3.85667
1.84919
3.13431
-1.82722
-2.07927
3.56721
4.79663
-2.72516
-1.54005
-1.50771
-1.8108
3.83754
-2.18035
-2.20875
-1.94683
-2.09012
-2.06029
-2.19513
-2.46508
0.317875
-0.0375434
-0.108047
-0.155434
4.01003
1.77724
2.28397
1.75374
-4.24391
-4.40646
-0.121452
-0.26365
-0.270977
-0.298868
5.60485
-2.67462
-2.77586
0.413393
0.379223
0.628004
0.662585
-3.29374
4.07954
-0.402269
-0.415973
-0.444752
-0.667998
-0.508172
-0.624696
-0.482841
-0.550663
3.1378
3.05332
3.42858
2.61039
1.9348
3.09152
-2.83062
-4.02062
-3.19808
-1.89559
0.773123
0.754656
0.943613
1.00533
0.93631
1.05328
0.893161
0.829619
0.814668
1.12831
1.12294
1.05511
3.59887
2.00832
2.1303
-1.58508
-1.60279
-1.77276
-1.58319
-1.84567
-1.95435
-1.97043
-1.7615
-1.76644
-1.55502
1.79919
2.04532
-3.96176
-3.29908
2.03214
5.27903
1.58564
1.67371
1.71429
1.78499
1.14698
1.19275
2.40321
2.22489
4.76778
-4.26006
-2.89564
-1.20843
-1.25757
2.66848
2.75658
3.70607
1.31845
1.68039
0.512156
0.534454
0.663873
-1.18627
-0.846113
-1.32789
-1.10502
-1.02252
-1.30404
-1.26226
-1.27435
-1.24762
-0.456235
-0.585013
-0.448602
-0.60833
-0.387575
-0.600846
-0.507288
-0.544624
-2.291
1.41548
-0.550666
-0.462672
-2.6961
-3.0003
-0.741567
-0.876763
-0.900273
0.952843
0.671115
1.45195
1.67102
-0.166631
-0.111379
-2.34574
-2.20249
-1.76286
0.989614
-0.791039
-1.00063
-0.806239
-0.86494
-0.946549
-0.95898
6.38224
-1.67563
0.0791587
-2.47626
-2.7607
-2.73154
0.487403
-1.8496
3.52912
3.74607
3.65097
-2.68296
-3.17032
-2.94919
3.84235
-1.68434
-3.76668
-2.21451
-2.13382
-2.20998
-0.202739
-0.329397
-0.14466
-0.318599
-0.365179
-0.223227
-0.153972
-0.134011
-0.0835061
-0.156215
-0.0551891
-0.0652249
-0.0903277
-0.284106
-0.0731166
-0.288025
-0.260238
-0.449293
-0.350848
-0.232433
3.87795
-2.54018
-5.08588
-1.86924
-1.88052
-1.04773
-0.878858
-0.802747
0.156583
-2.33894
-2.18166
-2.0913
-2.16245
-0.0231562
-0.0101925
-2.41729
1.27617
1.44186
0.659085
1.3595
1.24131
1.06663
1.23772
1.05584
1.22706
1.34089
1.35656
1.21701
3.82497
0.653036
0.330773
1.67794
2.5706
2.48245
0.978132
5.06
4.05587
-1.28215
-0.992469
-1.19081
-1.1429
2.04201
2.34826
0.588722
-0.780723
-1.70807
-3.89888
-3.53012
-3.73334
-0.598819
3.79177
3.58687
3.40918
-1.29387
-1.43342
-4.14848
-1.58671
-1.31934
-1.3724
-0.305663
2.72053
2.41721
-2.64505
3.84163
-0.0532557
0.064155
2.89952
-3.433
-3.09652
-3.28368
-3.01369
-3.15132
0.593354
0.430292
0.447741
-1.61198
-1.65967
-1.69258
2.23661
2.08104
-0.691065
-0.606305
-5.77079
4.07669
4.01182
6.03508
1.02903
1.12816
1.28877
1.3294
-1.00765
-1.05697
-0.880243
1.98272
2.01638
-3.23121
-2.56419
-2.62718
3.89203
3.30528
0.0154011
-3.5985
1.78296
3.08823
-3.08385
-2.96383
-1.61273
-1.6241
-1.80213
3.61999
2.0556
-3.50934
-3.46243
-3.73016
-1.05982
0.4061
4.59206
-1.34052
-1.34418
-1.22906
-1.47557
-0.826929
0.172692
0.188398
0.121896
0.193737
0.0711882
0.0188944
-1.01722
-1.10148
-0.861792
-1.03385
-1.06243
-1.07091
-1.01666
-0.995718
3.60275
1.80847
2.12883
1.75377
1.70603
-0.463249
-0.354151
-0.386259
-0.469683
4.80305
3.01075
3.461
-3.16646
-3.29382
2.68615
-0.750193
-0.68456
-0.667413
2.63679
-1.9476
-1.8058
1.79958
1.92307
1.79629
1.85899
2.06269
1.95578
0.986909
0.874048
0.894752
0.88556
0.807232
1.09903
1.10867
-3.02968
-2.86157
-2.40725
-2.38681
-2.33954
-2.30238
-1.70675
-1.5058
-1.74761
-1.54772
-1.50726
3.50167
-0.524727
0.566275
0.605731
0.649706
-1.84273
-1.84081
-2.17535
-2.02323
-0.989821
-1.03319
-0.891417
-1.2158
0.558951
2.62162
2.6449
2.53104
-1.91501
-2.01295
-3.05454
0.139619
0.496247
0.789161
0.816516
0.784336
0.597104
1.17901
1.17019
1.22896
1.21925
1.15858
1.22846
1.2819
1.25337
1.76741
1.60716
-2.10973
-2.09247
3.3751
3.80346
0.0383351
-0.150026
-0.174135
-0.185773
-0.0500898
-0.0904392
-0.116336
4.09824
-0.992838
-1.34966
-2.38051
-2.42859
0.295528
0.398207
0.263971
0.3654
2.89085
4.36131
2.47265
0.87565
0.836055
3.95206
1.29032
1.18465
1.17605
1.29645
1.04525
1.1763
0.970961
-3.34706
5.39087
-1.47515
-1.59122
-1.60089
-1.3617
-1.3696
-1.3218
-1.22174
-1.65103
-2.28375
-2.39757
1.71656
1.84576
-2.2319
5.04539
3.08433
-3.96537
-1.33315
-1.42164
-1.54731
-3.19833
-3.05949
-4.70327
-1.14993
-4.31029
2.98078
3.01811
3.13105
3.25965
3.51594
3.10379
1.52125
1.67634
1.66811
1.75189
1.7727
-1.81806
-1.7213
-1.79391
-1.8878
4.65356
-0.990348
-1.0715
-1.05487
-1.28167
-1.1111
-0.99096
-0.952466
-0.817841
-1.19866
-1.19033
-1.06199
-1.15004
-1.18332
-1.25035
4.38124
-0.158322
-0.117078
-0.165307
0.055771
-0.0186704
0.0232119
-0.596985
2.85934
2.5215
0.655871
-3.93733
2.48807
-3.62035
2.86971
1.18037
1.01051
0.890791
1.03344
1.19558
1.11288
-1.1128
-1.11714
2.1054
2.07072
2.00469
2.14614
2.23698
-0.684497
-0.585124
-1.38882
-1.23733
-1.12314
-1.34624
-1.5057
-1.25082
-1.15728
4.13704
-5.22102
3.05969
-3.03906
-2.76402
3.4628
-2.39961
-2.61498
1.05093
1.10396
-3.57979
-2.13606
3.77832
3.58983
2.02466
2.05647
1.70492
1.32437
1.22349
1.38975
1.38306
2.22613
2.12545
1.9337
1.97125
1.93891
2.02166
2.2149
-0.472545
-2.25214
-0.909896
-0.0575894
-0.304895
-2.51942
-1.96438
-0.763992
-4.13449
-4.13484
1.87785
1.8277
1.86661
-0.428409
-0.397545
-0.558739
-0.100058
-0.234024
-0.212713
-0.0540492
-0.0791719
-0.019936
-0.194733
-0.85089
-0.852765
0.993942
0.898585
0.904743
0.966992
0.956472
0.83728
1.03206
2.71792
0.800249
0.852454
0.997378
1.00961
0.978469
0.913494
0.860741
0.845028
-0.562048
1.36929
-1.75045
-1.76471
-3.20968
-0.621466
-0.393212
-0.779857
-0.987068
-0.909239
1.27101
1.35625
1.31425
1.47188
1.21798
-5.03887
-3.47497
4.83482
-0.0242417
-0.0147984
2.14274
-0.226007
-0.19066
1.35307
1.24684
1.26519
1.16053
1.26848
0.581473
0.681722
0.678631
0.68319
0.730718
4.77962
-2.21869
-2.30401
-0.795934
-0.671566
3.59113
-3.04525
-1.87356
-2.25013
-1.92403
1.67124
1.4784
1.61401
2.78081
2.79985
-3.40687
-6.47908
2.04168
0.0892159
0.14608
-0.0147189
0.0116321
0.00491093
-0.857038
-0.857597
-0.761819
-0.629858
-0.770958
0.217819
0.448354
0.313448
0.366168
0.389739
-0.83248
-0.910865
-1.00385
-0.745247
0.871008
0.978432
0.893202
0.883713
0.952428
1.80044
1.89476
2.10281
1.86651
1.92024
-0.656089
-0.662763
-1.32172
-1.48688
-1.48494
-1.38155
-1.44832
-1.46202
-1.43699
-1.49929
-0.134216
-0.137305
1.3701
1.09051
1.24537
1.34402
1.52149
1.40808
1.41564
1.4244
1.35469
1.17358
1.40678
1.48618
1.05847
-1.41719
-1.43899
4.06356
-0.0986267
0.00473709
-0.0399267
-0.00609465
0.0979556
0.014465
-1.34765
-1.4102
-1.51291
-1.27836
-1.36977
2.49054
-1.02062
-1.15938
-1.06355
-0.927228
-1.04324
-1.0399
-0.988677
-1.05081
-0.983483
-0.966628
-0.985407
-1.0405
-0.900109
-0.96816
-0.864237
-5.77832
-4.55001
-3.54344
-0.655478
-0.911003
-0.803842
-0.823308
-0.85367
-0.941204
-0.71349
-3.30836
-3.54252
5.32381
-2.09141
-2.24583
-2.09127
-2.08955
0.19351
-3.10993
3.19419
3.04527
-0.482644
-0.284863
-0.387807
1.43475
1.48865
1.29917
1.505
1.52356
1.46378
1.6054
1.63097
1.47842
1.4347
-0.727927
-0.631945
-0.445241
-0.445764
2.64429
2.36251
2.54823
2.55494
0.817663
0.69247
-1.98245
-1.99292
-1.99722
-1.99828
-1.86014
-1.4016
-4.29415
-3.81601
-3.85545
-2.94946
-0.750703
-0.770052
-0.617445
-0.139955
-3.51663
2.63292
-4.85476
-0.126539
0.368442
0.282971
0.373384
0.334186
0.276812
0.419949
0.416914
0.203876
2.2564
-0.0253002
-0.0247212
-1.85961
-1.60729
4.06894
-4.36415
1.56043
1.78433
1.74882
-7.10288
-0.581038
-0.561695
-0.734467
-0.671251
-0.677509
-0.564351
-0.679683
-0.535273
-0.688121
-0.729778
-0.656337
-0.660968
-0.799112
-0.651573
-0.524036
-0.624001
-0.629905
-0.702541
-0.616804
-0.712863
2.70569
2.97601
-2.7306
3.49136
2.15909
2.17275
2.31656
2.16383
2.4632
2.09958
2.39791
0.749008
0.82654
0.824317
0.840748
0.614152
0.723152
0.701971
-0.0833217
0.147442
0.755673
4.44006
-1.28453
-1.2754
-1.31162
-1.42211
-1.35166
0.61941
0.747454
0.773018
0.463478
0.675822
0.761566
0.652753
0.730609
0.681479
0.604841
0.708586
3.24879
1.5633
1.39299
1.45296
0.0358576
3.755
-3.05431
-1.24188
-1.24479
-1.35104
-1.21443
-0.270486
-0.240961
-0.568163
-3.93447
-0.566607
3.88387
2.08715
1.86389
1.79622
1.78811
1.85521
1.919
1.97526
1.96498
-0.058434
-0.0670559
0.0475773
-0.0650332
-0.093785
-1.76158
4.15359
3.9726
-2.56302
-3.64602
-1.59787
-3.34829
2.11206
2.14511
2.13711
-0.978577
-1.07333
-1.26755
1.16424
2.42708
2.26898
2.32817
-3.69034
1.82332
5.05015
-0.551779
-0.522659
-0.371113
-0.319097
-3.14085
1.24999
1.26797
1.25617
1.01465
1.07147
1.11736
1.20338
1.15609
3.56363
2.34374
2.47943
-1.52437
2.30382
2.0375
2.43662
5.66013
2.92785
0.986936
1.35568
1.10433
0.923464
1.17464
1.18875
1.15026
1.28026
1.18743
1.055
1.10565
1.28083
1.26296
-1.72739
-2.48162
0.849219
0.870682
0.882716
1.04129
0.685678
0.911479
0.915612
2.38333
2.51379
-0.920236
-0.717589
-0.892539
-0.904102
-0.983471
-0.741044
-1.01651
-1.03752
-1.03308
-1.03759
-0.86959
-0.864043
-0.510912
-0.600552
1.00146
1.07415
1.10252
0.908739
1.19466
1.17096
-3.62835
-0.507146
-0.615397
-0.424521
-0.373433
2.53998
2.73808
-4.13972
-1.61951
-1.66446
-0.845809
-0.876626
-1.10031
-1.08714
-1.26245
-2.47877
-0.195605
-0.162685
-0.121027
-0.169057
4.52234
1.15226
1.00481
-3.52252
-3.69205
-0.863687
-0.268624
-0.136903
-0.307177
-0.285908
-0.00167339
0.0808185
-1.43615
-1.25181
-1.23813
-0.443233
2.52657
-0.996248
-1.3901
-1.07048
-1.20008
-1.19636
3.43535
3.43086
-3.38225
-0.205899
1.58236
1.61254
1.62468
-0.559961
-0.577563
-0.45417
-0.704039
-0.368711
-0.620183
-0.582131
-0.785988
-0.632748
-0.610541
-0.459296
-7.677
4.03909
-4.48643
-1.46865
-1.3644
-1.44983
-1.59265
-3.33074
-3.03275
3.19861
-4.2776
0.464195
0.465163
2.24927
2.07902
2.08197
1.91785
-1.67486
-1.93435
-1.67635
0.30128
-1.01903
-1.03231
-4.36502
-3.65401
4.24628
-2.16949
4.63256
0.513739
0.435777
0.504496
0.657639
0.740863
-3.78664
-4.07622
-4.78186
2.56279
2.47932
2.53053
5.75696
-2.07785
2.14319
2.35112
2.17959
2.16915
-2.54689
-2.36081
1.23397
1.22531
1.16261
1.31936
1.09627
1.51822
1.43951
1.2648
1.42496
1.30911
0.372856
0.361266
0.565186
0.52769
-0.19264
0.0744069
0.0570529
-0.195887
-3.52772
-2.57097
-0.500927
-0.474358
-0.382331
-0.500823
-0.333182
-0.463555
-0.450916
-0.865592
-3.02156
-2.8939
0.179975
0.172936
0.271794
0.364222
1.33628
-0.42372
-0.317836
-0.367067
-0.464104
-0.547341
-0.330914
-0.372933
-0.351412
-0.329766
-0.601748
1.85383
1.73936
1.98527
-2.75896
3.94511
-3.8598
3.89651
-3.5615
0.278444
0.370516
0.280508
0.264666
0.55064
1.41949
1.37329
1.25464
-4.69985
1.78381
1.80806
1.75802
-2.11005
-3.18447
-0.0193258
0.0115192
-0.0467315
-3.85137
-3.64807
1.13655
1.04145
0.98243
1.28681
1.04625
1.19788
3.8515
3.13833
0.555327
0.426262
0.722243
-1.95803
-2.1021
-1.92005
3.4523
-3.19293
-3.11946
-4.15601
1.60414
2.14182
3.39484
-2.39903
-2.6458
-0.535657
-0.581145
-0.583085
-0.588396
-0.653875
-0.487858
-0.448737
-0.512275
-0.646076
-0.641274
2.24708
2.26579
2.02925
3.18629
1.76882
3.53749
0.622932
-2.75197
-2.9794
-1.77698
-1.87289
-1.65183
2.04687
2.15451
2.2734
2.08725
2.10043
3.94137
-2.73892
-2.56614
-2.66432
-2.47828
-2.58436
-1.39316
1.05098
0.919616
0.98072
1.06486
-2.7863
-2.48833
1.06948
0.744984
1.66292
-4.11917
-0.793796
-0.649432
-0.763796
-0.701228
-2.76065
-1.17946
-3.143
-0.336571
-1.28768
-1.23627
-0.218101
-0.19463
0.986681
0.859759
-4.34043
-3.20829
-3.65311
-0.0578556
-0.0853204
-0.137341
-0.191922
-0.378975
-0.167106
-0.0688624
-0.15202
-0.448979
0.480667
0.760291
0.703192
0.503746
0.651713
0.718844
0.835958
0.889555
0.729892
0.763644
0.855697
0.749613
0.459573
0.5009
3.51624
-3.82301
-3.86046
3.31004
3.27053
2.56085
2.78114
2.54061
2.6198
2.56938
3.14379
3.3573
3.61095
-2.33001
-2.54255
-0.75767
-0.608833
-0.548272
-1.52574
-1.46774
-1.33289
-1.17353
-1.28172
-0.217108
-0.206526
-0.192233
-2.41144
-2.14702
-0.245196
-0.145131
-0.209616
-0.139633
-0.0734561
3.69532
2.1894
1.97232
2.15079
-3.00017
2.69827
-0.469603
-0.412284
-0.391148
-0.513224
-0.430108
-0.479255
-0.34148
-0.397293
-0.230941
3.16875
3.23071
-1.97965
-2.11859
3.89553
3.77081
3.82504
-0.648639
-0.568511
-0.52425
-0.613538
-0.584237
-0.338672
-0.494991
-0.322261
-0.366258
0.0480474
-0.0884501
-2.36971
-2.29894
1.9039
2.05302
1.96211
1.93956
1.88057
2.15106
3.74991
0.527807
0.242727
0.102036
0.107866
-0.85521
-0.810613
2.76193
0.0677764
0.0954297
0.026732
0.00570352
0.0501997
-2.32306
-1.80287
1.5658
1.49942
-0.764201
-0.783462
1.88
2.07399
0.423643
3.91565
-1.22898
-1.22392
-1.30641
-1.20291
-1.1464
-1.25964
0.296888
0.240154
0.302542
0.41208
0.335108
0.322921
0.419828
0.414531
0.408927
-3.50016
-3.42939
-4.02576
-0.748893
-0.649178
2.28629
2.58945
2.05979
2.38477
2.28347
2.25693
-0.913615
-0.829957
-0.845904
-0.938998
-0.845107
-0.806596
-0.81659
-0.792941
-0.230693
-0.112721
-0.0712374
-0.00623969
0.491129
0.652115
0.668955
-0.656414
-0.760192
-0.794809
-0.760792
-0.940334
-0.752268
-0.709729
-0.670332
4.44573
-2.81433
-1.55439
-1.47881
2.14318
2.19691
2.16791
-1.69104
-1.80295
0.650596
-1.46028
-1.47969
3.83696
-0.114431
-0.198842
3.44975
2.24668
0.0790075
0.187356
0.139084
0.132505
0.143406
0.0340572
0.0798351
4.84586
-2.58055
-2.6634
-2.59209
2.10117
0.486152
0.463029
0.685069
2.01765
1.81884
2.05365
-2.03732
-1.79732
0.137002
0.160413
0.246991
0.243821
0.298586
0.249031
0.195583
0.306793
0.178978
0.408802
0.253649
0.181903
0.277053
0.288462
-1.31561
-1.35757
-1.32184
1.60226
1.69923
1.74068
1.70535
1.54145
-6.14947
-3.66275
-1.58317
-1.63735
-1.59784
-1.76484
-0.892424
-0.792297
-0.899188
-0.663838
-0.896791
1.64237
1.5159
1.49858
1.50306
1.44032
1.97783
2.23103
-4.04156
-0.21974
-0.206187
-0.321716
-0.088393
-3.14589
-1.26397
-2.05011
-2.33419
-2.91881
-7.39998
-0.287407
-2.22671
-2.19191
-2.05692
-1.9972
-2.0254
-2.42888
-2.17822
-1.9084
-2.18028
-2.10813
-2.98086
4.31705
-1.16708
-2.56388
-2.07116
-2.08564
-2.29338
-2.32429
-1.31502
2.71106
2.47361
3.87783
3.44209
3.54189
0.530588
-0.0567229
-0.102124
0.0507742
-0.191163
-0.222026
0.0742191
-0.10777
0.00853038
-0.122613
-0.00843407
-0.278746
2.02932
2.13586
2.24241
2.1455
2.04232
-5.38416
-4.0644
-2.1704
3.53694
1.30438
1.53832
1.50938
-2.30044
-0.643644
-0.517453
-0.531629
-0.515098
-0.479529
-0.466704
-0.389979
-0.428291
-0.63149
-0.596519
-0.59776
-0.608785
2.69167
-1.43353
-1.54316
-1.6113
-1.57785
2.41897
2.57367
-3.16169
-3.22327
-3.19606
0.975618
1.35192
0.505973
0.665032
0.743712
0.706796
-3.09227
-2.83271
-2.6642
1.22353
1.28472
1.3428
1.13866
1.15134
1.3118
1.22972
1.25787
1.15664
1.29449
1.1762
1.20275
1.14108
1.16976
1.13764
-2.42393
-0.330041
-1.41062
-0.837835
-4.32947
3.70844
-1.69877
-1.7268
-1.63095
-1.57322
-1.66099
-1.57753
-1.59499
-1.46273
-3.84158
-3.03033
-3.13623
0.294981
-2.79396
2.3252
2.35159
0.0701368
-0.11228
-0.0793681
-0.0161501
-2.67737
0.916922
-0.300911
-0.54522
-0.241656
-0.316604
-0.367775
-0.604137
-0.495316
-0.307242
-0.400024
-0.511426
-0.208695
0.534666
0.513424
0.743592
-0.111372
-0.0384397
-0.152846
0.120534
-2.5759
-2.63061
-2.75139
-2.58111
2.61106
-3.47776
2.11598
1.76272
-2.58542
-2.52884
4.85585
-0.906437
-1.01211
2.36884
0.49992
0.484769
0.663727
0.667
0.335508
0.297293
0.374686
0.281699
-4.38986
2.40138
-1.85697
-1.92568
-1.73256
-1.72445
-1.64905
2.37496
2.58277
1.70965
3.65918
-1.61388
-2.13935
-0.60216
-0.817095
-0.981469
-0.919063
-0.733601
-1.03999
-0.713573
-0.790883
4.75287
2.40461
-2.27831
-1.19051
-1.26219
-1.22591
-1.48105
-1.47546
-1.33215
0.118449
-0.0449871
0.0871155
-0.0859317
-0.120431
-0.033451
5.84666
4.03147
3.49201
-3.74049
-0.138365
-0.35392
-0.0944394
-0.213546
2.92021
0.301198
3.07077
0.354504
0.411108
0.538778
-3.02117
4.28105
-4.00306
0.184962
0.00658379
2.54321
1.60543
1.7585
1.58172
2.76706
0.597679
1.61502
1.66171
2.97378
0.935869
1.63114
1.61462
1.69792
0.129557
-4.319
0.079049
0.113918
-2.66987
-1.77392
2.76208
-3.08772
-2.90092
-2.7239
-3.12372
-0.168449
0.00110088
-0.193339
-0.0431724
0.446552
0.392724
-2.2787
-2.37937
-4.70397
-2.25949
0.0636134
-1.36528
-3.34829
-3.50128
-3.38434
-3.36743
-3.35928
2.44805
2.57779
4.9209
1.52986
1.73365
1.66577
1.70846
3.98374
3.59604
3.53432
3.35109
3.44327
3.59956
-0.212282
-0.00340015
-4.21265
2.51329
2.52362
2.61986
2.1865
3.93122
-1.28276
0.543955
0.73886
-4.13615
1.62573
1.45897
-2.62958
-2.52975
0.673914
0.8101
0.810407
0.708719
0.714913
0.826294
0.76546
0.563721
0.621687
0.803835
0.737755
0.645569
3.12212
-1.7172
0.0223378
1.09158
-5.09594
4.23521
2.30824
2.04786
4.41964
-2.56663
-2.61162
2.31428
2.23975
-1.25118
-1.05742
-0.100496
-0.00610307
-1.55982
2.29222
1.92463
1.88285
1.90332
-3.44057
-1.21312
-1.07079
-1.11235
-0.800173
-1.02468
-1.21808
0.863069
1.28727
1.09019
1.03998
1.12752
1.14685
1.04078
1.2528
1.16739
1.08917
0.989046
1.17636
-0.25608
-0.103825
-0.457823
-0.161549
-0.284965
-0.247682
-0.25334
-0.223643
-0.18958
-0.195196
-0.274402
-0.667895
2.69532
-1.75662
-0.998756
-0.896069
-3.22277
-3.32421
2.65137
2.73239
2.51193
0.736188
0.626758
2.61092
-3.75841
4.27607
1.33537
1.17275
0.959652
0.935035
1.56628
2.81348
0.925035
-3.03138
-3.02588
-1.78667
-1.63311
-1.60539
-1.59209
-3.66792
-1.50105
-1.24158
-1.42105
-1.50793
1.13277
1.07182
1.03487
-4.65727
2.50308
2.37453
2.99537
-5.19282
-3.34254
-3.26665
2.78277
-3.13366
0.741149
0.717889
0.707777
0.671565
1.02091
1.97407
1.91428
1.96248
2.75285
2.974
-0.474173
-0.369081
-0.420777
-2.69199
3.17589
1.99308
1.1808
-2.46932
-1.47677
-1.16719
-1.20604
0.709476
0.637155
0.758863
0.823774
0.692931
2.14922
2.249
3.59137
-3.25927
-3.26674
2.12289
2.08483
0.1644
-0.781568
1.42543
1.70386
1.33423
1.59377
1.38055
1.43761
1.43459
-2.06605
-2.01128
-3.49582
-3.29385
1.26216
4.22377
-0.155526
2.9332
-1.13415
-1.2264
-1.08877
-3.21198
-0.768987
-0.777994
-0.654076
-6.20912
0.0304202
2.5962
-3.03004
3.58538
2.61654
2.2888
-2.50165
-2.40419
-2.60375
-2.11993
-1.71385
-1.9564
-2.68178
1.72495
1.78713
1.91886
1.77577
1.78988
-0.00985058
0.0755653
-0.0328455
3.25036
2.61842
2.77435
2.5134
2.67548
2.29061
2.32515
-0.469468
-0.577465
-0.774307
2.16047
2.00525
2.41531
0.567983
1.51144
1.56994
1.39691
1.38218
1.88677
2.05221
-2.13484
-2.39086
-2.18052
-0.352452
-0.450182
-0.401387
-0.45783
-2.75822
-2.77528
-2.96332
-2.63947
1.52657
0.741332
0.849244
0.726083
0.803848
0.826165
1.11908
1.037
1.96292
2.00451
1.97204
2.03368
1.74187
-1.16201
-0.969431
-2.00853
-1.7556
-1.86851
-1.71862
0.315905
0.486854
-0.850888
-0.9088
-0.675372
1.8254
2.21307
2.02881
2.03827
2.27221
2.16867
2.17774
-1.77101
1.28683
1.25468
1.71563
2.01031
1.92781
5.05042
2.26426
-2.69287
-2.96115
0.851646
0.880756
-0.292935
0.0658383
0.111772
-0.0956853
-3.7499
-2.43757
-2.41373
4.26089
-2.80458
3.46297
3.69422
0.528493
0.542027
0.513747
0.610718
0.563536
0.717416
-1.80368
-1.90312
-4.04276
2.32797
-1.66502
-1.78453
-1.68066
1.57884
2.63759
2.60272
-3.91104
-2.9305
6.7205
-3.90077
0.146095
0.243848
-0.00310254
0.187156
0.11771
0.194259
0.159875
0.121333
0.384299
0.268725
0.02395
0.064363
0.0932011
0.15922
0.101676
0.106616
2.12437
1.48562
1.32078
1.24899
-2.10878
-2.02249
-5.92264
0.576018
0.643438
0.591396
-1.71554
-1.50367
-1.38314
-1.31621
1.23597
0.947713
1.15254
1.12495
1.04795
1.12534
0.950333
1.10801
1.73062
1.70156
1.75206
1.70897
1.63292
0.493592
0.273014
0.499941
0.464363
0.381271
0.33555
1.28429
-1.6911
0.863117
0.849986
0.891023
1.00552
1.05291
0.0375962
0.00171999
4.26003
-0.788323
-0.843489
-0.748605
-0.631289
-0.645758
-0.781717
-0.669905
-0.748962
-2.03096
-1.86705
-3.72246
0.94104
1.10307
1.11053
0.797443
1.49615
1.65316
1.51117
3.00532
1.99643
1.76658
1.86165
-3.07629
2.88385
-3.75806
0.061208
0.00598586
-2.10936
-1.78771
-1.77202
-1.75472
3.66546
3.5651
3.45291
3.55612
0.830735
0.760255
0.975007
1.04715
-1.93617
-1.94624
-1.87835
3.31256
3.26411
-2.52404
-3.70774
-1.59363
1.40959
1.56317
1.18967
1.23143
1.38413
1.45657
1.4974
1.56319
1.5191
1.79352
-2.20538
-2.31791
-2.38382
2.14037
1.13025
1.08517
-1.22124
-1.21998
0.342222
0.0725807
0.178977
1.83671
1.48018
1.60667
1.57936
1.55894
1.64312
1.70469
1.66333
-4.08893
-0.981225
-1.03127
-0.105357
3.97583
5.14948
-0.880985
-0.905959
-1.0045
-0.976072
3.51249
3.73668
0.656337
0.305343
0.314155
0.305853
0.425052
0.0246335
0.0916045
-2.62305
2.67912
2.53696
3.71188
2.20819
2.2563
-1.49007
-1.4346
-1.62999
-1.38633
3.84869
2.47243
2.47695
2.40252
2.568
3.04536
4.0116
-2.4592
-2.43024
-2.47268
-2.40194
0.490277
-3.52577
-0.861546
-0.925241
-0.271642
-0.256981
-0.395787
-0.146505
0.100629
0.124283
0.0821262
2.5338
0.268253
0.373876
0.0121445
2.44826
2.38741
2.62196
2.36913
-5.01479
-3.67452
1.47143
1.39237
1.19523
1.20592
1.31749
0.931575
0.837656
3.72967
-0.272421
-0.141369
-0.37397
-1.14215
-1.14502
-1.16281
-1.39264
1.42354
1.51215
1.52561
-1.12338
-0.418023
1.83632
1.96484
1.94522
1.84031
1.7591
1.6904
1.68166
-3.47695
-3.69113
-3.59338
-3.46565
2.16765
1.28267
1.46006
0.921571
0.308565
-2.22106
-2.17746
-2.4687
-2.12745
3.92643
-1.34254
-1.21374
-1.08176
-2.71964
-0.230363
-0.202951
-0.0509936
-0.0324553
-1.78006
-1.53846
-0.609404
-0.727286
-0.459025
3.38222
-1.98013
-1.95804
-1.99371
-3.06664
-3.04582
-2.29897
-7.1527
2.26468
2.04362
-1.57802
-1.65329
-1.67051
-1.78505
-3.06746
-0.826088
-0.796102
-0.860201
-0.917097
-0.941465
-0.948946
-1.04464
-0.903198
-0.988287
5.43615
2.0013
2.15301
-3.7332
2.049
1.86568
1.80372
2.12245
2.10649
1.92711
3.02023
-3.27264
1.13778
1.2565
1.23658
1.42355
1.15204
1.22808
1.03798
1.18042
1.309
1.3619
1.05753
1.15899
1.20863
1.38584
0.0420144
0.596471
0.503992
0.286876
0.233568
0.116647
0.115893
0.133586
-5.52606
1.27546
-3.50649
-5.3825
4.01661
-1.8435
-1.83523
-1.88238
-2.01257
-1.85111
-1.91754
-1.69096
-1.74939
-3.62126
1.39567
-1.62752
-1.62753
-1.32496
-1.56515
-1.44921
-1.47838
-1.46297
-1.59367
1.21706
1.27957
1.22272
1.15628
1.25055
1.36547
2.90275
-2.53192
-2.15686
1.67086
1.57258
-1.05786
-1.4122
-1.32899
-1.23941
-1.02612
-1.05253
-3.2286
-0.399744
0.102128
0.0553057
0.0376601
0.264921
0.261597
-2.47083
3.99396
0.463354
0.432147
0.412767
0.408788
0.507721
-4.19007
-0.862096
-0.854722
-0.808142
-0.522449
-0.410795
-0.735974
-0.553498
-0.504976
-1.53111
-1.41036
-1.4838
-0.165899
-0.140714
-0.220389
-0.0684524
0.0794059
-2.48758
-0.120345
-0.119137
-0.127412
-0.0544389
-0.0659403
0.138038
-0.158739
-0.0652533
-1.75905
-1.83163
0.595084
0.92577
1.18112
1.32904
1.20598
1.34322
1.38956
1.3402
1.30826
1.31619
1.27038
-0.85791
-0.590313
1.27386
1.18039
1.55073
1.45713
1.43439
1.55338
1.52943
1.44804
1.38879
1.61196
3.89315
-2.00423
-1.04672
-1.2395
-1.11106
-1.0712
2.82227
2.55117
2.73458
-4.01771
1.34037
1.5654
1.44173
1.29193
1.39544
-0.069258
-0.00543722
-0.0443125
0.0968078
2.3362
2.10905
2.15978
2.30034
2.47976
2.12676
0.839528
0.582403
0.583229
2.58061
2.37712
3.18097
2.8799
-4.14622
-2.29377
-2.33346
-1.72085
-1.75403
-1.09231
-2.17712
0.562194
0.523007
0.408563
0.470048
0.87095
0.74625
0.588555
0.653784
0.675423
2.45697
1.13519
0.824533
0.828767
0.788476
-1.94895
2.18278
-3.06486
0.74575
-2.92153
1.60014
1.74819
-3.7756
3.92252
-4.35864
-4.62488
-1.87509
-2.00275
0.247036
0.275121
-0.073727
0.206404
0.267698
0.186527
1.32182
1.36679
1.29914
1.16775
1.18717
-3.75994
5.49765
2.681
2.55928
1.48466
1.54577
1.3542
1.50945
1.5217
1.36642
-1.72027
-1.82478
-1.62214
-1.57372
-0.24429
-0.206681
-0.274043
0.554362
1.43478
1.47518
1.7307
1.61511
-2.15776
-2.34918
-2.158
4.42786
0.552932
0.638444
1.63075
1.51604
1.65965
1.81128
1.81194
1.81832
1.88206
0.919442
1.02427
4.24857
-0.364145
-5.48375
0.357581
-4.79037
2.77843
-0.9319
-0.772177
1.22672
-2.19746
-2.17958
-4.88878
-1.75018
-2.0257
-4.82256
-2.27748
-2.13167
-2.36763
-2.12946
2.30157
2.48621
2.32316
2.4687
0.886131
1.12854
1.07913
3.15164
3.12147
3.25501
1.44868
1.47568
1.54337
-1.99222
-1.16109
4.43787
4.24426
-3.15197
3.79983
5.10729
3.43109
3.37758
-0.807631
-0.896167
-0.424108
-0.596731
-0.431242
-1.16043
-1.26856
2.62559
2.60119
-2.17839
4.49156
-5.82468
0.867565
1.0121
1.03967
0.897071
0.812177
0.231003
3.46756
2.46774
2.53465
-1.72622
-1.50182
-1.79673
-1.88792
-1.52864
-1.61217
-1.52703
0.872182
0.961141
-0.941613
-1.1669
-1.04065
-2.89073
5.35357
3.02899
4.48992
1.54371
1.66648
1.64935
1.54821
2.66601
2.65799
2.46035
-4.63044
-1.11532
0.824893
2.83616
2.85332
2.91952
1.52648
1.47054
2.14645
-0.153582
-0.110615
-0.203351
-0.200291
-0.236553
-3.49223
-0.4763
-3.96207
1.91599
-0.520336
-0.649011
-0.695978
-0.686522
-0.685361
-0.701588
-0.707405
-0.664434
-0.673635
-0.694383
-0.624272
-0.376774
-0.388617
-0.482775
-0.336484
-0.301093
-0.300735
-0.311998
-0.374582
-0.311222
-0.567037
-0.557661
-0.474353
-0.330941
-0.274652
-0.340286
-1.39149
-1.57501
1.50359
1.60861
1.61232
1.48766
1.08337
1.08923
1.13054
-3.81052
1.23382
2.81965
2.95459
2.11041
-2.32358
-2.13383
-2.1189
-2.08118
4.04105
-3.54058
-2.28224
-2.15179
3.18357
3.18369
-0.945049
-0.655062
-0.694523
-0.655661
-0.485427
-0.726752
-0.837242
-0.705093
-0.828274
-0.551339
-1.25733
-1.3397
-1.16829
-1.17879
-1.21006
-1.31619
-1.73274
-1.8379
-1.799
-2.09807
3.04854
2.70623
2.78536
2.42127
2.64289
2.57979
2.71135
1.11774
-0.148227
-0.0979434
0.000517321
4.92548
1.32424
1.2787
1.38229
1.47658
1.29089
1.24648
2.26885
2.18048
2.32095
-0.463071
-0.453483
-0.36943
-0.46188
-0.36781
2.13554
-2.76639
0.605031
0.728825
0.545009
0.802564
0.784288
0.765846
0.522831
0.662955
-0.0584576
0.0414732
0.039063
0.101409
-0.147207
-0.00217396
-0.0090444
-0.0172938
-0.0489624
0.0523882
0.0982582
0.0989776
0.0181983
0.0589788
0.717101
0.813633
4.0891
4.28191
-0.317089
1.93918
1.81048
-2.39421
-2.45946
-1.87318
-2.32301
-2.3982
-2.40799
1.91675
-0.522866
-0.519192
-0.43162
-0.405497
-3.11731
-1.55798
0.435714
0.392335
0.270317
0.469041
0.431218
0.499915
-0.0277712
-0.00453383
-0.125559
0.0650151
-2.59585
3.01661
-1.99845
5.19239
2.68886
-2.86711
3.7429
1.42124
6.14295
-0.183783
-0.128581
-0.138492
-0.1418
0.0366934
0.0327574
0.063888
-0.0210225
-0.107351
-0.0343376
0.042351
0.0197871
-0.00890519
0.40237
-0.0554546
0.224853
0.097584
0.0246239
0.0836387
0.0290466
-2.79926
2.4705
2.73157
2.55579
2.79563
2.75198
2.53454
2.45467
2.49682
-2.08768
-1.88676
-0.884609
-0.980372
-0.913265
-1.02237
-1.10874
-1.22858
-1.3291
-2.81054
-2.66779
-2.6576
0.386784
0.405251
0.86327
0.778113
0.60686
2.65694
1.18379
0.937642
1.00554
1.12088
1.23616
1.27634
1.25201
1.23367
5.76631
-2.68854
-2.75756
-2.87903
-2.76768
2.25055
4.26069
-3.21714
-3.40081
1.39416
1.60828
1.72394
1.65178
1.61233
1.48713
1.50035
4.12696
-1.41402
-1.58293
-1.59011
-1.59478
-1.59989
-1.46747
-1.02377
-1.04901
-1.13468
-2.3688
-2.56053
-2.30673
0.168847
0.188124
0.0277324
-2.7154
-2.54864
0.702164
0.869147
1.03479
0.822172
0.81364
1.06837
1.03689
1.20074
4.66724
-0.745588
-0.808653
-0.809746
-0.691117
3.6196
3.79621
2.77087
2.56075
0.742678
0.852506
0.947836
0.90634
-0.848784
-0.972406
-0.794783
-0.797139
-0.780788
0.701807
0.740006
0.836293
0.873774
0.869
0.768462
0.664278
0.772243
0.855507
0.733906
1.01572
1.04742
1.02966
0.908068
0.846116
-3.26434
-4.01308
-0.939276
-0.856326
-1.16772
-2.99861
-3.00089
-3.15181
-0.050733
-0.116715
-0.273442
-0.141913
-2.56825
-1.89172
-1.26616
-1.1438
-1.107
-1.38461
0.383357
0.429062
0.502972
0.42239
0.319887
0.382442
0.271817
0.456542
0.673259
-1.21825
-1.06435
-1.05825
-1.18152
-1.12609
-1.07821
-1.22604
-1.04142
-1.09035
-0.853695
2.4032
-1.2423
-1.24167
0.237108
0.288706
0.279159
0.159008
0.102153
0.196311
0.248699
0.279417
0.182993
0.110927
0.42216
0.280776
0.126574
0.241576
0.150672
0.410628
0.37188
4.19966
-0.995734
-0.929475
-1.01602
-0.878227
-0.908112
-0.933819
-0.995406
-1.10743
-0.885928
3.96792
0.201618
0.196092
0.180639
0.0826829
-2.39535
0.918098
-0.985821
-1.42162
-1.10247
-1.24037
-3.14734
-3.84923
-0.125317
2.16436
1.15769
1.2029
1.50592
3.49108
1.3367
1.40085
1.19118
-4.33611
3.11467
3.02326
2.80949
2.90081
1.74193
1.72168
1.70943
1.5584
-2.76974
2.62543
2.61885
3.843
3.76541
2.12043
-3.44482
-2.98006
-1.94824
-3.95955
4.81105
0.814228
0.756024
-0.903734
-1.03762
-2.02359
-1.53318
-2.1258
-2.21837
-2.21287
-2.09645
-1.98167
5.5172
1.97737
1.87716
1.89751
0.0633799
0.147952
0.281733
0.338885
0.0529411
-3.33047
-2.07138
-0.183694
-0.373782
-0.494713
-0.339739
-4.07099
-0.281335
-3.56164
1.00354
0.873671
0.88836
0.781387
0.853865
0.712634
0.751321
0.811018
0.709548
0.919171
2.67459
-2.24863
-2.13379
-2.08738
1.91696
2.11974
1.92241
2.6688
-1.43154
-1.38685
-1.46886
-1.47916
-0.300051
0.583031
0.582681
0.610957
0.57971
0.477311
0.768132
0.665235
0.59394
0.612462
0.654973
0.678946
0.673864
0.727718
0.699951
0.7049
0.631029
0.848605
-3.25272
-3.80252
-2.61254
1.02787
1.10264
0.987296
1.04392
1.99502
2.05217
2.25098
-4.77888
-1.84129
0.882635
1.13136
-1.29405
-1.1668
-1.54338
-1.59469
1.36412
1.38715
1.62026
1.64186
1.57157
1.66033
1.35275
-2.75077
-3.08343
-2.97222
-2.82363
-1.13529
-1.06669
-0.946619
3.38312
4.21996
0.248682
0.284512
1.93996
1.85808
-2.50081
4.36123
4.33206
-0.347206
-0.427778
-0.393461
-0.218562
-0.135984
-0.111077
-0.178869
-0.346837
-0.153861
0.0264743
-0.187511
-0.107949
-0.0522754
-0.277818
-1.80312
-1.69827
-1.74401
-5.41335
0.418409
0.338702
0.293212
0.309462
0.329463
0.342849
1.99818
1.90041
-2.95519
-3.14958
-2.79043
-2.66019
2.24735
-1.74532
-1.50797
-1.60051
-1.32238
-1.4707
-1.23401
-1.27567
-1.38379
-1.2294
-1.50319
-2.20467
-2.17269
-2.48629
-2.3132
-1.24985
-1.78068
-1.89835
2.08465
1.86944
1.99198
2.07773
0.162388
-0.0856171
0.0466986
0.0572609
4.18996
1.90037
1.6358
0.803997
0.72572
2.57011
2.65357
2.64477
2.35279
2.56699
-1.68703
-1.77827
-1.86501
-1.91904
-1.63019
-1.88904
-1.66501
-1.86443
-1.96991
-1.60803
-1.67666
0.629582
0.653612
0.758508
0.762735
0.885408
0.653188
0.651196
0.689495
0.639019
0.516029
-4.57964
0.461104
0.727171
3.78527
-4.17188
0.637876
0.734971
0.558275
0.258947
0.314839
-2.70696
-2.88719
-3.21716
-2.78877
-2.85505
-2.76608
-2.71877
-3.37809
1.59834
1.31018
1.55737
1.57618
1.53907
-2.7711
-1.87422
-1.94924
-1.77785
-0.538427
-0.517086
-0.957375
-1.11691
-0.515175
-1.09839
2.28166
-2.70389
-0.500278
0.436158
0.479936
0.428938
1.12384
1.18094
5.17121
0.243281
0.320863
4.90821
1.91447
1.8925
2.37859
1.06094
1.08003
-3.21619
2.59128
-1.791
0.198598
0.145106
-0.0360227
0.314666
-2.67094
-2.71334
1.50936
0.776547
1.50565
1.4931
1.43476
-1.50947
2.58269
-1.25518
-1.12963
-1.20837
-1.18225
-0.604829
-0.576046
-0.513675
-0.501084
-0.483989
-0.475583
-0.299028
-0.363868
-0.34896
-0.437822
-0.520865
-0.566533
-0.449911
-0.802044
-0.693196
-0.617481
-0.273447
-0.192843
-0.151561
-0.141216
-0.504796
-1.9932
-1.78203
-0.362868
-0.236877
-0.267567
-0.367148
-4.72553
2.65837
2.55148
4.39208
-2.47776
-2.3401
-0.788011
-0.789112
-0.714585
-4.59105
-0.312284
-0.439518
-0.248082
-0.499118
-0.116001
-2.84669
-1.1334
-1.18718
-1.07816
-1.02244
-0.913446
-1.21023
-1.34246
-1.3722
-1.26314
4.20035
-0.447988
-0.324759
-0.489971
-1.67388
-1.64743
-1.75578
-2.4864
-2.4755
-2.51361
-2.93541
-4.05355
-3.42411
-0.984783
-0.993567
-1.05649
-0.957693
-1.15506
-1.0755
-1.1304
-0.922253
-0.785105
-0.816631
-0.929231
-0.876556
-0.78241
-0.890918
-0.885119
-2.24256
-2.1763
-4.93977
1.7545
1.17646
-4.98989
-0.550708
-0.701968
-0.641733
-0.127671
-0.440387
-0.353251
-0.377937
-0.366662
-2.67406
0.878718
0.770915
0.966234
2.51979
2.56587
0.342187
0.369493
-3.07088
-3.0756
0.191754
0.0149907
1.40822
-0.973606
-0.940206
2.42322
-0.205516
-0.643765
-2.6262
-1.25299
-1.5371
-1.91835
-1.80503
-1.79582
-1.91612
-1.74933
-1.50538
-1.595
1.96593
1.47528
1.42215
1.42633
5.1872
-1.39325
-1.28808
-1.40423
1.38167
1.247
1.2318
1.35873
1.38905
1.32528
3.45415
3.5697
1.09921
0.995014
1.06938
1.05716
0.929016
-1.7459
-1.97911
0.109658
-0.0550707
1.05724
1.03188
1.01242
1.06987
1.0458
0.846575
1.36771
1.39635
1.25835
1.3664
1.36847
1.15929
1.17751
1.27289
5.30893
2.80385
2.93259
1.48983
2.39892
2.3243
2.92118
0.343873
-1.70092
-1.56662
0.265115
0.223722
0.129986
0.230438
0.334527
0.348967
-0.968584
-0.958175
-1.07107
-0.851855
-0.8638
2.48337
2.41588
2.78699
2.48033
-0.282381
-0.368074
4.12694
-1.4496
4.18778
0.463768
-2.83627
0.925586
1.32581
1.26114
-3.74029
-2.39462
-2.28849
-1.54575
-1.57626
-1.54505
-1.343
-1.38588
1.04938
0.967976
0.896254
0.902494
0.233682
0.0997857
0.170903
0.216355
0.298697
2.79262
2.68216
-2.33464
-3.20652
0.0629028
-0.00124313
0.337762
2.19425
1.08191
-0.46093
-0.335595
-0.420387
-2.55809
-2.46556
-2.40668
-2.81229
-2.81206
-2.79324
-1.35214
-1.25729
-1.39091
-1.33767
3.43384
3.20027
-0.295151
-0.583088
-4.83902
0.350227
0.330119
3.40776
-2.9533
0.12953
2.66783
1.04913
-0.971852
-0.655969
3.38002
0.133605
0.214255
0.175705
0.0857106
0.156122
-1.04589
-1.13819
-0.660319
-0.681218
-0.284312
-2.66675
2.85719
1.4269
-4.12637
-0.235011
-2.30679
-2.59133
2.20804
2.08974
5.48516
0.155166
0.0942953
0.1086
2.80568
2.67471
-3.07163
-2.68798
0.644783
0.743299
0.882544
0.887781
0.942128
0.947856
0.62831
0.645636
0.657793
0.661101
-0.442169
-0.708124
-0.681776
-3.08994
-3.01481
-3.28005
2.85384
3.01293
-3.03757
-3.19551
-0.565503
-0.858659
-0.674986
-0.836837
-0.696197
-3.72221
-2.59137
-0.248337
-0.287423
-0.24553
2.05162
1.94466
0.178439
0.264407
0.268718
0.162135
-3.8396
3.46641
1.2001
1.124
1.14987
1.14149
1.19449
1.20268
1.40431
1.05949
1.12603
-2.42673
3.23455
3.24513
3.23554
-3.02485
1.18874
1.45851
5.18744
3.74699
4.28337
-2.20081
-1.12367
-2.41231
1.76216
1.89364
-1.42924
-2.5511
-2.59957
-2.29589
-2.65839
-2.58877
-1.40984
-1.38823
-1.45994
-1.30173
-1.45815
-1.60158
-1.30339
-2.34117
-0.987002
-0.723139
-0.980141
-0.758272
2.23176
-3.6914
0.717951
-2.66541
-1.3436
-1.51918
-2.41646
2.05049
6.40087
-2.5596
-2.72635
-2.2258
-1.85745
-1.48214
-1.5067
-1.53237
-1.60183
-1.58669
0.740795
0.837142
0.715096
-3.53994
-3.36206
3.99857
3.0963
-0.522729
-0.702755
4.01998
2.67764
-2.13516
-2.20519
1.86895
1.72656
2.25745
2.23946
2.33795
2.35734
-4.89489
1.95999
1.81183
1.89254
1.95892
-0.00870606
-0.140379
-0.0856
-0.111247
0.143703
0.152314
0.0619378
-0.0209334
-0.04415
-0.0409898
-0.8857
-0.872585
4.25573
2.40328
-1.5786
-1.53496
-1.45405
-1.57289
-1.62469
2.79127
-0.436784
-0.527576
-0.471212
2.45045
2.27163
-2.8858
-2.75221
-0.686889
-0.784974
-0.879112
-0.682078
-0.769941
-0.521121
-0.668559
-0.683409
-0.783228
-0.825803
-0.657694
-1.30369
-0.872002
-1.20436
-0.983624
-1.09816
-1.06649
3.98852
-3.14281
3.83841
4.09611
-2.36725
3.15679
3.34372
1.85954
1.8354
2.0574
1.74287
1.9031
1.73455
1.83423
1.83674
-0.593694
-0.791023
-0.88329
-0.87262
0.114349
0.178696
3.20867
3.21558
2.88488
3.28382
-0.332438
-2.76182
-2.73244
-1.17177
-1.11034
-1.06542
-1.27436
-1.32847
2.12121
2.15155
1.96725
-1.46946
-4.59165
2.68283
2.63969
-4.13157
-2.7753
-7.22638
0.971056
1.07984
1.07032
2.22311
2.45902
3.26492
-0.854407
0.637891
0.451613
0.457713
1.81769
1.31184
1.43059
1.67125
-0.535997
-0.243517
-0.327167
-0.573977
-0.462619
3.40906
1.88121
2.08729
1.74649
1.92505
-2.35216
-0.155191
1.70688
1.69411
1.46444
0.220981
0.160305
-0.172895
-0.106836
-0.0724102
0.0543694
-0.076667
-0.131251
-0.133991
3.31194
-3.30879
-3.30107
-3.4235
-4.57967
-0.484955
2.9286
-3.25618
4.16702
0.640458
0.901216
0.900733
0.750293
0.811842
1.18159
3.45744
-1.5532
-1.50255
-1.44122
2.1522
2.0878
1.91661
-1.28187
-1.75921
0.128776
-0.248102
-0.0599475
0.00604713
0.0168108
0.149843
0.137695
0.0852735
-2.96748
4.47686
-2.93143
-2.21366
-2.39687
-0.567924
-0.597933
-0.550852
-0.454214
0.503759
0.525944
-3.68367
0.214677
-2.49595
-2.42294
-2.50064
-2.54998
-2.59047
0.13161
0.235253
-0.0760815
0.185308
0.270403
1.27669
-0.335466
-0.42535
-0.360923
4.93379
-2.23334
-2.30335
1.37654
1.42349
-2.25551
3.33379
3.12221
2.45817
0.690581
0.542404
0.408739
0.530783
-0.912451
-0.833945
-0.820098
-0.829086
-0.873957
-0.908887
-0.785214
-0.778024
-3.07735
-2.08432
-5.93458
-1.59481
-1.80727
-1.81197
-1.52348
-1.64649
-1.74474
-5.12601
1.90984
1.84835
-0.293043
-0.241979
-0.252985
-0.292166
-0.0568651
-0.0938869
-0.00289425
-0.0558995
3.06885
2.08728
1.98703
1.91983
3.7667
-1.55636
1.28343
1.20329
-1.5561
-1.5624
-1.59993
-1.68538
-1.56753
-1.53137
4.48872
0.277425
0.372004
0.326402
0.257904
0.30014
0.221703
0.339211
4.49901
-0.462104
-0.558154
-0.491481
-0.454182
-0.37552
-0.383056
-0.172048
-0.351368
-0.321431
0.612081
0.683897
0.835832
0.790662
1.00106
1.02869
0.851177
0.616776
0.738593
2.65035
2.24874
1.99146
2.31456
2.27499
2.09159
2.03287
2.22162
2.06092
2.11564
1.95394
2.05636
2.02252
2.16232
-0.165915
-0.231788
-0.0947717
-0.237762
3.10254
3.24666
-0.598568
-0.79073
-0.695762
-0.654747
-0.517345
-2.59087
5.00279
2.84852
-3.92477
0.562892
0.744283
0.876899
0.710212
0.536664
-0.4727
-3.76947
-3.8032
-3.57471
2.30953
-1.70177
3.16725
3.89188
-0.335624
-0.181715
-0.431986
-0.226429
-0.252671
-0.346089
-0.386794
-0.34358
-0.250611
-3.52247
-3.26662
4.57077
3.3402
3.5624
-3.19592
-3.07547
1.45219
-1.04226
-3.1468
-2.71286
-2.90301
-4.01835
0.950996
0.954356
0.935667
0.894787
0.796119
0.775058
0.962966
0.632153
0.659347
3.34757
3.18862
3.62158
-2.9228
-2.83655
-2.85834
4.8971
-1.89363
-0.944579
0.86238
0.957763
0.964857
1.17037
1.13662
-3.71794
-3.82343
-3.62874
-3.07854
-3.05554
-3.14062
-7.31638
0.862658
1.56063
1.37926
-0.88924
-0.917897
-0.953675
3.92852
-0.1644
-0.172173
-0.300141
2.00066
1.7063
1.87165
-3.04219
4.18744
-4.24471
1.28624
1.31089
1.40029
-3.2896
-3.13565
5.68401
1.61803
1.76577
1.7683
1.66153
1.74261
0.375437
2.03762
