2.38469
-3.24362
-3.27561
2.67316
2.57222
2.5008
-4.24516
-6.0811
1.74962
1.90876
1.90666
1.9455
3.24969
-2.85185
-0.201511
-0.447145
-0.325881
3.37425
1.57153
1.66557
-2.57807
0.826938
0.870542
-0.457155
-7.11572
6.55734
-0.450198
-0.276393
-2.47928
0.801832
0.882116
0.937073
0.303153
0.263289
0.375387
0.304864
2.83587
2.86721
3.07402
-0.820888
-0.832627
-0.657358
-0.766474
-0.847829
-1.84863
0.249865
0.208889
3.31892
2.1045
0.839322
-4.0836
-4.01846
1.91185
-1.84531
-1.92957
0.314665
2.01369
1.96882
2.05105
1.97498
-4.17006
-0.48853
-0.508573
-0.524157
2.4135
4.45131
0.0208847
-0.0413219
0.15468
-4.56221
0.614984
0.651538
0.663832
-2.54383
-0.194306
-0.289198
-0.258035
-0.270317
-0.833579
3.51901
2.78018
-2.37248
-2.22966
-2.23053
-2.25419
1.03909
1.27726
1.27919
1.19797
1.38723
2.04413
2.26515
2.2757
2.20782
1.63133
1.66287
1.48476
1.57958
1.58727
1.58697
1.57392
1.64618
-2.84099
0.323607
0.367603
0.376245
0.293887
0.360265
-0.733711
-0.733025
-0.737893
-0.768591
-0.903993
-3.03441
-5.6031
5.84256
2.82104
2.94182
2.71315
-2.79933
-1.32433
-1.21004
3.93987
-1.94805
-2.00401
-1.6874
-1.84298
-1.88801
-1.77086
-0.873622
-0.943152
4.63406
-2.36319
-2.55915
-0.828977
-0.786755
-4.06152
1.02263
1.09029
4.87269
3.71518
-0.0939249
-0.218371
-5.00903
-4.20654
-4.33386
3.39751
-3.25156
-3.34148
4.28176
-1.56427
0.850841
0.864656
0.832851
-7.65817
-3.19792
2.90857
4.41272
3.06489
-3.36443
-0.956311
-0.419506
-0.524051
2.94619
2.40168
2.79655
-5.93384
3.9273
0.145799
-0.0273264
-0.0694149
-2.90738
0.630662
1.97915
-1.40733
-1.49384
-1.70836
-1.6507
-1.71693
-1.16094
-1.22574
-1.23341
-1.33399
-1.23467
-1.12779
-1.03192
-1.14685
-1.14539
0.416475
3.74756
1.02409
5.71795
2.75037
-3.29562
-3.14842
0.671379
0.809876
0.602655
-0.57995
-0.476719
-0.518444
-0.545225
-0.550415
-0.468634
1.39257
1.20398
1.21795
1.96261
1.6048
3.01324
-3.98896
0.687599
0.820238
0.842291
0.849888
0.766223
0.793584
0.93076
0.845923
0.741376
0.747551
0.877078
0.749985
0.718413
0.726094
0.953789
0.842535
-4.16176
-3.63025
-4.14466
1.41952
1.17777
1.1788
-1.66411
0.189473
0.26276
3.24012
4.6839
-1.85061
-1.68122
-1.71009
-1.73041
2.54999
2.68651
0.203834
0.12492
0.0221369
0.0835771
0.00106045
0.106545
0.125879
0.0817092
0.108924
0.141803
0.277617
0.00379215
0.0291247
0.049419
0.0812795
0.402261
0.495781
0.440078
-2.68899
1.48024
1.53179
-0.787424
-0.759699
3.19813
-3.51282
-3.44651
-3.70007
-2.54355
-2.51966
7.10904
0.41317
0.388102
0.380706
0.371449
0.448772
0.16838
0.213226
3.23946
-1.07998
-1.13056
-1.32674
-1.18164
2.52289
-0.783168
-4.41325
-2.64716
-4.56286
-2.40359
-3.87955
-3.88723
-4.38645
-5.16263
0.670718
0.548083
-2.31944
4.3814
-3.56089
-3.53465
-1.01183
-1.06152
-1.55843
-1.72832
0.513413
0.380728
2.88451
2.94264
-1.94934
-1.97983
6.52948
1.51323
1.42474
1.50001
0.487205
0.467539
0.410777
0.279475
0.29061
0.230303
2.4028
4.43442
0.12197
0.126502
0.0537614
-1.5241
-1.51679
-1.60285
-1.50871
-1.49884
-1.89436
-1.91893
-3.50989
0.0481011
0.0664711
-0.0376582
-0.0172449
0.0666048
0.0262849
-0.0436914
-1.70767
0.380363
0.297906
0.30195
0.324713
0.38018
0.324348
0.572031
0.195356
0.427139
0.419309
6.08508
-1.74088
3.75095
3.44541
2.72273
2.69283
2.565
1.33691
5.22379
-4.12097
-3.51705
-1.26599
-1.42965
-1.14387
-1.28194
-1.09617
4.05134
-0.679014
5.6893
-0.727413
-0.635117
-0.70201
-0.74037
-0.649711
-0.954788
-0.88562
-0.899049
-0.964457
0.931684
1.51238
1.47324
1.52281
1.46505
1.54761
1.52929
1.59378
1.70026
1.48718
1.68053
-2.12415
2.28144
2.2945
2.19945
1.79098
2.57401
-1.34746
-0.532402
-0.569952
-0.38225
-0.434584
-0.39973
-1.2531
-1.40839
-1.25175
2.13621
2.20639
1.99612
1.97943
2.78826
1.61418
-0.592803
-0.598118
-0.417731
-0.517847
-0.495317
-0.527159
-2.12652
-3.74712
-3.77943
0.627285
2.74235
2.73167
-0.593838
-0.475753
1.11263
1.02979
1.26746
-2.06055
-2.00473
-2.03405
-2.10749
6.24206
1.38456
1.20684
1.33897
1.32478
1.28079
1.33147
1.33035
1.31808
1.29248
1.24438
1.28145
1.34087
1.4106
1.36817
-2.44395
-2.58279
-2.70831
1.10457
1.28553
1.2472
1.12993
1.20916
1.27755
1.49109
1.34436
1.26028
1.44405
1.22835
-1.80124
4.63163
-4.06327
1.05935
1.25227
1.12025
1.36088
-0.731871
-0.751169
-6.53515
1.61379
1.37711
-1.38198
-1.37593
-1.38325
-4.56742
2.58738
-4.55648
4.11397
4.06469
-5.77036
3.23417
1.65338
1.35149
-0.553943
-0.622928
-0.628572
-0.573287
-0.672639
-0.536189
-0.556274
-7.04299
-2.25988
-2.1854
-2.17604
-2.07665
-5.72387
-4.53987
-2.71839
-4.92728
4.47562
4.69478
2.91279
2.5846
2.95413
2.87363
3.65855
3.62669
-1.95859
2.62342
2.71375
-2.75977
-3.43091
-3.50383
-4.11885
0.428976
-1.79062
-1.94757
-2.60829
-2.01272
-1.10276
-0.855184
-4.78999
-0.647309
-0.520298
-0.483553
-0.280217
-0.465095
-0.573451
-0.575549
-0.589958
-3.57424
4.80026
4.68117
0.99833
3.67566
0.826429
0.930523
-0.0245207
0.0265162
0.0563797
0.192588
1.50941
1.48317
1.38506
1.57822
1.45272
1.26562
3.94646
3.73139
-0.732264
0.845512
0.716302
0.853778
0.798306
-3.48718
-3.65083
4.18154
2.78625
2.60268
5.19555
-7.25765
2.2184
-6.79625
3.42603
2.32985
2.39772
-0.393122
-0.139018
-0.360699
-0.388191
-0.338599
-1.25734
-2.35049
-2.45045
-2.36663
-2.4319
-2.1218
-1.92388
-2.02175
4.82505
2.36801
-1.63437
-1.34265
-1.28083
-1.44457
-1.47233
2.2649
2.41856
2.28446
2.38126
3.27527
-2.81515
-3.06623
-2.35211
-2.43867
-2.60808
2.10754
2.07251
2.25538
2.32106
2.20459
0.927908
1.05457
1.3879
1.4139
1.35696
-1.37494
-1.61658
-1.48028
-1.19186
-1.3798
-1.32233
-1.33858
-1.28121
-1.4168
-1.45578
-1.18613
-4.60527
1.09035
-1.96789
-2.02573
-2.0493
-2.07511
-1.25147
-1.19504
-1.27275
-1.28421
-1.31822
-1.28563
-1.2521
6.38017
-2.41628
-2.62385
-0.372279
-0.317442
-0.264389
-0.210193
-0.222655
-0.379478
-1.10755
-1.25617
-1.57362
-1.55559
-1.86713
-1.74368
-1.70599
1.55844
1.63359
1.56455
1.64033
-3.27736
-5.8573
4.3413
-5.88651
4.65137
-3.14839
-3.35928
-3.4257
0.560048
0.733388
-3.26231
1.91984
2.02335
-2.78435
-2.57799
-1.57932
-1.40258
-1.20664
-1.07644
-1.21429
-1.15394
-1.13875
-1.27789
-1.2805
-2.18728
-1.01297
3.80414
3.75905
0.117539
6.11215
0.610302
0.748678
1.89074
1.95607
-0.731258
-0.685355
4.4635
-1.39651
3.50672
-3.24063
0.793985
0.893937
0.841416
-6.08705
1.88287
1.98702
-0.406736
-0.473857
-0.442661
-0.554302
-0.360753
5.83761
-2.59222
-2.69561
-2.62409
-2.64104
-2.74218
-2.61452
-0.836217
-0.593772
-0.56487
-0.531125
-0.635008
-4.50885
3.34355
3.5846
0.955954
1.13696
-0.995926
-1.19945
-1.04952
-1.11168
-1.23895
-1.06954
-1.11882
-1.06541
-1.06372
-1.10979
-0.925708
-1.09514
-2.38731
-2.48492
-6.20169
-0.158015
-0.34845
-0.263004
-0.673986
1.33411
1.4869
1.3456
1.82614
1.81189
1.81776
1.76092
1.75026
1.85436
1.59161
1.65606
4.49001
4.62989
4.72075
-4.09955
-2.0152
-2.11273
-2.04899
-1.96265
-1.98413
-1.86152
0.364841
0.324333
-2.94951
-3.84256
-0.919209
-1.03192
-0.660395
-0.617963
-0.721246
-0.455622
1.95458
1.94524
-5.70773
-2.99412
2.03548
2.11528
2.08065
2.02169
2.84682
3.08146
-1.33809
1.66974
1.78371
-3.83099
-4.81034
-2.92333
-3.15052
-3.01262
4.21673
1.47281
-1.32544
-1.25241
-0.595625
4.82498
-3.15209
-3.05107
1.99773
1.9997
1.98283
2.01264
-1.31643
-1.4815
-3.12081
-3.17928
-3.1296
-2.74916
2.1563
2.1074
2.07131
2.19344
3.71871
-1.41163
-1.54518
-1.42966
-1.61796
-1.54133
-1.50204
-1.45133
-1.23101
1.00665
-3.25027
5.72308
3.46619
0.816868
-1.03056
2.91274
2.90464
2.64581
1.97306
2.16357
1.97798
0.0770795
1.94361
1.73766
1.76807
2.90169
-4.36336
-1.81923
4.67286
1.37582
1.37625
1.33225
1.41799
-0.701447
-0.610505
-0.649305
-0.592444
-0.458191
-0.828536
-4.10262
-1.76144
-1.77575
-1.85854
-2.00164
-1.7944
-1.73523
-0.381126
3.70276
3.8027
1.76015
-1.51422
-1.31907
-1.38865
-1.3945
0.898527
0.857189
-1.08722
-1.19359
-1.13264
-1.12807
-2.74582
3.11761
3.84435
1.85662
2.03526
1.92402
1.96145
-0.0446421
2.04831
-0.0821105
0.740199
5.35558
-1.83042
1.5926
2.10895
2.40563
2.33912
-1.58901
-1.62795
-1.40498
-1.62669
-1.13656
-1.23964
-1.15823
-1.09818
-3.60695
2.78302
-5.56957
1.68269
1.61785
1.14711
-2.07933
-2.24039
3.51452
3.49595
-4.80476
0.400615
0.343272
6.04277
1.9753
2.09549
-2.28764
-2.17391
5.18381
1.99976
2.04554
0.9495
0.779733
0.8778
0.867499
-4.50045
3.92135
-0.695886
-0.607427
-0.774347
-0.594036
-0.568993
-0.64936
3.58557
3.55588
-2.43283
2.76623
-2.76546
-2.86887
-2.88616
-2.73726
-2.57231
-2.49408
5.4393
3.2268
3.25411
2.46508
3.68357
-3.57135
5.38703
-2.86999
2.19162
2.19251
1.88614
1.90866
1.92028
1.90272
-1.54831
-0.44804
-3.87565
-3.67453
-3.04197
-3.23843
-3.15895
-6.07147
-0.513445
-2.06029
-2.07121
-2.03941
-2.07299
-3.49535
2.17832
2.21918
3.39621
3.18746
2.13151
-0.657686
-0.760871
-0.649753
3.04831
2.7403
2.7683
-4.30667
-5.67775
-0.272479
-0.160934
-0.23859
-0.380389
-0.34121
-0.334332
-0.207877
-0.414658
-0.134109
-0.412143
-1.37821
-1.31072
-3.99701
-3.09277
-3.18688
-2.39383
0.876133
0.669904
0.525546
0.556839
0.49671
0.0407542
-8.44825
2.81182
4.94534
2.65918
0.968462
0.885562
0.934346
1.00451
0.805965
1.06215
1.01695
1.09315
1.12694
1.22983
-2.92323
-2.87654
3.82707
4.88469
-0.648095
-0.502484
1.95249
1.7419
2.01151
2.01057
1.8895
3.9419
4.01447
2.98749
3.01481
-0.308551
-0.459415
-0.395205
-0.429104
-0.360904
-0.139081
-0.384227
0.827439
-0.795111
0.943417
0.65222
0.860071
0.671949
0.850088
0.705204
0.739668
0.862635
0.800754
-4.63795
-0.525259
1.37692
1.29746
1.35443
0.900274
0.882077
2.34631
2.55531
2.5473
2.49674
-3.50234
0.233325
4.57717
-4.20056
-5.2102
-3.47243
2.2384
2.32294
2.22044
2.07315
1.09761
-2.31789
-2.38586
-3.26267
-2.29872
-2.25933
-5.0353
-3.02444
-2.739
-6.50403
-5.08664
-3.2211
0.425242
0.450694
0.415378
0.431596
0.397706
0.397611
0.407414
0.264364
0.0892596
0.472929
0.449479
5.43824
-3.62919
2.47053
-2.8072
0.443508
0.391781
0.320141
0.362745
0.329409
-0.12055
-0.434001
-0.197435
-0.262155
-0.426175
-0.155949
-0.375345
-0.289873
-0.0109129
0.025811
-0.17505
2.92344
1.37034
1.44739
1.19167
1.3574
1.48935
1.36184
1.3552
1.34538
1.33553
-5.37977
2.50817
0.796066
0.639816
-1.80095
-1.95118
-1.9244
-1.73381
0.218534
0.378672
-2.63462
2.96661
3.17396
-0.00664676
-2.37325
1.40232
1.31993
1.40813
1.3428
-0.707399
-0.642614
-0.496741
-0.350826
-0.492816
-0.512056
-0.516468
-0.597991
-0.592807
3.09713
0.328311
-3.73108
4.55451
0.777892
0.592317
-4.2741
2.17884
2.07064
1.98748
3.2848
3.20081
-2.16171
-2.3568
7.84576
-4.96582
-3.02632
3.26529
3.29802
-2.42002
-2.17636
-3.24785
-2.18841
2.69416
2.71061
1.03217
1.10182
-5.21782
-6.87277
-0.400722
-4.46385
-1.62697
-1.59628
-1.55411
-1.61511
-1.61977
-1.64045
-1.64617
-1.70161
-1.77904
-0.156621
-3.86676
-2.57047
1.25935
1.25951
1.40567
1.26785
2.85705
2.87906
-2.93401
-1.27524
4.29606
3.26043
0.607971
0.510496
0.73833
0.497077
0.551748
0.414556
-0.984619
-0.974972
-1.16877
-1.06664
-2.66497
-2.98068
-2.91889
-2.05206
-0.054752
-2.18298
-6.55764
4.03978
-3.41973
-4.61582
-3.76029
-1.33778
0.169345
0.180468
0.10499
0.112576
0.166732
-2.66129
3.26129
-2.19279
-2.17991
-2.13426
-0.70664
-0.417845
-0.646135
-0.636176
-0.52071
-1.95987
-1.96084
-2.05177
-1.99782
-3.86964
-1.24917
-1.20958
-1.21689
-2.26312
-4.41778
0.936153
0.960797
0.988373
2.54173
0.821321
0.832923
0.996876
0.815248
1.0027
2.53156
2.45746
2.59299
-0.511281
-0.441628
8.23302
-1.79776
-4.8539
-3.42998
-3.43753
-4.78179
1.837
1.8594
1.1797
1.22552
1.3227
1.32157
-1.4938
-1.32222
-2.17053
-2.1173
0.778353
0.77197
0.742349
0.725574
0.657707
0.647758
0.641217
0.801722
1.60731
1.60306
1.66142
1.7409
-1.83471
0.160945
-3.38159
4.0428
-3.20693
-1.36205
-1.37358
-1.40457
-1.37243
-1.1986
-0.294272
0.966887
1.09601
1.00567
0.972193
0.981017
0.989476
2.53738
-0.266499
0.0253085
-4.09989
0.404707
0.453091
-1.10714
-0.964921
-1.74041
-1.73393
-1.79331
-1.58156
-1.59751
-1.8558
1.65593
1.61225
3.88463
0.961716
0.919275
1.08536
1.11518
1.06224
1.02423
0.923073
2.41602
2.24663
-2.40409
-1.56394
-1.75267
-1.82642
-1.80022
-2.02899
-2.15566
-2.11616
-2.13987
-1.95834
-1.91924
-2.01583
3.37368
2.71733
2.77784
2.75596
2.68173
1.30184
4.94549
-4.17375
2.14878
3.72764
4.07227
-2.05073
-3.32312
-5.06147
5.75264
2.22837
-4.3224
-4.18567
-0.240297
-0.391616
-1.07395
-0.907089
-1.05299
-0.987374
-1.09423
-1.06644
-1.00986
-1.09382
-1.14976
-2.95447
0.58293
0.552266
0.514012
0.614184
0.452786
0.515701
0.356021
-3.77685
-3.77336
2.88685
2.72758
2.53295
2.8786
2.68737
-1.15843
-1.08683
-1.10293
-1.00648
-5.23921
-4.90496
-5.04587
-1.34321
-1.34292
-1.31034
-1.41807
-3.06712
1.79646
1.75515
1.88066
-4.19478
-3.04689
2.9392
-0.809596
-0.962855
-0.735951
-1.15893
-1.13146
-1.06537
-1.08498
-1.17454
-1.17776
-1.21579
-1.09127
-1.1904
-1.12215
-1.06372
-0.479616
-0.644652
3.40027
2.62961
-5.1132
-1.92762
-1.81681
-1.93224
-2.04605
-3.14227
1.11936
1.14088
1.10624
1.09476
0.924308
1.17395
1.12122
0.839286
0.871927
0.939905
3.67534
-0.668975
-0.697634
-0.579539
-1.09854
0.8155
0.790706
1.95765
0.968977
2.82017
-1.71412
1.83308
1.82443
1.85599
2.52426
2.53036
4.24078
4.34001
-0.278747
-0.248231
-4.65272
-3.16674
1.15204
1.34068
1.26396
-2.68695
-2.68722
-2.71002
2.67408
2.47912
-2.65641
-0.0239756
-1.9878
-2.14241
-1.9544
-2.70722
2.6667
2.20798
2.29364
0.0436861
0.126894
-2.74859
5.73591
0.564544
0.554023
0.474551
0.444325
0.215928
0.168105
0.234854
0.419071
0.281028
-2.32588
-2.3799
-2.00123
-2.00895
3.82366
-5.00171
4.00144
0.887256
1.15802
1.2103
1.26351
1.16409
0.013587
-2.1677
-2.10067
1.05814
0.697911
3.60021
-3.96628
-3.81518
-4.49861
0.2552
0.410711
1.57347
2.36265
-1.38961
-1.14557
-2.93314
-2.49151
-2.23332
-2.22714
-0.730641
-0.667695
2.68085
-1.36105
-1.29736
-1.44145
-1.40639
-4.37201
1.04869
-1.40107
-1.25943
-1.28346
-1.31441
-1.16823
-2.24902
-1.19946
5.43469
3.21715
0.601308
0.846865
0.816301
0.838748
0.81637
0.716649
0.77118
0.924864
0.877924
-1.98476
-5.23891
-2.60329
2.18647
2.35024
2.3164
2.40176
2.51274
-0.916428
-0.921809
-0.913698
-1.05368
-0.916257
-0.883847
-1.27944
-3.39277
-3.41128
-4.4038
-6.62651
5.83329
-2.91594
-2.832
-2.63544
2.90624
0.0369857
-0.0760559
-0.0610059
0.012071
-0.059863
-2.54781
-2.45931
4.09704
-0.473608
-0.264046
2.52045
2.66253
1.77819
1.82834
1.51494
1.40566
-2.03592
-1.98176
-3.95413
2.3
2.53766
2.50933
-4.26276
2.38256
-0.861103
-2.48756
-2.67852
-2.5353
1.49166
1.66099
1.60544
1.6409
-3.88605
1.45462
1.5209
1.40398
1.65415
0.377211
0.24517
0.179774
7.02778
1.78712
1.88026
3.07454
-1.73618
-1.87477
2.20339
1.47545
1.98883
2.56209
2.4944
2.62728
-0.291494
0.88106
0.913157
0.849331
0.857251
0.464642
-0.318736
-0.828186
2.31752
2.33146
2.37514
2.35154
2.39258
0.506144
0.550485
-3.901
-3.2461
-2.5543
0.228443
0.15232
-3.20131
-3.75581
1.22978
1.10095
-0.971121
-0.994489
-0.965565
-1.12938
2.4395
2.2463
1.59503
-4.58607
0.089102
0.0864711
0.64129
0.435374
0.399507
0.408769
0.381399
0.629584
0.569903
-2.48198
5.32446
-3.42737
3.26306
-3.52102
-0.112995
-0.111222
-0.102999
-0.135845
-0.129288
-0.122972
-2.29953
-2.68612
-2.65227
-1.15274
-1.37708
-1.42037
0.800988
0.833282
0.803989
0.579026
0.502323
0.599378
1.36595
-3.53862
-2.70314
-2.73059
0.329658
0.280026
0.252773
0.24168
0.294558
0.274442
0.285644
-2.12509
-2.07134
-1.97681
-1.97753
-2.06943
3.22392
2.45433
2.63774
2.13959
-2.55458
-2.42265
3.472
3.45937
1.26127
1.3963
1.49205
1.39429
1.42498
1.39154
1.63573
1.38134
1.37972
1.44071
1.47612
4.99024
4.65365
1.54672
4.00699
3.93063
3.75684
3.64553
-0.522504
-0.515316
-0.438315
-0.318548
-0.527916
-0.355791
-3.78895
-2.04197
1.48
1.56572
1.61711
1.65864
5.13366
0.0701983
0.157309
3.97202
-4.08541
4.69383
3.37578
3.17148
-1.13266
-1.0575
-1.01088
-1.00915
2.8708
2.96274
2.9222
1.57421
1.6454
1.62759
1.65127
1.55838
1.49282
-0.690769
-0.872494
3.19966
-2.31472
-2.91952
0.83028
0.759029
0.741843
0.644334
0.577013
-0.329324
-0.531745
-6.4991
-0.311349
-0.265323
-0.305035
-0.267008
-0.325995
-0.334625
3.20836
3.06559
-5.89745
0.566041
0.789051
0.943773
0.904738
0.916725
0.739369
0.904958
0.873033
1.8699
1.52095
1.68749
-1.63901
-3.85796
3.6286
3.60856
3.80761
-0.776074
-0.820323
-0.855604
-0.894951
-0.872208
-0.678106
-4.73821
3.30097
3.22918
1.09469
1.11942
1.12556
1.06821
1.21514
2.24017
-5.77823
3.51982
3.71918
3.63073
2.56145
-0.265043
-0.382961
-0.367957
-0.263272
2.82262
-0.329385
-0.161925
3.13702
0.702267
0.581407
0.691668
0.473893
0.427788
-1.49985
3.16225
2.02721
2.04421
-1.6817
-0.00292343
-0.0715626
-1.41384
-1.47153
-1.34143
-1.35606
-1.41744
-1.46181
-1.38301
-3.62704
-3.45222
-3.61742
2.20014
-3.48004
-3.40655
-2.55984
-2.40367
-2.52605
-2.63123
5.67252
0.710079
0.849926
-3.1896
-3.21768
1.06139
1.301
1.24297
1.01111
0.962534
0.889736
0.908652
0.995364
1.17041
1.03414
-3.97581
-2.58465
1.84869
1.8427
1.80892
1.8457
-2.53463
2.4904
2.65673
-2.06116
-1.85799
-0.171064
-0.253673
-0.255255
-0.208483
-0.276769
-0.173403
-0.205355
-0.294861
-0.186732
3.44032
3.43586
6.23259
-2.68029
5.28454
3.35293
5.01278
0.335661
1.28887
1.25352
7.00119
1.91086
2.06895
-0.522338
-0.404686
-0.270312
-0.152391
3.2086
-2.59061
-2.50981
-2.50156
-2.64451
4.06894
0.413477
0.405177
-1.30222
-1.27059
5.98746
-2.55235
-2.66964
0.992015
0.891012
0.936704
-5.49947
4.76353
2.72832
-1.55568
-1.33624
-1.29698
-1.32543
-1.29208
-1.26382
-1.30774
-1.32621
-1.40371
-1.39695
-1.48383
-1.44562
-1.47972
-1.37217
-1.44568
-1.32685
-1.59528
-1.38294
0.422087
1.52398
1.53535
-7.2463
4.38585
-4.87347
-2.62395
-1.97087
-1.85054
-1.98224
-1.93843
-1.96498
-1.97378
0.782859
0.784293
0.922689
0.813344
0.803163
0.820292
-2.26767
1.63778
1.66251
1.59587
2.75432
2.73403
2.00112
-0.133308
-0.243424
-0.284189
1.6126
1.54296
1.51238
1.48384
1.46122
1.47304
1.47752
1.38317
1.40159
1.43717
1.45589
1.23254
1.59232
3.09497
3.70078
-0.3729
-5.83864
-1.76931
-1.50066
-1.28589
-1.39564
-1.1563
-1.19313
-1.94499
-2.05106
-2.01177
-2.53475
-1.70596
-1.69945
1.41425
1.27216
5.0496
5.02497
-2.55002
-3.82873
1.68752
1.53635
1.46953
1.43057
1.4994
0.852509
0.990293
-3.36525
-3.37972
-0.310025
-0.378454
-0.681798
-0.650738
-0.396198
-0.515129
-0.47998
2.41956
-1.17323
3.678
5.24266
-2.64377
-2.65381
-0.559088
-0.642747
1.9813
1.89278
1.1542
1.05512
0.982926
1.06588
1.06826
1.0266
-3.80793
3.04271
2.37865
3.41713
-3.0062
0.278742
-1.71381
-1.70088
-1.3383
-1.44734
-1.62313
3.27361
-2.31311
2.59543
-5.75801
3.26317
-2.62118
-2.55338
-2.75965
-2.69551
-2.65925
-2.6075
-2.6782
-3.01842
-0.837146
-0.944679
-0.843403
-0.950591
-0.639904
-0.654881
-0.845998
-0.863379
-0.743266
-0.819446
-0.882851
-0.83793
-0.738651
-2.66616
-2.53767
-2.45506
1.85447
2.09957
2.53061
4.12912
4.23357
-2.53247
2.1661
2.11641
2.04419
-4.66845
0.505051
0.523534
0.580491
-3.2267
-3.32124
-3.20544
-0.781813
-0.755772
-1.00162
-0.997359
-0.996726
-0.807734
-0.766782
-0.807159
-0.764078
-1.07691
-2.27426
3.81022
4.00023
-1.82786
-1.63864
-1.67752
-1.72184
-1.19584
-1.24949
-2.03247
0.341936
0.300503
0.55012
0.410502
0.429062
0.490874
-3.01418
0.0110385
-1.30958
-1.23406
-1.38219
-1.36474
-1.50719
-1.46738
-4.0704
2.51745
-1.66884
-1.62717
1.89599
1.8683
1.66903
1.83037
1.66978
1.74984
-0.439533
-0.458398
-0.582695
-0.432386
-1.59135
3.62364
3.09477
0.687188
1.09535
1.03176
1.05287
0.92416
0.83533
0.800499
0.898004
0.744145
0.928046
-3.49257
-1.13855
-1.12137
-1.13992
-1.02308
4.2437
0.928289
1.04354
-2.97434
2.89095
0.20485
0.212295
0.160349
-0.146993
-0.00609394
-0.0540015
-0.0376389
-0.193354
-0.113883
0.0292429
-0.0482215
-0.0738753
-0.125999
-0.120396
3.60896
3.64809
-1.97148
1.18547
1.08629
1.1411
-2.95766
-3.84977
-3.82724
0.195067
0.102299
0.0720764
0.163808
-0.0771738
-0.139954
-0.251188
-5.39727
4.27587
-0.301207
1.36275
-2.24454
-2.40231
2.47852
-3.90684
-3.81328
1.75267
1.71006
0.0214178
-0.26016
2.6684
2.42489
-1.13035
-0.764869
-2.23738
-0.504163
-0.462559
5.04832
5.98285
-2.18051
7.99791
-0.133566
-2.49864
-2.57762
-2.37132
-2.53642
-2.57999
-2.41158
-3.60862
-0.813302
-0.793878
-0.638189
0.777053
0.831078
-0.0449563
-0.120914
3.24475
2.75133
0.791203
0.907694
0.794925
0.885217
0.810921
0.83646
1.38384
4.09194
0.794645
-3.5302
4.07738
0.985062
1.12484
-4.97907
5.14767
-1.17378
-1.08434
-1.20524
1.51289
1.3201
1.25403
1.23591
1.35024
1.37851
1.29889
4.44646
-0.206135
-1.67393
-1.82535
-1.79933
-1.76577
-0.957687
-1.37009
-1.43932
-2.61569
-5.50288
-2.65377
-0.370025
-0.343901
0.667793
0.424376
0.564178
0.616488
-2.38957
-2.17843
0.321427
0.418999
0.23054
0.12131
0.406138
-2.6247
1.28748
-3.78282
0.66912
0.560187
0.721701
-3.47485
-3.56915
2.56304
2.4354
-0.577315
-0.528002
-0.469742
-0.61664
-0.646521
2.02772
-0.336019
-0.588495
-0.586268
-0.520229
-0.481967
-0.654842
1.91621
1.94175
1.71896
1.66747
1.87679
1.71316
1.83387
1.80182
2.0003
-2.28815
3.18023
-2.03941
-1.80629
-1.96624
3.56739
-5.45106
-4.04637
0.908915
0.717122
0.886245
0.72706
0.883807
0.917636
0.893669
0.928603
-5.74274
6.72665
-0.209999
-0.194401
-0.312104
-0.282291
-0.306108
-0.228817
-0.151159
-0.178744
-0.183631
-0.116524
1.22269
-5.1374
-4.17531
-2.32244
-1.48727
-3.52135
0.610681
-3.85619
4.58925
-3.46834
3.21775
3.14723
3.74136
0.832069
0.881575
0.965286
2.33385
2.31775
-1.24438
-1.54043
-1.58033
-3.32558
1.83294
-2.83284
-1.93415
-1.75169
-3.80128
-2.85061
1.92815
-2.96534
2.26227
2.41059
1.39681
1.52793
1.5204
2.59077
-0.765426
5.71518
-3.68871
0.619577
0.895705
6.26861
3.53779
3.33248
3.15642
3.44869
-2.49312
-2.66229
-2.79759
-2.7933
5.38653
-1.40907
-1.25418
-1.28098
-1.01631
-1.19598
-1.26644
5.31008
3.63107
3.64304
3.67004
2.5941
-3.28524
-1.15697
3.30323
3.45115
3.59913
-1.47904
1.99519
0.641038
0.544204
0.704742
0.586221
0.962976
-2.10118
-1.9164
-2.1241
-2.00202
3.81209
-6.06225
0.181962
0.0577738
-0.193345
-0.132921
-0.100401
-0.0542931
-0.0957283
-0.120884
-0.165666
-0.167326
-0.193458
-0.119531
1.7944
-4.48215
-3.99518
1.39952
1.61248
-0.171812
-0.0661214
-0.0226387
-0.038133
2.55287
2.77405
2.77903
1.69787
1.809
1.75726
1.68231
-0.981057
-0.790868
-0.682569
-0.784941
-0.781269
1.349
5.21849
-0.162365
-0.207845
-4.09227
1.21515
1.15725
1.09594
-1.26681
-1.19373
-3.72692
-3.67806
-3.61709
2.84556
2.8686
2.77872
1.33925
1.26576
1.43478
-4.54528
1.53931
-1.55574
-1.6336
-1.6802
-1.64007
4.83726
-0.174339
-3.56912
-3.62407
0.429544
0.518386
0.515585
0.545672
0.54307
0.52356
-1.53569
-1.62036
2.81607
-3.20211
-5.43339
4.71266
3.55083
3.40795
-1.23278
-1.25361
4.07377
3.79713
3.2259
3.00248
3.51107
-3.60735
-3.7781
1.70908
-4.03077
-1.18833
-1.29723
-4.90865
0.609868
1.72997
2.01492
2.06853
1.93802
2.15233
-2.22269
-2.21188
-2.02441
-2.12131
-2.31962
-2.30304
-1.80814
1.12519
2.29289
2.32138
2.35715
2.27953
2.3294
0.127815
0.159096
0.124351
0.180942
0.093959
-1.39161
-1.32522
-1.56452
-1.55753
-1.66906
4.55179
-2.24169
-2.38108
-2.55654
-2.61211
1.22932
0.621721
0.62185
0.478633
0.549495
0.6762
0.632619
0.583033
0.643989
0.746007
-0.0562251
0.0651261
0.169271
0.141189
-1.05158
4.29726
3.57315
4.21477
4.10481
4.12998
-1.74445
-4.34831
-4.52934
-4.48039
-1.55545
-1.54944
-1.55675
-1.66535
-1.6461
-1.75329
-2.13591
-2.12436
-2.899
-3.08686
-1.41942
-1.34335
-1.5326
1.63079
1.4273
1.46758
1.42
-0.624202
-0.618507
-1.30319
-1.63691
1.09477
-1.63666
-1.59928
0.0225474
0.0268772
-0.0902231
0.139772
0.048318
-0.216491
-1.16046
-2.35934
-2.35981
4.10533
3.90297
3.05185
2.95318
1.83747
-1.42432
-1.39632
1.38303
1.41586
1.75729
2.9653
2.92454
-2.24996
-2.24209
2.61187
2.46098
-2.12075
-2.18447
-2.07548
-2.10878
-2.24893
-4.44233
2.29308
-5.02177
-3.02698
-3.13882
-0.891096
-0.663539
-0.477297
-0.648748
-2.50255
-2.13352
-2.45478
-2.61635
-0.342715
-0.373986
-0.361552
-2.48864
-0.291691
-0.4512
5.53255
-0.147591
-0.0821659
-0.101702
-3.30486
6.23305
-1.8542
-1.81243
5.01734
-3.75188
-1.62754
-2.94653
3.82678
0.772328
0.710178
0.828311
0.660178
0.813697
0.762985
2.41335
3.69039
3.53854
3.55711
-0.254687
-0.262332
-0.616328
5.04717
0.781013
-4.06932
-1.55387
-1.46385
-0.551027
-0.349674
-0.529867
-0.442057
-0.488787
-0.489119
-0.614554
-0.670874
-1.52251
-3.0648
-0.282799
-0.298495
-0.387124
-0.382345
-0.326455
-0.430887
-0.363997
-0.393366
-0.238454
-0.535876
-0.262177
-0.231519
-0.24405
-0.255819
-0.239553
-0.251682
2.78123
2.75416
2.68498
1.36396
1.5756
1.55873
1.54937
1.62144
1.66462
1.53278
1.51976
1.56227
1.53312
1.53973
1.57222
3.39941
1.62662
-2.47118
-2.41401
-2.90599
4.43648
2.88587
2.65892
2.91442
-3.40577
-2.4861
-2.42386
-2.31062
-2.32494
1.51985
1.75067
1.86209
1.67304
1.75413
1.73006
-3.10541
1.61594
1.5793
1.62367
1.71795
1.60223
-3.02776
0.368685
0.240643
1.53467
-1.16693
-1.14195
-3.45211
-2.6917
-0.863233
-2.90521
-2.79768
-3.3239
-6.79854
3.92131
-4.65261
-2.56466
-2.43308
2.0128
1.99192
-5.78902
0.372628
0.311397
0.28363
0.215579
0.208533
0.360128
0.30056
0.282872
0.254869
-6.2181
0.10582
0.0688752
-0.113416
0.169427
0.11978
2.68665
2.65438
2.64853
-5.47416
-3.24144
0.846076
-0.605787
-0.576892
4.52295
0.444488
0.171606
-2.99901
-4.35701
-0.850145
-0.820692
0.902111
2.34594
2.45816
2.36048
-0.777788
2.13043
0.965542
0.735597
0.987416
0.73585
0.95018
0.946825
-5.92582
-0.836539
-1.13646
-1.09209
-1.06629
-1.06164
4.1753
-1.28074
-2.31075
-3.31272
-3.28844
-0.0715866
-0.269575
-0.222029
-0.384372
-0.41885
-0.328999
-0.290426
-0.300112
-0.430416
-0.150972
-0.253282
-0.117822
-0.123472
-0.17716
-0.18379
-0.118647
-0.466585
-0.42142
-0.453854
1.53565
1.50912
-1.61832
-1.51249
-1.64151
-1.38825
4.04208
2.21658
2.50763
2.106
2.3899
2.26343
2.14403
2.35499
-2.14972
-2.42632
2.64438
-2.23648
-2.29203
-2.30128
-2.14113
-2.19541
3.69925
2.39919
2.29763
1.03596
1.04019
1.14133
-0.0938476
0.0196295
-0.0375152
0.0399614
-2.1311
-2.70523
-2.67206
-2.71062
-2.80963
-2.98335
-2.73225
0.922875
-4.96693
0.0636081
0.116076
0.0110271
0.0855705
0.102882
0.0992817
0.0738674
0.0843988
-1.87245
-1.94991
-0.693507
-0.790671
-1.97672
-0.167441
-0.0385479
-0.000572141
-0.0640237
0.0505952
0.0269073
0.130445
-2.72833
-3.42633
-3.34246
1.57503
1.54389
1.53869
1.54318
1.57559
1.51835
1.62153
1.59627
1.48825
1.73575
1.85618
1.87966
1.78487
2.89698
-2.86701
-2.05899
-2.08674
-2.96553
-2.88192
5.18364
1.69296
1.84661
1.73313
3.75553
3.61747
-0.00778527
-0.0535725
-0.0761694
-1.08712
-0.610545
-0.582969
-0.659179
4.30888
2.04771
5.34438
0.545799
0.44367
0.42077
0.242189
0.109216
-3.51455
-3.74297
5.34838
-1.12337
-1.08142
-1.02552
-1.24623
-0.951956
-1.00677
-1.02642
0.161539
2.08906
-3.57398
-5.3664
-2.91648
-1.24728
-2.03737
-2.27595
-2.9388
4.6757
-0.88903
-0.0647226
-0.0186054
-0.186513
-0.336486
-0.175709
-0.336939
2.7833
-0.291331
-0.364291
-0.401182
-0.428214
1.17037
0.888625
-5.35485
4.7052
-3.59087
-5.1925
1.13394
1.17404
1.02695
0.917365
2.47425
2.64565
2.67156
2.57174
2.42601
1.06215
1.00162
-2.53689
4.69792
-3.86599
-2.72038
-2.6025
-2.61567
-2.65202
-2.44926
-1.72398
-1.71886
-0.552561
-0.55123
-0.532716
1.69997
-3.50919
0.853068
0.920144
0.571542
0.808535
0.640864
0.493976
0.536377
0.457591
0.364271
0.603012
0.431132
0.45199
2.30111
2.25113
2.44515
-0.75271
-0.835167
-0.827297
6.66705
0.0189214
-0.150084
0.0876726
3.09472
2.10163
2.13676
2.03183
2.23004
-1.70728
-2.9049
-2.90713
4.59752
0.940675
0.917338
-2.056
-2.12933
2.89983
2.90983
-0.0650863
-0.0712569
-0.0984416
3.78823
2.62
1.89928
1.84621
2.00017
1.86421
1.82643
-2.06824
-3.94384
-3.72249
5.26795
-6.14467
-1.35273
-1.33422
-1.35651
2.48519
2.30652
2.39959
2.47367
2.56378
2.64115
2.55421
2.45565
2.41682
2.56217
-4.42986
2.1618
2.06557
2.07778
2.24138
-0.223068
-0.266464
-0.268274
-0.209969
-3.03343
-1.26757
-1.36307
-1.24091
-1.43712
-1.51909
-1.28781
-1.31982
-1.24901
-1.24243
-1.26847
-3.27544
-7.76839
-2.51262
-2.43869
2.86327
2.65206
3.96568
-3.9831
-2.63878
2.76722
1.48468
1.47086
1.53583
1.57993
0.478127
0.614081
0.515359
1.51563
5.62732
-1.57913
-1.54115
-1.37717
-1.35224
-1.47811
-1.42175
-0.192066
-0.164031
-0.349421
-0.358402
0.785824
0.627097
-3.91968
-4.07037
2.80876
2.85409
-2.89185
-2.9596
-2.88726
-0.227471
-0.292447
-0.172996
-0.412838
-2.58109
-2.52515
-2.32769
6.31596
-2.7146
-3.04656
0.576623
0.714575
0.643148
0.681993
-1.70331
-1.70265
-2.68399
-2.64774
-2.51817
-2.58274
-3.96389
-4.02005
-4.98439
3.56764
4.16414
5.23077
-2.83732
2.46565
2.46663
2.52621
2.32245
2.47541
2.49161
2.59417
2.32528
-1.3063
-1.49924
-1.45398
-1.17728
3.10056
3.15347
2.60466
2.41232
4.27304
4.17156
0.107976
0.364416
0.0917073
0.370577
0.958935
0.938959
-3.6132
-3.35587
-4.11949
3.7837
-1.13579
-1.25201
-1.20679
-0.890852
2.70519
2.52589
-3.95562
-4.1386
-1.86686
-1.57906
-3.73973
2.47181
-3.79695
-0.907443
-1.44946
-1.44165
-1.48622
-1.15134
-1.19279
-1.14153
-1.32529
-1.16364
-1.19883
-1.18651
-1.18009
-0.914988
-1.0511
-1.06297
-1.1594
-1.08409
-1.10667
1.32464
1.5117
1.40975
0.551752
0.60899
0.571681
0.651883
2.89106
2.95452
0.0902728
4.92978
2.42198
2.23117
2.60995
2.49545
2.41917
1.97412
-0.171095
-0.262614
4.12722
-2.96619
-1.36209
-1.41657
-1.41553
-1.3627
-3.92156
1.12193
-1.86506
-1.92493
-4.78829
5.3014
-0.627866
-0.413245
-0.31382
-4.42275
-7.59665
-3.44108
4.90416
-0.476819
-0.448656
-2.44856
-2.48957
-2.54827
-2.24949
-2.18171
-6.44804
0.565787
1.51508
-0.0329845
-0.0623638
-0.0447477
-0.00425047
-4.93867
3.82476
1.04589
1.10896
1.17328
1.2737
0.668922
0.735107
-1.74656
0.0275107
6.63788
-4.18691
-4.0735
0.336469
1.65521
-2.49918
-4.23251
-4.25822
-3.69302
3.5847
3.61078
-2.70177
1.19475
1.30332
1.35795
1.28017
1.29919
1.38486
1.25966
2.96337
2.67286
2.70594
2.81983
-4.38784
-2.66075
0.919509
-1.36394
-1.88292
-2.01619
3.4195
0.16178
0.0699813
0.181119
0.0536068
0.138326
0.130793
-0.155098
-0.0303367
0.0827931
-0.0545197
-0.0954991
-1.17651
-1.08015
-0.839003
5.48016
-2.15327
-2.12626
-2.38811
-2.50928
-2.50279
-1.59296
-1.54986
-1.79897
-1.57503
-1.55054
-1.64861
-1.78052
3.4036
3.39096
-3.99477
-3.63521
3.00834
-3.24187
0.152354
0.214502
1.3174
1.18845
1.3198
1.3061
1.10764
0.736066
0.449857
0.490718
0.539599
0.623436
0.599974
0.700174
0.523389
0.540089
0.720682
0.655895
0.568541
0.496563
0.627949
0.57243
0.659579
0.643511
0.641753
0.573196
0.690604
0.712949
0.777931
0.9623
0.730429
0.73013
-1.7138
-1.68875
-4.64155
0.135792
-0.271881
-0.294503
-0.288527
1.75757
1.89937
1.71682
-2.33298
-0.918592
0.136139
0.253538
0.243512
0.150139
0.159782
-0.925978
-4.1842
-1.09819
-1.13725
5.05848
-1.02162
-1.142
-1.02301
-3.71204
-3.777
-3.82323
2.43877
3.52768
-0.159857
-0.0991716
-0.089154
0.0333408
3.69897
1.86973
1.9737
1.83885
3.2944
3.15066
4.4449
-1.59239
2.71365
1.09276
1.12257
1.1173
-1.16099
-1.01578
-5.36907
-2.53488
-0.329265
-0.370784
-1.65167
-1.36747
4.30991
-2.02366
-2.37838
-1.17684
-1.28766
-0.249988
5.0192
5.3261
6.10437
-0.252029
-0.281453
-2.49926
2.56981
2.81491
0.951479
0.929306
1.09921
1.14483
1.16158
1.2268
1.11404
1.15897
1.1765
-3.89801
-3.99653
-1.85332
-1.00469
-1.03866
-1.15913
-1.187
-1.25156
-1.2545
-1.14379
-1.18191
-1.11965
0.685465
-2.38225
3.86264
0.0917953
0.0818542
0.120077
0.190989
0.0897891
0.0297374
0.275803
0.127341
0.212278
0.126659
0.201881
-2.25763
0.476588
0.62447
0.424756
2.32238
2.45435
2.501
2.5576
0.781734
0.814606
-1.82318
2.8779
0.627061
0.457668
0.529272
-0.923316
2.59616
2.61199
2.6473
2.76354
2.68725
3.63178
-3.16762
0.264204
0.226435
0.26866
0.178333
0.16772
0.0748445
0.203446
-1.14789
-1.45109
-1.24594
-1.16093
-0.233143
-4.74981
0.204162
1.47399
-4.45751
1.44841
4.30064
-0.869623
2.31588
1.56907
1.62637
1.60355
1.61662
1.67899
4.17802
-5.56576
-1.56625
-3.69614
-1.79643
-1.68957
-1.80586
-1.88089
-2.79126
0.900365
0.865137
-0.986797
-0.83485
-0.904077
-0.826739
-0.871279
-1.04057
1.38921
-1.08654
-1.15471
-0.949784
-0.908319
2.97453
3.01768
-2.09756
-2.09791
3.0595
-3.90099
-4.13
-0.100986
0.0696214
0.0568399
0.0659366
0.191515
0.0192583
0.17242
2.76848
0.889011
0.861686
0.90584
0.905003
0.807585
0.946564
1.05514
1.09378
0.857943
-0.503043
-0.328899
0.954685
-4.00435
-3.30475
3.15787
0.365473
0.381204
0.354326
0.504147
0.547867
0.404727
0.451071
0.390499
3.5129
-1.08738
-1.02888
-2.84064
3.28547
-3.18039
1.02553
0.0897234
-0.158436
-0.112582
3.08033
5.27353
-2.06616
5.1587
-3.27354
-3.10289
-3.17894
2.14168
4.73464
0.930978
0.906082
0.950443
0.773447
0.576034
-0.707854
-0.53054
-1.60447
-1.67482
0.472609
0.606964
0.402307
0.470337
0.544807
0.319678
0.479069
0.537732
-0.76787
-1.72712
3.12837
3.18526
3.03241
-3.9037
-5.07021
0.966418
0.922591
0.812348
-2.74922
3.04531
4.34262
0.554247
0.492754
0.615089
0.487438
0.551088
0.636619
0.663807
-2.59566
-2.50411
-2.53239
0.754441
4.2012
4.19945
-5.95828
-2.42277
-2.34497
-2.43536
-2.37424
5.89888
4.8246
4.37206
1.68328
1.73289
1.73476
3.05449
-1.26985
-1.39868
2.99893
1.54613
-4.00933
-3.90623
0.941121
0.991865
0.928177
-0.469179
1.32721
-0.719733
-0.815688
-0.809386
0.635426
4.67023
-1.26218
2.36999
2.28572
2.17546
2.38982
-1.2803
-1.1697
-1.30645
-1.09381
-1.09965
-1.01293
-1.10781
-1.02505
-1.21268
-1.16924
-0.87396
-0.895402
3.20092
-2.7916
-2.01949
1.34184
1.20452
1.40225
1.51396
1.75502
1.62508
1.61186
1.41035
1.39547
-2.08648
-3.37292
2.99563
-2.38948
0.689059
0.81317
0.802554
0.832796
0.818597
0.866597
0.98881
1.19734
1.11485
0.990509
0.942333
1.43207
1.50167
3.01565
3.01548
-4.27335
2.36267
-3.38299
2.0553
1.95552
-2.9967
-3.0469
-2.95895
1.33562
1.30958
1.36596
1.25979
1.32659
-3.56303
-0.111889
-0.0544758
-0.0791137
0.0329826
-0.0747627
-0.230971
-0.148771
-0.142039
0.0440362
-0.15984
0.0823141
-0.0610349
0.91502
0.591185
0.713921
2.12243
2.75553
2.9148
3.06147
2.95579
2.78219
2.96447
-0.0622063
0.122178
-0.0808891
-0.137709
0.724112
-0.676953
-1.46108
-0.270566
-0.468173
-0.598023
1.4079
0.963607
0.909792
0.37323
0.391463
0.367145
0.449869
-5.31513
-2.58404
-0.659075
-0.829119
-0.773462
-1.08022
-0.995898
-1.00333
3.06535
3.38701
1.45846
-4.76463
0.358112
0.180517
-0.370586
4.84052
1.05475
1.08945
-1.12064
-1.31292
-1.23405
-1.22644
-1.15982
-1.18596
1.22969
3.66042
3.31262
-5.78426
-1.09993
-1.09076
-1.52018
-1.54102
-4.4158
-0.207195
-0.176678
-0.047053
-0.0628205
-0.158413
-0.180606
0.126937
-6.90978
-0.958687
-0.891136
-1.91086
-2.04461
-3.50275
0.444365
0.455661
0.412723
0.507008
0.32538
3.64779
-4.09582
-2.56574
0.927073
1.02539
1.02026
0.975222
0.458996
0.509932
0.399678
0.508608
0.461126
0.395952
2.69052
-2.67377
-4.25845
0.407553
0.392719
-6.03054
3.43175
3.12074
-1.2821
-1.06785
-1.02919
-1.23583
-4.1692
2.37819
2.4231
2.33513
2.35906
1.56917
3.20853
-0.761249
-0.651949
-0.966227
-1.0831
-0.954236
-0.85943
-0.851108
-0.857963
-1.04103
-1.01521
-0.954282
-1.03685
-0.940252
-0.958902
-0.877808
-0.867014
-0.87882
0.467246
-1.99178
-0.952591
-0.98951
-0.846774
-0.910111
-0.896955
2.80329
2.50514
2.66811
-2.25385
-3.02787
-3.54701
-0.029068
0.0616677
0.165943
0.12326
0.194608
-0.00429989
0.118215
-0.0433789
-0.0676861
0.0155769
-8.59398e-005
-4.31967
0.0281811
-0.0406742
-0.0355779
-0.0759252
-0.0872677
0.811993
0.906331
-2.25908
-2.25597
-2.34744
-0.000415342
-0.0755575
0.858645
1.08464
0.916223
1.03656
0.867706
4.66428
3.78946
-0.34737
-0.332652
-0.340513
-0.00570342
-4.4054
-4.40253
-2.06931
-2.26673
-2.1199
2.74147
-1.73503
-1.70874
3.39105
3.23626
-3.18772
-5.19209
-2.65883
-2.49886
-3.87417
-4.22528
1.07513
-0.332035
-0.370964
-0.452164
-0.357321
-0.520599
-0.365122
-0.602613
-4.19152
-7.55286
0.133627
0.222259
0.229164
0.268765
0.284879
0.187312
0.100224
0.135533
0.142773
0.101449
-1.65611
-0.694932
-2.40718
-2.50786
-2.22145
-2.37033
-2.38414
-2.32336
1.22336
1.28908
-0.777735
-0.666954
-0.727191
-0.600723
-0.868151
-0.619758
-0.563345
-0.657244
2.23207
-0.573076
1.7127
1.77604
1.75999
1.73984
-1.25219
-1.1863
-1.1799
-2.92878
-1.73817
-1.71612
2.15907
-0.594003
-0.478115
-0.57995
-0.333837
-0.454314
-0.557326
0.390369
0.345579
0.295185
-4.13052
-1.0629
-1.07231
-1.08629
-1.09272
-1.0704
-0.0365035
3.04862
1.04818
1.10526
1.08986
1.24652
-0.266575
-0.121549
-0.392223
-5.03962
-5.11606
3.37101
3.61153
1.07638
1.14607
1.59613
1.68371
1.35115
1.51444
1.47863
1.57227
2.02327
1.97078
-1.77794
-1.58011
1.9175
2.00672
1.97819
2.01807
2.50987
0.88804
1.18586
-2.11884
-2.19672
-2.24708
1.78341
-2.31884
-2.1006
-2.36288
-6.62646
-1.25192
-1.24806
-1.42465
-1.31434
-1.36011
-1.28217
-1.37493
-1.38604
0.293637
0.11928
5.03423
-3.49983
3.7322
-2.84246
-0.73289
-0.783463
1.77507
-2.80429
1.60958
1.74283
1.67609
1.60989
1.67482
1.78583
1.76064
3.17366
3.08887
-2.9822
-3.16914
1.82406
4.1001
0.762148
0.804679
-2.15762
-0.432156
-0.514528
-0.423732
-0.481544
-0.484228
-0.298092
-0.295997
-1.27046
-1.41988
-1.22574
1.2431
0.471181
-3.96156
1.83647
-2.92907
-2.91287
-2.67394
-2.89676
-2.84008
-2.77453
-2.71654
-4.08288
3.30361
0.762454
0.683539
0.722438
0.727535
0.811741
0.818973
0.808134
0.657414
0.60557
0.741755
0.739582
0.717422
-1.82493
-1.82524
1.77048
1.98189
1.73652
2.89631
2.97225
2.8747
0.460479
0.443797
0.143196
0.178369
0.283236
0.154518
0.38076
0.223517
0.190175
0.245575
0.515644
0.208646
0.401869
0.196486
-4.30279
-3.67367
-1.12854
-4.53219
3.27858
2.82137
-3.27126
0.721011
1.61717
3.14749
3.2053
3.06005
4.53122
-1.24881
-1.45934
-1.16632
-0.397215
-0.376687
-0.260098
-0.229426
-0.324522
-0.355909
-0.291965
-0.372245
-0.298018
-0.146095
-0.191307
-0.229066
-4.38235
-2.52531
-2.49894
0.945991
0.837552
-2.4222
-2.49811
-2.43724
-2.32259
-2.41876
-2.47707
-2.33423
-2.32436
-2.3455
-0.975919
-0.833738
-0.747041
1.48651
-1.04887
-1.00668
-0.907467
-1.02079
-1.01296
-0.595293
1.21664
1.21537
2.39085
2.21272
2.32915
-2.67319
-2.59176
-3.2194
-3.46579
3.51638
1.68384
-0.157656
-0.192806
-0.151787
-2.20395
-2.18697
-1.96006
-2.02687
1.97965
1.95181
1.97848
2.18882
-4.14821
0.973187
0.956106
1.04331
0.92391
1.03194
0.862778
5.00976
0.19743
0.0963254
0.181149
-0.0280099
0.0850385
0.134699
0.0284486
0.0570787
0.0524008
0.176913
0.188716
0.110251
0.0934044
0.0675436
0.157487
0.137772
-0.0504216
-0.0861213
-0.12906
-1.83947
-1.88712
-1.83912
-1.83741
2.27755
-4.48742
1.56654
-3.63804
-3.2198
-3.12938
1.31951
1.28134
1.19743
1.20867
1.17521
1.09572
0.939502
0.911841
0.921963
1.07674
1.25452
-2.54536
-4.21205
-4.13376
0.191412
0.144119
0.0704541
0.309173
0.153608
4.54402
-3.63683
-0.117167
0.0393838
-0.0167011
0.0184731
0.0980016
0.129505
0.149165
-0.997902
3.45677
-1.94971
-2.00267
5.22194
-1.61937
-1.76593
-2.3981
-2.33906
-4.63089
2.15491
2.3039
1.00035
1.17198
1.06731
-3.17316
-3.34528
-3.1125
-3.32443
1.80147
1.89697
1.81075
1.89869
1.8707
2.1222
1.72719
1.83315
1.8907
0.655312
1.39815
-1.49281
0.747605
0.328836
0.264886
0.398136
0.239612
0.345626
-1.91248
-2.50889
7.09549
1.06881
0.862452
0.974215
-1.02948
-1.05544
0.766891
2.94771
2.8373
-1.53983
1.06898
1.11988
1.07854
-4.63184
1.20505
1.24472
1.40018
-3.87751
-3.00383
2.87481
2.78393
-2.79744
-2.67533
-2.71343
1.56506
1.76822
1.7553
1.84664
-1.50738
-1.43111
-1.32155
-1.52204
-1.56013
-1.31307
0.0740956
-0.1001
0.0160385
-2.89952
-2.86784
-4.09229
4.86409
1.876
2.86216
2.98025
0.0753295
0.101907
0.0674013
0.791801
-1.63056
6.51581
-2.3414
-1.55946
-5.90554
3.57559
3.42928
-0.939988
-0.957491
-1.11409
-1.13329
-0.826912
-0.821044
-0.847474
-0.913936
-0.851459
-0.802578
-1.00859
2.17885
2.26758
2.15572
-3.78931
3.08013
3.15887
5.84744
0.66004
3.97696
-1.49673
-1.53069
-1.51853
-1.40032
-1.55224
-1.72526
0.0640214
0.087577
0.143587
0.0548749
-1.74386
-1.59978
-1.73578
-4.05548
0.376032
1.48035
1.94168
-3.10764
-2.06739
-2.05227
-2.04863
-2.16784
-2.05785
-2.04123
4.80428
-7.46172
-2.15636
4.31729
2.36701
-3.64211
2.48528
2.34884
-0.388838
-0.321975
-2.18467
-1.53832
-1.55786
3.86278
3.00796
1.37296
1.38764
3.449
-4.6305
-2.17185
-2.19357
0.330233
-0.140358
-0.292868
-0.290345
-0.0623305
-1.89427
-1.87255
-2.86952
-2.84564
0.989935
0.760201
0.164876
0.338739
1.25698
0.964135
0.929571
1.03745
0.880774
0.931337
0.942394
1.91346
1.29596
1.10087
1.13997
1.36231
-0.148001
-5.26075
-2.43219
-0.483661
-0.407352
-0.257291
-0.398174
2.08578
-0.699276
-0.604969
-0.42939
-0.507299
-0.538932
-0.526797
1.07686
1.05852
-0.0455628
0.146429
2.72759
1.49745
1.57152
1.56035
1.47552
-3.82353
-3.84042
-3.85732
3.33167
-1.22505
2.28862
2.09603
2.21242
2.17109
1.79498
2.05495
-2.49382
-2.1814
0.604582
-4.88386
-2.4639
-2.4781
-3.33905
2.89629
3.20987
-4.46272
3.93192
-4.41047
5.53668
-3.19939
-3.26284
-3.20187
0.333908
0.856816
0.636981
3.81247
3.88855
0.587489
0.552839
3.97444
-2.83682
-2.88736
-2.84603
-2.9849
-2.84243
-0.0436476
-0.0528666
0.185417
0.278187
0.220788
0.198894
-1.28489
-1.22022
4.10209
0.462021
0.496224
5.10257
-0.999322
3.15877
-1.32079
-1.18037
-1.35018
-1.22941
-1.16605
-1.07135
-1.21454
-1.118
-1.22357
-1.16975
-1.05768
-1.11101
-1.0408
-1.1395
2.67184
2.01792
-5.41174
0.298777
0.329731
0.42165
0.319029
0.232366
-2.11148
-3.90138
-1.50732
-1.40786
1.52811
1.59229
1.44763
0.0175241
2.55075
2.47241
0.100213
0.0249161
3.00493
2.99925
2.80085
2.99555
2.8125
2.70738
2.9486
2.56652
-3.14507
-3.06386
-3.0111
-3.03389
-2.82911
-3.11062
3.92816
2.8195
2.78011
-0.000816441
0.0689463
0.0413645
-0.013252
0.0132612
-0.192691
-0.136789
-0.241629
-0.0534813
-0.27185
-1.06115
-1.05478
-1.04552
-1.03146
-3.45836
-3.65367
0.259671
1.70512
1.7131
-0.381485
-0.324641
-0.272967
-0.17378
0.0142548
-0.181685
-0.198702
-0.242432
-0.163695
-0.288476
-0.0318518
-0.0314431
-0.109165
-0.0181923
-0.181694
-0.16731
-0.212249
-0.456685
1.91144
1.75843
1.72644
2.76548
2.79302
2.94222
2.85882
1.91204
1.85293
-2.86414
-2.91457
4.21614
-4.53906
3.80076
-3.0204
0.301108
-0.592085
-0.556323
4.74523
-0.235807
-0.232222
-0.155274
-0.234211
0.768601
0.78982
1.82026
0.282568
0.266798
0.11196
0.139468
0.19503
0.131296
-2.1568
-2.05753
2.7486
2.65136
2.6917
2.81218
2.91351
-2.33844
-2.36137
-2.31579
-2.77866
-0.45377
-0.594181
3.44919
3.36853
2.43498
2.27398
2.06445
5.24819
-2.20768
-2.02448
-2.08846
-2.12409
2.46495
2.42184
2.62795
2.65175
-3.65888
4.39008
0.0422862
0.13776
0.036749
3.45062
3.27698
-1.29956
-1.38586
-1.21761
2.01787
2.0399
-0.808031
-0.764339
-0.694354
-0.055139
-0.0472804
-0.0254729
-0.124159
-0.251789
-0.255092
-0.251411
-0.140459
-1.13045
-1.05022
-0.927922
0.00547851
0.00740072
0.117294
0.286745
3.15674
6.24278
2.93304
2.77444
2.83616
-1.07399
-1.12343
-1.04645
-0.416955
-0.521283
-0.421781
-0.414088
-0.397675
0.477384
0.59888
0.543986
0.267337
3.49423
3.7708
-2.31109
-2.37016
-2.14158
-2.37225
1.90514
1.88851
1.85935
-4.13455
-4.05833
0.641885
0.523713
0.531521
0.580516
-0.437378
-0.535462
-0.278782
-0.254328
0.906498
0.774041
0.857669
0.652309
4.03539
0.924886
1.55107
1.55802
1.80651
1.66406
-1.60834
-1.38928
-1.59166
-1.56108
-0.072374
0.00447672
-0.124984
-0.112791
0.0426014
-0.0231979
-0.0171241
0.0181139
0.0654601
2.7348
2.78238
0.101407
0.0725376
0.0510997
0.131999
-0.0533801
-0.0702351
-5.03132
4.31508
5.47278
0.317448
-2.98215
-2.8989
2.55556
2.62868
2.78704
2.21204
2.07623
2.63425
2.61703
-1.16874
-1.13251
-1.15996
0.659382
0.662323
1.34041
0.937266
0.905594
0.824195
1.11594
0.815783
0.819295
0.750412
0.709739
0.740476
-0.456323
-0.479267
1.90771
1.76468
1.78733
1.93665
-4.30277
1.68898
1.59972
1.4533
1.56565
1.62364
1.69949
3.63185
3.52018
-3.68267
-5.22535
-3.57532
-3.81743
-5.22093
-4.3814
2.22448
2.26004
3.55577
3.48111
3.53548
-2.66779
2.19205
2.25502
1.8321
2.09626
1.96209
2.28935
3.71009
3.867
-1.97885
1.3126
1.52441
1.78081
1.65695
-1.42003
0.854904
0.986449
0.0435569
0.0635338
-0.0974187
-0.077986
-0.0690228
-0.0534536
-0.285037
-0.208327
-0.17614
-2.22019
-2.09421
-1.96419
-2.13508
-2.09773
-2.22359
-2.16011
-2.11337
3.38663
2.36409
0.73362
0.74863
-4.33439
2.07541
2.00215
2.03482
-2.99702
-2.81727
-2.72867
-2.89698
-1.69986
3.38364
-4.2083
-5.1915
-2.92404
0.532842
0.144901
1.643
1.55811
1.87744
1.77226
1.595
-4.94237
-4.81106
0.653438
0.79142
0.75857
3.75078
3.77456
4.27134
4.34244
4.3292
-1.56032
-1.57014
-1.86163
-1.47682
-1.55634
-1.50068
-2.92621
-2.893
2.96428
-3.59544
-0.0172285
0.144386
0.0165559
0.0367361
0.0491208
-0.0921424
-0.099023
-0.122858
-0.0814085
-2.88698
-0.632586
-0.689383
-0.651602
-0.650722
-0.812647
-0.71513
-1.02419
-0.695582
-0.805192
0.376761
0.138317
0.165875
0.328472
-0.838521
-0.752582
-0.633468
-0.801924
-0.764331
-0.772873
-0.873289
-0.668969
-0.700007
-0.786022
-0.729209
-1.12724
-1.04029
-1.12053
-1.95093
1.09184
0.946267
-2.94275
-2.96501
-3.02553
3.05253
-0.637477
-0.843951
-0.505773
-2.97001
-2.95249
-6.94636
-0.124507
-0.125673
-0.154893
-0.166498
-0.25535
-0.289393
3.70344
4.83386
-4.03799
4.22143
2.66511
2.74227
1.35714
1.34517
1.39001
1.38374
2.09017
-4.62332
-1.69898
-1.51895
-1.65437
-1.50128
-1.63779
-1.53885
-5.37433
-0.193907
-3.18589
-3.44164
-0.307777
-0.210655
-0.284167
0.0671197
-4.98312
-0.455854
-0.748162
4.3265
3.14178
3.24442
-3.08517
0.306107
0.372188
0.320148
0.3665
0.193982
2.42689
2.67758
2.34725
2.08901
-4.17457
3.08658
2.89019
2.97347
-3.97086
2.30183
2.29618
1.86247
1.88164
-4.17979
-3.23632
1.3654
1.41232
1.3821
0.0419116
-0.0171962
-2.79116
-2.69173
-0.952476
-0.788643
0.436791
4.04169
4.30543
-4.09552
3.42795
0.393017
0.497265
0.503568
0.37717
-1.18666
-1.38282
4.69203
-1.76229
-1.75629
-0.483672
-0.256034
-0.138843
-0.101062
0.0289729
1.74354
2.03896
1.82743
1.4138
0.399887
-4.83685
0.929603
0.919582
0.911293
0.910216
0.896125
1.0021
1.10133
1.0883
0.786975
-0.685905
-0.48822
-0.422022
-0.409412
-0.418423
-0.860788
0.369714
0.372476
0.200778
-3.29381
2.7507
2.80923
2.99439
1.40519
1.43233
1.45555
7.24467
-2.3819
1.88648
1.98763
1.89614
-5.09102
1.5723
1.15199
1.43818
1.38555
-2.87263
-2.95077
-2.07028
-3.97487
3.64575
-3.71356
1.5491
1.63849
6.00732
-5.00531
-3.18543
-4.10662
3.18091
2.91458
-2.32353
-3.83264
6.22232
1.92155
1.84114
-1.75996
-1.72599
-1.75696
-1.58855
-4.3424
2.26559
2.14421
4.34922
-4.05436
0.91497
0.949903
-4.77557
-0.529243
-0.674005
-0.430585
-0.382397
-0.52418
-0.459319
3.7162
0.65306
-3.60895
-2.95909
-2.30332
0.83911
0.991312
0.875637
-0.571946
-0.747846
-0.67925
-0.69079
-0.769222
-0.461924
-3.54502
-3.36775
2.39442
2.4006
-3.98387
2.06377
2.86523
-3.50092
-3.47897
-0.886828
1.11082
-3.00341
3.29788
2.92385
-2.64142
-2.43036
-2.76662
-2.78544
-2.75412
0.594917
-0.331482
-0.286455
-0.316908
-0.347489
-0.477005
-0.212809
-0.359654
-0.25512
-0.469845
-0.802075
-0.735173
-0.78592
-0.852847
-0.986453
-0.753759
-0.969057
2.20525
2.14288
2.07423
-0.647565
-0.679767
-0.742266
-0.530876
-0.549109
-0.649858
4.50081
0.709652
-3.74356
1.6235
1.59952
1.70339
-1.4972
-1.55788
-1.64275
-1.60265
-1.51498
-1.44379
-1.46742
-3.39187
-3.55418
-0.131674
-0.143777
2.85798
2.95445
3.15315
3.18388
2.54868
-2.81983
-2.2868
-2.08899
-1.93589
-3.83636
-4.28151
0.734777
0.771897
0.670409
-0.747629
-0.749708
-0.773117
-2.21407
4.93254
2.49117
2.44912
1.08083
0.957419
0.629563
0.843757
3.95135
4.06316
-6.05052
1.59298
2.34293
2.31611
2.29925
2.3102
4.76666
-2.92772
-0.139587
-0.0298069
-0.0275338
0.942781
-4.5791
6.25202
-0.991229
-1.04038
-1.02191
-5.44477
3.66604
3.76471
0.751899
2.11795
-2.13455
-2.28845
-2.27456
-1.2576
-1.06662
-1.03273
0.404635
0.20522
0.189873
-2.58854
-2.3627
-5.38695
0.0311696
-0.0441663
0.0479621
0.382942
0.379657
-0.384468
-2.17105
-2.23897
-2.10732
-2.0859
-2.23967
-2.26334
1.39751
1.63597
1.64687
-0.958081
1.2449
-4.81415
-4.60748
0.197033
5.10979
-3.32069
-3.17415
-4.50203
0.189713
3.67204
-3.24739
5.34069
0.120867
0.100712
0.313853
0.325232
0.344732
0.366279
0.0615153
-0.313254
-0.173693
-0.2118
-0.19351
1.69706
1.54364
2.21502
3.31897
3.32365
3.29454
-0.907716
-0.96025
-0.795229
-3.61398
4.8908
-1.60764
-1.64853
1.54455
2.61611
2.62842
2.444
2.61431
0.801587
0.556946
4.4645
-2.21825
-0.963715
-3.39816
4.82631
4.84256
2.83581
2.55378
2.61236
2.51948
-2.07546
-2.26902
0.0115449
-2.11833
-4.28906
2.83764
3.18952
2.45483
2.45968
2.67309
2.31202
0.147309
0.0243252
0.0363041
-0.0753645
-0.0192441
3.17304
3.03654
1.40289
-1.69075
-1.86662
-1.84964
-1.73275
-1.76578
-1.66072
-1.7233
-1.70747
-1.83177
-1.76417
-1.56664
-1.76314
4.30943
-1.15843
4.77872
4.3841
-1.96254
-2.04321
1.08164
1.00679
1.22821
1.08547
3.3411
3.25849
-1.83808
-1.60418
1.35307
-0.752667
1.95228
1.98709
1.94751
2.00508
0.242791
0.194056
-0.014165
0.0926889
0.253355
0.0338084
0.0388758
0.253994
0.0894369
0.104816
-0.276876
5.10068
3.38586
3.49684
3.30794
2.71053
2.85564
-0.400709
-0.31918
-0.395584
-0.411517
-0.403413
5.88235
1.39318
-1.93464
-2.19063
-3.16737
3.71422
3.61171
-1.46072
-0.673924
-0.664257
-1.13563
-0.126178
-0.110947
-3.02161
-4.93866
3.85299
1.23564
-3.28093
1.00106
0.931055
-0.311448
-0.288503
-0.249998
-0.238815
-0.236066
-2.88246
2.48161
0.514441
0.823786
0.655889
0.723793
0.700787
1.76083
1.51365
-1.66186
-1.67508
-1.79071
-1.69939
0.971416
1.06119
1.79921
5.08721
-0.404245
-0.452939
-0.293865
-0.348512
-0.435712
-0.400814
-0.373697
-0.295388
2.39687
2.21312
1.58102
1.52525
1.45827
2.54421
2.47759
-2.54576
-2.53784
-2.47407
0.598795
0.508475
0.591546
-0.687458
-0.677474
-0.553124
-3.87094
1.39017
-3.17572
-3.09139
1.58282
1.47681
1.57336
1.67309
2.19385
2.27609
1.92195
4.50181
3.43759
2.33764
2.24999
2.37253
2.15228
-2.92605
-2.80874
-1.07708
-1.14718
-1.20971
-1.06081
-1.01915
-1.2911
-1.42003
2.3145
2.34012
2.23347
-3.37686
-3.43854
-2.92572
1.94074
-5.49843
0.695385
0.377625
0.496859
0.655241
0.150895
0.272794
0.165458
0.372521
0.930079
-2.54123
-2.38925
1.75187
1.61103
1.95635
-0.657174
-0.631583
-0.576416
-2.90118
-3.12574
-3.05969
-3.07122
-6.4846
-3.28867
0.893893
4.27242
-1.35206
-1.3687
-1.29725
3.85558
2.58295
2.47963
0.275801
0.465409
0.34142
0.371341
0.337142
0.349292
1.36892
2.47088
-2.85365
2.6112
-0.2435
4.39179
3.24302
-2.77985
-2.38177
-2.56103
0.874192
2.27948
2.03882
-1.86532
-1.88356
1.57323
1.55717
1.37947
-1.18187
-1.12133
-1.20499
-1.28634
-1.34634
-1.33922
-1.27171
-1.35076
-1.43276
-1.33292
-2.27338
-3.6225
-3.56747
2.10241
0.197667
0.223933
0.295173
0.371102
2.93726
3.15188
-0.420707
-0.938975
-5.18798
-6.63609
-2.49214
-2.50856
1.85521
2.02468
2.0412
2.53548
-3.33866
-3.34117
-2.79312
-2.72182
-3.48648
1.18463
1.26548
1.1702
1.13723
1.28973
1.26506
-4.10325
2.30538
2.29784
-1.79669
-1.92072
-1.96858
-4.97636
2.20133
1.99017
2.92244
-1.48061
-1.47602
-2.82524
-1.77585
1.36525
2.39592
2.24499
2.22265
2.80902
2.79638
2.68504
-2.58543
-2.3903
-2.37178
-3.03567
3.19938
-4.8511
-4.30587
-2.53005
-2.69246
-2.59464
3.94733
-0.100569
-0.386889
-1.78852
-1.84591
0.0139076
0.184835
0.127271
0.122505
-2.96184
-2.71803
1.97115
1.97437
2.11545
2.16273
0.644017
0.732445
0.861766
0.406956
0.444508
0.566849
0.308784
0.485867
0.355579
-0.87167
-2.33453
-3.36556
-3.14298
-3.98611
-4.18443
-1.3791
-1.46886
-0.291183
-0.220252
0.0298748
0.0114362
-0.0152198
0.0549196
-0.444626
4.32225
2.49352
0.814183
-0.141235
-0.15025
-3.12796
-3.16525
-3.2114
4.26042
4.23115
0.921612
0.959775
0.784711
0.941419
0.998351
-5.0025
-0.285645
-0.340334
-0.928728
-0.886676
-3.36761
-3.48936
0.836168
0.915773
0.733697
0.642871
0.775533
0.850524
-0.209868
-0.375943
-0.263031
-0.25348
-0.360028
-0.256628
-0.432163
-0.209374
1.82912
1.93585
1.90262
1.92417
2.24899
2.29596
2.85953
2.56192
1.14829
1.35214
-4.05468
-3.20733
-3.2339
0.712185
0.717071
3.00912
1.36971
1.39068
-5.43996
4.54595
-4.21249
-4.10351
2.65237
2.65931
2.40148
2.51228
2.57486
0.863675
0.78366
0.938043
0.815992
0.721468
0.6906
4.94005
-0.662146
-2.06799
-2.02876
-2.02863
-2.29285
-1.92748
-1.9617
-0.0618655
-0.0269126
0.341259
0.584753
0.44147
0.498071
0.473868
3.56461
1.43029
1.39657
1.38847
4.56936
-3.69482
-3.49643
1.24077
1.34035
-0.83816
1.4933
-2.20487
-2.13332
-2.1986
-2.00525
-2.51524
-2.18428
-2.24776
-2.27898
-2.05053
-2.15668
-1.92922
-1.97737
-1.23545
-1.25685
-1.50194
-1.43375
-3.93429
-5.25926
-5.74551
1.97357
1.89135
2.60546
2.38596
-0.876708
-0.854512
-1.11964
-1.0626
2.88857
1.30442
1.39425
1.2032
-0.351694
1.99383
2.03898
-3.27314
-2.90129
2.12024
2.1648
-1.93759
0.0787002
-0.0213263
2.52905
2.37536
3.95017
-1.94914
-2.04748
1.49772
1.31402
1.32167
1.36358
1.37603
1.23031
1.32838
1.27343
3.39181
3.37576
4.06146
1.40116
1.39912
2.36766
-3.82953
1.87233
3.15988
-1.90606
-2.03194
3.5587
4.82182
-2.71517
-1.53145
-1.75363
3.88789
4.19932
-2.12941
-2.21757
-2.07633
-2.05659
-2.12407
-2.22267
-2.4769
-3.23561
-3.50584
0.241383
-0.0566781
-0.0707422
-0.126986
4.61396
4.02804
4.69167
-3.1681
1.68634
2.30926
1.67592
-4.18007
-4.25336
-0.259911
-0.29003
-0.309956
5.55259
-2.63849
-2.51791
-2.78132
0.294603
0.342373
0.681547
0.569704
-3.41442
-3.52015
4.07814
-0.477722
-0.60971
-0.52775
-0.503126
-0.518373
-0.618024
3.06506
3.14427
3.53423
2.53311
1.93753
3.10046
-2.95103
3.70082
-4.01863
-3.31303
-1.86208
-4.75116
0.861306
0.724186
0.897655
1.01191
0.840319
0.999999
0.817897
0.890819
1.03963
1.05622
3.68113
2.11254
2.14879
-1.61184
-1.62116
-1.68451
-1.69767
-1.78597
-1.9891
-1.96375
-1.82079
-1.72446
-1.7475
1.82383
1.90543
-4.08939
-3.22644
2.17774
5.29994
1.70728
1.72055
1.67878
1.71542
1.10495
1.1532
2.35574
2.25417
4.70865
-4.38852
-2.94038
-1.21149
-1.3158
-4.14602
-3.7342
2.75466
2.68802
-6.19156
3.74355
1.36453
1.68577
0.463102
0.477027
0.655325
-1.08945
-0.958387
-1.24956
-1.09228
-0.996967
-1.3049
-1.27397
-1.23247
-0.486021
-0.651508
-0.520987
-0.622193
-0.4164
-0.57076
-0.544709
-2.31494
1.46114
-0.582905
-0.410349
-2.76426
-2.96625
-0.7895
-0.880049
0.912489
0.70628
1.34531
1.54294
-0.105916
-0.0924001
-2.3441
-2.20997
-1.7792
0.952834
-0.792557
-0.931104
-0.816549
-0.949041
-1.01011
-0.820932
6.46079
-1.50344
-5.00505
0.109719
-2.54161
-2.634
-2.75194
0.424821
-1.76369
3.62196
3.79932
3.74729
-2.60347
-3.14741
-2.99079
3.81616
-4.08691
-1.7061
-3.6851
-2.20923
-2.16625
-2.18784
-0.244367
-0.321516
-0.197729
-0.264028
-0.231988
-0.181924
-0.168997
-0.188377
-0.113344
-0.195489
-0.283561
-0.191503
-0.168934
-0.261979
-0.4288
-0.418732
-0.317627
3.89233
-2.50765
-5.07842
-1.82717
-1.85919
-0.976378
-0.922045
-0.793071
-4.21404
5.28499
0.157581
-2.38605
-2.18638
-2.19477
-2.12929
-2.19418
-0.0460749
-0.0899038
-2.48
1.34044
0.646473
1.33456
1.20344
1.1808
1.15984
1.15561
1.12496
1.29542
1.32309
1.20624
3.93203
0.554546
0.317423
1.76133
2.52387
2.36378
0.99
5.6509
5.16031
4.02633
-1.20186
-0.980141
-1.32518
-1.23646
2.13257
2.33164
0.611516
-0.745679
-1.77758
-4.02096
-3.59001
-3.67315
-0.618298
3.74141
3.5111
3.39744
-1.35551
-1.47874
-4.16727
3.42722
-1.59733
-1.37981
-0.220552
2.7251
2.45117
-6.26839
-2.6828
-2.63282
3.82583
0.047412
-0.0187327
2.86095
-3.34835
-3.12256
-3.29762
-2.95773
-3.2107
0.546796
0.406513
0.430855
-1.6507
-1.72276
2.26175
2.05877
-0.666819
-0.54658
-5.66728
4.01811
3.97447
6.03393
1.06514
1.14251
1.26451
1.32663
-0.961262
-1.06765
-0.900431
1.97163
1.94715
-3.17578
-2.64271
-2.59957
3.81685
3.17764
-0.0621036
-3.55314
1.76202
3.08714
-3.09345
-2.98835
-1.60875
-1.65238
-1.7294
3.73408
2.07777
-3.60494
-3.49514
-3.63072
-1.03545
0.441403
4.52603
-1.291
-1.25678
-1.2468
-1.41482
-0.811802
0.128385
0.140424
0.0392628
0.0604568
-4.3445
-1.03605
-1.0057
-0.996258
-1.08748
-1.02571
-1.03075
-0.995492
3.6266
1.8184
2.01408
1.72431
1.72299
-0.49596
-0.450403
-0.447859
4.67366
3.0147
3.35352
-3.1181
-3.26434
4.85052
2.69706
-0.708696
-0.746758
-0.786526
2.70926
-2.00112
-1.96114
4.26863
1.87673
1.89044
1.88746
1.87775
2.01762
2.03896
0.894946
0.906972
0.798502
0.826995
1.06444
0.981618
4.4701
-2.9999
-2.94456
-2.4344
-2.34279
-2.32567
-2.29472
-1.68478
-1.58576
-1.76244
-1.55085
3.63115
-0.494304
0.552296
0.629069
-1.91855
-1.87061
-2.20973
-1.99979
-1.01868
-1.02172
-0.943992
-1.14968
0.537476
-2.89748
4.72384
2.7093
2.62843
2.63161
-2.1087
-1.87067
-2.11852
-3.0467
0.134236
0.525717
0.799721
0.819062
0.533733
1.1786
1.12633
1.18315
1.21088
1.25648
1.24523
1.22403
1.71553
1.58943
-2.01691
-2.08243
3.40257
3.66428
-0.00140845
-0.0909409
-0.138248
-0.204166
0.0356567
-0.0886247
-0.0959358
4.15915
-0.994594
-1.29986
-2.54302
-2.40482
0.317079
0.285403
0.298393
0.309614
3.7775
2.94395
4.41405
4.51786
2.49667
0.811963
0.781621
4.05723
1.26963
1.24099
1.23501
1.29584
1.11592
1.02729
-3.29053
5.21323
-1.44326
-1.59491
-1.55507
-1.39233
-1.2559
-1.36666
-1.27942
-1.48668
-2.18455
-2.32886
-2.3531
1.73569
1.85238
-2.24125
-2.20678
5.03119
2.95965
-3.88874
-1.3496
-1.36513
-1.52497
-3.19833
-3.01718
-4.69151
-1.18649
-4.47796
-4.31553
3.01794
2.99388
3.19492
3.22165
3.50276
3.07826
3.23607
1.56582
1.62429
1.69377
1.78631
1.79698
-1.83265
-1.75441
-1.71248
-1.88448
4.5821
-0.992856
-1.01679
-1.07666
-1.23978
-1.03364
-1.0165
-0.99341
-0.97786
-1.15973
-1.0213
-1.16813
-1.23136
4.35004
-0.174998
-0.139461
-0.222203
0.104833
-0.0645418
0.0101698
-0.552112
2.79565
2.50875
0.634917
-3.88341
2.51528
-3.61483
3.19979
2.962
1.16681
1.06217
0.994786
1.11554
1.16071
1.07872
-1.06901
-1.08573
2.14068
2.08957
1.94853
2.08094
2.15707
-0.852068
-0.555051
-3.2079
-1.42485
-1.27698
-1.11021
-1.31853
-1.40885
-1.33286
-1.14605
4.06573
-5.12332
3.06348
-3.10388
-2.74846
3.44915
-2.4611
-2.58032
0.934939
1.08386
-3.56451
-6.19538
-2.05635
3.80104
3.58424
1.98497
1.69652
1.38437
1.20454
1.35005
1.38661
2.21238
2.15946
1.95518
2.03224
2.0796
2.08765
-0.557073
-2.24702
-0.916228
-0.105976
-0.123289
-2.56962
-1.94406
-4.85185
-0.730508
-4.16599
-4.13292
-4.11118
1.88727
1.81292
1.85005
-0.386618
-0.404251
-0.536609
-0.182532
-0.205639
-0.107107
-0.0918421
-0.0670251
-0.227916
-0.882802
-0.897913
0.999766
0.927933
0.913771
0.912299
0.948934
1.05363
2.72407
0.84236
0.847446
0.964525
0.982341
0.974744
0.830181
0.859518
0.833502
-0.440769
-4.53897
6.867
1.23728
-1.71969
-1.72839
-3.24412
-0.617114
-0.526949
-0.727883
-3.98289
-1.0579
-0.885116
1.31559
1.46692
1.24001
1.47835
1.2493
-4.97942
-3.51999
4.69624
-0.0306772
-0.141246
2.08568
-0.26137
-0.221996
1.3651
1.33064
1.31912
1.14155
1.17817
-5.44054
6.35041
0.501056
0.65461
0.605462
0.660038
0.687798
4.79343
-2.2626
-2.3704
-0.794853
-0.61353
3.66717
-3.11801
-1.92779
-2.25849
-1.98176
1.6136
1.48536
1.61065
2.81135
2.80008
-3.42843
-3.33812
-6.47543
1.8876
0.0670355
0.132734
0.0340232
0.0250856
-0.912763
-0.879251
-0.76737
-0.586002
-0.835727
0.290955
0.407084
0.384883
0.359811
-0.86729
-1.02157
-0.89487
0.819241
0.94545
1.00132
0.89282
0.867457
1.86323
1.83472
1.97641
1.8765
1.89336
-0.721809
-0.779619
6.52082
-4.01765
-1.40169
-1.38693
-1.38319
-1.31072
-1.46406
-1.47
-1.51001
-1.42763
-0.197105
1.33089
1.15901
1.26338
1.28355
1.57284
1.47077
1.31534
1.36116
1.43139
1.19596
1.51277
1.37412
1.04148
-1.43328
-1.43734
4.0212
-0.121445
-0.108186
-0.020811
0.0429101
-0.0256167
-1.37273
-1.33929
-1.39999
-1.31747
-1.41727
2.58742
-1.05811
-1.16757
-1.01495
-0.915633
-0.949061
-0.938617
-0.964677
-0.905942
-0.994646
-1.0249
-0.874914
-0.973465
-0.934446
-0.990023
-5.7584
-4.45774
-3.54268
-0.704095
-0.830159
-0.850811
-0.805496
-0.836873
-0.83348
-0.690437
-3.42784
-3.5052
5.33218
-2.04991
-2.20369
-2.12492
-2.00683
0.187628
-3.17464
3.31898
3.20693
3.30184
-0.398317
-0.39419
-0.407596
1.56472
1.55736
1.27372
1.45318
1.49501
1.60647
1.57066
1.47413
1.48555
-0.690391
-0.540877
2.64737
2.45551
2.62849
2.5305
0.697629
0.737402
-1.9471
-2.09192
-1.9641
-1.97206
-2.00662
-1.37694
-4.29501
-3.63092
-3.85723
4.06092
-2.84045
-3.0196
-0.750141
-0.648744
-0.70169
-4.32921
-0.0964644
-3.59355
2.68512
-4.80175
-0.098267
0.388713
0.304
0.374755
0.334846
0.296873
0.471559
0.409743
0.280284
2.21532
-0.00451631
-0.0321934
-1.82383
-1.69901
4.1055
-4.27523
1.55443
1.75573
-7.12869
-0.572765
-0.702575
-0.555083
-0.56147
-0.572171
-0.685147
-0.545439
-0.632908
-0.750436
-0.713846
-0.7604
-0.620064
-0.513431
-0.565155
-0.617203
-0.649604
-0.646392
-0.651571
2.68116
2.91036
-2.7667
-2.90874
3.44853
2.1596
2.14331
2.32472
2.22588
2.40548
2.1557
2.30359
0.711416
0.807867
0.847835
0.587649
0.591754
0.660678
-0.0678879
0.202485
0.825972
4.35341
-1.2978
-1.31135
-1.45772
-1.40791
0.527542
0.640814
0.743885
0.49904
0.66642
0.759692
0.756055
0.809335
0.691772
0.655309
0.694539
3.24602
3.19522
1.51518
1.33958
1.35381
-0.040821
3.71633
-5.57011
-3.15198
-4.21641
-1.21134
-1.28389
-1.37842
-1.29904
4.36368
-0.232425
-0.228434
-0.533152
-3.94203
-0.462765
3.95695
2.03679
1.93654
1.77744
1.77947
1.84952
1.94305
1.96846
0.0645263
-0.0511825
0.00149197
-1.78269
4.15309
3.98164
-2.49697
-3.72441
-1.61014
-3.31272
2.10547
2.17125
2.30372
-1.03714
-1.08101
1.15867
2.40011
2.38002
2.32828
-3.69098
1.87835
5.04689
-0.540414
-0.416837
-0.341882
-3.09917
1.20415
1.23215
1.19892
1.12723
1.15919
1.11611
1.15445
3.66717
2.34082
2.45742
-1.57875
2.29
2.08805
2.36243
5.70638
2.97519
0.99874
1.24061
-5.36744
1.01845
1.02138
1.14189
1.16213
1.12222
1.16104
-6.64048
1.15321
1.05797
1.10473
1.22357
-1.73619
-2.40055
0.90585
0.859205
0.688294
0.94764
0.946919
2.38584
2.40921
-0.903973
-0.805927
-0.97288
-0.958345
-0.741816
-0.908231
-1.00423
-1.05971
-0.793529
-0.891997
-0.583203
-0.641316
1.07936
1.11958
0.905525
1.26546
1.15314
-3.65583
-0.542176
-0.535311
-0.431137
2.50448
2.72763
-4.14486
-1.63407
-1.59641
-0.809119
-0.980111
-0.968986
-1.19346
-2.53714
-2.61939
-0.16148
-0.122588
-0.12182
4.55856
1.13271
1.05978
-3.59918
-3.71697
-0.870001
-0.297472
-0.171398
-0.30872
-0.349343
-0.0193411
0.015126
-1.24896
-1.26768
-0.470359
2.44557
-1.08461
-1.26794
-1.16297
-1.16588
3.54319
3.43533
-3.41354
-0.206044
1.57614
1.53163
1.73871
-0.52923
-0.468709
-0.654804
-0.446168
-0.651927
-0.649425
-0.574325
-0.481769
-7.69011
4.0806
-4.47134
-1.37246
-1.35646
-1.48321
-1.68077
-3.44408
-3.12293
3.19527
-4.35745
0.389539
2.07137
2.13233
2.12839
2.00243
-1.67798
-1.89254
-1.63762
0.339814
-1.02557
-1.11145
-4.44357
-3.55444
4.20297
-2.12652
4.50878
0.626201
0.560581
0.528477
0.691676
0.699857
-3.90538
-4.19474
-4.80514
2.49954
2.49362
2.49717
5.6528
-2.0328
2.05634
2.33969
2.15815
2.27277
-2.51292
-2.60699
-2.40178
1.22839
1.25286
1.21636
1.23602
1.18987
1.49876
1.44417
1.33171
1.39176
1.17831
0.362917
0.492815
-0.176142
0.0549472
-0.173751
-3.64213
-3.54024
3.31601
-2.60831
-0.616218
-0.468716
-0.417784
-0.477505
-0.351111
-0.469118
-0.859293
-2.98148
-2.93332
0.247369
0.179319
0.299016
0.246084
1.43185
-0.410498
-0.3899
-0.334453
-0.473228
-0.477003
-0.294826
-0.268654
-0.390592
-0.52421
1.86454
1.84665
1.97722
-2.75099
3.90188
-3.96401
3.71136
3.84813
-3.60183
-3.51699
0.263412
0.257899
0.542707
1.42609
1.33051
1.22887
-4.67439
1.80494
1.83435
1.73523
-2.16721
3.51335
-3.1937
-0.148043
0.0648093
0.0119768
-3.88803
-3.75439
1.11401
1.11645
0.971127
1.23449
1.12268
1.11846
3.95689
3.07157
0.575374
0.439334
0.76432
-1.9846
-2.10863
-1.93544
-3.15343
3.42732
-3.09915
-3.06912
-5.48213
-4.20412
1.54783
2.07246
3.3947
3.17817
-2.49699
-2.56155
-0.661766
-0.594945
-0.628758
-0.634368
-0.728519
-0.554787
-0.518883
-0.615869
-0.656266
2.19759
2.12326
2.06458
3.31267
1.84934
3.51964
0.618923
-2.80369
-2.98188
-1.82501
-1.81646
-1.72832
2.12191
2.12044
2.23335
2.04241
2.04565
3.92529
-2.67582
-2.6319
-2.61004
-2.48738
-2.57854
-1.28831
0.990124
0.971594
1.02016
-2.60615
-2.48527
0.89013
0.728177
-4.46192
1.64698
-4.11879
-0.683403
-0.736036
-0.743731
-2.79496
-1.19306
-3.13228
-0.355955
-1.20668
-0.268937
-0.199464
0.919411
0.802367
-4.40039
-3.25534
-3.46395
-0.0411367
-0.148193
-0.219635
-0.340595
-0.108021
-0.114207
-0.377165
0.50991
0.737531
0.530825
0.677776
0.816749
0.859928
0.784095
0.727407
0.794734
0.729488
3.43527
0.499801
3.53197
-3.69758
-3.86559
-3.78971
3.39642
3.25481
2.45444
2.74259
2.57983
2.68738
2.61744
3.26341
3.35383
3.55047
-2.44338
-2.54723
-5.27628
-0.746546
-0.641686
-1.39164
-1.50689
-1.29774
-1.19243
-1.36408
-0.204439
-0.203227
-0.241488
-2.32244
-2.17805
-0.233098
-0.171656
-0.223731
-0.173835
-0.207479
3.64826
3.7834
2.22245
2.01487
2.13777
-3.09999
2.62828
-0.460588
-0.298591
-0.388886
-0.53362
-0.482827
-0.549053
-0.286908
-0.421729
-0.301981
3.22385
3.18178
-1.95885
-2.14479
3.95951
3.88886
3.85583
-0.697103
-0.700563
-0.653146
-0.610547
-0.387114
-0.565699
-0.373472
0.0916315
0.038078
-2.34296
-2.22284
1.93377
1.98599
1.9164
1.95236
2.0677
3.72881
0.443192
0.330125
0.212728
-0.716402
-0.722876
2.74744
0.1087
0.0370655
0.0744058
-0.00868485
-2.41917
-1.75403
1.63711
1.54196
-0.816614
-0.785562
1.7463
2.01305
0.428068
3.90953
-1.27026
-1.28129
-1.281
-1.28371
3.21997
0.255711
0.263523
0.32177
0.388236
0.326638
0.307207
0.361195
0.380646
0.40353
-3.45343
-3.4001
-3.90641
-0.753548
-0.68955
-7.58122
2.43053
2.52903
2.12502
2.34886
2.22307
2.26392
-0.88346
-0.764511
-0.772748
-0.865126
-0.843426
-3.40064
-0.157679
-0.107493
-0.105236
0.51773
0.642376
0.661076
-0.608704
-0.696252
-0.781523
-0.904235
-0.781639
-0.776897
-0.628917
-5.26955
4.39569
-2.86905
-1.51106
-1.58261
2.17596
2.17187
2.18703
-1.76249
-1.79683
0.618834
-1.44474
-1.47985
3.94673
-0.150949
-0.144117
3.44497
2.11983
0.196723
0.131902
0.192647
0.105867
0.113732
0.0325392
0.056355
4.88134
-2.59203
-2.66014
-2.54105
2.06621
0.483536
0.493902
0.650511
2.01887
1.91784
1.9786
-2.07356
-1.74974
0.212624
0.190926
0.18773
0.321605
0.245376
0.35936
0.263003
0.268726
0.300398
-1.31831
-1.28053
-1.16844
1.65437
1.69175
1.70921
1.7415
1.50853
-6.09441
-3.55531
5.05585
-1.58556
-1.58643
-1.68234
-1.85642
-0.859394
-0.829492
-0.849808
-0.708786
-0.910173
1.67983
1.63463
1.52132
1.38866
1.92475
2.18146
-4.07691
-0.21008
-0.238996
-0.321228
-0.192579
-3.06987
-1.22048
-2.05543
-2.38603
4.71335
-2.92488
-7.47098
-0.349409
3.22823
3.21453
-2.15923
-2.16873
-2.19731
-2.06643
-2.04358
-2.28482
-2.14207
-1.92927
-2.16328
-2.21134
-3.00846
4.31543
-1.25975
-2.42736
-2.1384
-2.12962
-2.35433
-2.37753
-1.31807
2.72568
2.42452
3.8569
3.45675
3.48269
0.513425
-4.53718
-0.128569
-0.139853
0.012378
-0.0986572
-0.0402654
-0.0637917
-0.0749473
-0.0782968
-0.118129
-0.308951
2.08948
2.09968
2.20909
2.13096
2.04184
4.03756
-5.28095
-4.0344
-2.26067
3.4658
1.38711
1.4159
-2.315
-0.64921
-0.562299
-0.528446
-0.545081
-0.491115
-0.431341
-0.544678
-0.543418
-0.610451
-0.655095
2.72344
-1.4673
-1.64026
-1.60862
-1.58045
2.51543
2.60477
-3.19177
-3.22496
-3.14921
1.03242
1.2255
0.494169
0.683997
0.684818
0.630207
5.56681
-3.11942
-2.89818
-2.71097
1.28376
1.24621
1.2089
1.27329
1.25954
1.19961
1.15537
1.20331
1.12757
1.19951
1.22667
1.03273
-2.39093
-0.296773
-1.40066
-0.84167
-4.24371
-4.28373
3.65981
-3.10358
-1.6635
-1.52012
-1.62093
-1.6041
-1.62165
-1.60393
-1.4988
-3.93683
-7.44946
-3.04502
-3.06478
0.291219
-2.69921
2.3466
2.44758
0.0211883
-0.0862371
0.0113804
-0.00496181
4.81278
-2.68723
-2.7357
0.978256
-0.341026
-0.422693
-0.24332
-0.331449
-0.449046
-0.413819
-0.435003
-0.466767
-0.19062
4.35912
4.2088
0.543563
0.511915
0.724195
-0.136137
-0.0527635
-0.151857
0.0652245
-2.59484
-2.70154
-2.62163
-2.60151
2.48627
-3.38009
-4.07872
2.11291
2.16768
1.69908
-2.12948
-2.53096
-2.59211
4.91436
4.01856
-1.00398
-0.999112
2.28759
0.550664
0.409775
0.667369
0.671229
0.337393
0.188698
0.35483
0.314778
-4.43774
2.36506
-1.89473
-1.99253
-1.74808
-1.67925
-1.62052
2.45294
2.52856
1.75619
3.62045
-1.63147
3.23405
-2.12349
-0.757014
-0.859022
-1.02367
-0.894061
-0.868245
-1.01612
-0.814706
4.68276
2.33239
-2.35422
-1.28076
-1.25001
-1.23854
-1.46905
-1.49854
-1.30894
0.088834
0.00617717
0.013044
-0.200344
-0.159196
-0.0755362
5.79398
4.00514
3.8547
3.60111
-5.22399
-3.72427
-0.117124
-0.299049
-0.0947234
-0.172169
2.76644
2.87608
0.267717
-3.48869
3.05685
0.450371
0.505687
-3.13509
4.228
-4.00031
0.167141
0.079541
2.49737
1.61182
1.70255
1.54035
-6.12524
2.68204
0.66339
1.5982
1.75555
2.91284
0.930656
1.67247
1.72162
1.69098
0.176346
-4.59082
-4.31767
3.65503
-7.7699
0.13524
0.0607302
-2.62235
-1.72116
2.76329
-3.07142
-2.86942
-2.74241
-3.17044
-0.183095
-0.154027
-0.208164
-0.124132
0.589572
0.415003
-2.28932
-2.31158
-4.54104
-2.36105
-0.0972634
-1.35596
-2.71973
-3.35514
-3.49829
-3.39308
-3.35319
-3.37107
2.37994
2.57299
4.96295
1.60849
1.67041
1.68908
1.66608
3.89021
-5.44626
3.61611
3.54823
3.33052
3.36903
3.61935
-0.190608
0.0497305
-4.29512
-4.23515
2.52045
2.61187
2.62827
2.50546
2.29893
3.86882
-2.97768
-1.33259
0.603356
0.63218
-4.12935
1.62747
1.52441
-2.70697
-2.62106
-2.73213
0.672975
0.808116
0.74597
0.724629
0.831329
0.752412
0.595802
0.588536
0.776445
0.693375
3.10895
2.44574
-1.78096
-0.00471144
1.17014
-4.99305
4.15326
2.30853
2.10478
4.50184
-2.69863
-2.65758
2.32754
2.22544
-1.22851
-1.14941
-0.0646548
0.084338
-1.54659
2.27535
1.88144
1.92122
-3.55891
-1.1518
-1.09683
-1.11484
-0.854715
-1.04891
-1.1813
0.930142
1.36454
1.15411
1.03487
1.11071
1.18472
1.10155
1.16142
1.14102
1.0852
1.07287
1.21985
-0.302806
-0.208133
-0.37146
-0.127673
-0.240679
-0.181354
-0.225947
-0.20715
-0.228778
-0.29906
-0.738981
2.71687
-1.75007
-0.930409
-0.902503
-3.25625
-3.32455
-3.17051
2.65841
2.72982
2.75999
2.76328
-3.82632
0.685806
0.700562
2.62291
-3.7569
4.24197
4.61466
1.30594
1.20824
0.94797
0.936827
-4.80275
1.54821
2.75354
-5.89281
0.945996
-3.11763
-3.06024
-1.75528
-1.74905
-1.66821
-1.64218
-3.6544
5.80811
-1.4547
-1.28539
-1.30619
-1.55894
1.11907
1.04371
1.01699
-4.62345
2.46754
2.42896
3.00248
3.20082
-5.27625
-3.2883
-3.25871
2.52286
2.69011
-3.15739
0.749262
0.662908
0.752661
0.680384
0.969414
2.00215
1.97354
1.94116
2.77288
2.92691
-0.466801
-0.446214
4.94678
-2.85564
3.21846
1.9924
1.22699
-2.48747
-1.43513
-1.17493
0.708951
0.698527
0.841912
0.673754
2.23407
2.26424
3.5934
-3.15575
-3.2508
2.11131
2.11436
0.0613005
-0.878779
1.39402
1.66689
1.39613
1.56687
1.46359
1.43577
1.52628
-2.0279
-1.95023
-5.7943
3.95051
-3.46666
-3.35977
1.26766
4.24593
-0.117768
2.92217
-1.23197
-1.05766
-3.12678
4.02315
-0.748006
-0.896889
-0.651299
-6.21018
-0.0348514
2.6232
-3.03002
3.71795
2.57527
2.3128
-2.4102
-2.36574
-2.46974
-2.05934
-1.76415
-1.8803
-2.66532
1.78144
1.79188
1.90492
1.79308
0.0798995
0.0691302
0.0879305
3.33547
2.51529
2.71833
2.63516
2.63537
2.21943
2.26891
-0.53394
-0.519887
-0.824823
3.98615
2.17314
2.05634
2.31717
0.56054
1.54702
1.4325
1.43916
1.9028
2.0506
-2.1761
-2.42152
-2.13644
-0.401671
-0.470005
-0.373741
-0.4116
-2.73204
-2.72474
-2.93007
-2.59637
1.54107
0.820325
0.764755
0.763903
0.933033
1.12793
1.03466
1.82078
2.03905
2.01841
1.99109
1.83571
-1.1555
-0.968943
-1.98204
-1.76484
-1.82571
-1.77838
0.437868
-0.848879
-0.924609
-0.723636
-3.92793
4.70973
1.80385
2.13873
2.06137
2.02315
2.3505
2.24984
2.25772
-1.77888
1.19256
1.20125
1.77177
2.04116
1.93817
4.99916
2.19152
-2.6622
-2.89779
0.853515
0.940511
-0.335543
-0.073393
0.0914792
-0.0962653
-3.83166
-2.4862
-2.45389
4.30323
-3.66877
-2.89269
3.51513
3.38012
5.72057
3.71183
-3.93027
-4.04829
3.32813
0.57169
0.588568
0.475835
0.593746
0.649247
-1.9188
-4.12379
2.27481
-1.70623
-1.69223
-1.66593
1.54954
2.52634
2.59146
-3.89556
-2.91685
-3.96593
6.61539
-3.65581
-3.86095
0.163224
0.240227
0.0277295
0.134314
0.157161
0.135923
0.223716
0.198904
0.167002
0.0373577
-0.000463753
0.146932
0.13116
-2.80271
2.12906
1.45104
1.37999
1.26553
-2.11272
-2.04433
-6.02466
0.588075
0.65256
0.621776
-1.63874
-1.57614
-1.44049
-1.34834
1.1137
0.979994
1.19858
1.04664
1.09201
1.03537
1.05586
1.70048
1.70874
1.70333
1.71078
1.69467
0.532569
0.485705
0.533199
0.384968
0.356404
1.21782
-1.63833
0.869657
0.812195
0.911335
0.918319
1.05888
-0.0402541
-0.0320058
4.2281
-0.798137
-0.785085
-0.811728
-0.67148
-0.683918
-0.639355
-4.14826
-0.737678
-1.9877
-1.96517
-3.68099
1.0866
0.845648
1.58778
1.66312
1.49977
3.00226
1.97995
1.8448
-2.87618
-3.08706
2.8884
-3.71115
0.0538163
0.0221876
-2.06628
-1.82192
-1.67134
-1.74478
3.60689
3.57943
3.45514
3.65437
0.948371
0.948195
1.12131
-2.9227
-1.91118
-1.91687
-1.9027
3.33373
3.28865
-2.57718
-3.686
-1.60056
1.33301
1.45892
1.20699
1.3113
1.40095
1.3461
1.59678
1.55746
1.82077
-2.28615
-2.27513
-2.40679
2.15363
1.12068
1.21935
-1.15078
-1.21012
3.16938
0.314058
-0.015787
0.194824
4.46853
1.82789
1.61893
1.61774
1.60056
1.72128
1.71326
1.70056
-4.12749
-0.986927
-1.00274
6.12028
-3.6462
-0.113986
3.97557
4.07404
5.18387
-0.942055
-0.820167
-0.958563
-0.954834
3.52377
3.68883
0.589146
0.327639
0.442106
0.0523333
0.167424
-2.6593
2.77851
2.56383
3.69531
2.23228
2.34447
-1.47183
-1.4464
-1.50117
-1.39341
3.7729
2.44618
2.54124
2.42938
2.53292
-6.3243
3.07507
4.00079
-2.40109
5.08651
-2.40114
-2.48878
-2.35618
0.426017
-3.4566
-0.861695
-0.777136
3.87377
-0.278521
-0.301974
-0.341476
-0.232554
0.117
0.0325322
2.55443
0.171084
0.348911
0.0462114
2.4595
2.45261
2.50781
2.36591
-5.07919
-3.7256
1.40541
1.39282
1.20578
1.21195
1.25595
0.810546
0.89311
3.6615
-0.262305
-0.281517
-0.350372
-1.11595
-1.20267
-1.08518
-1.20158
1.43546
1.39192
1.48993
-1.13963
-0.491875
1.8453
1.91454
1.86711
1.91047
1.72811
1.69764
1.65016
-3.46125
-3.68742
-3.60286
-3.53704
2.17423
1.3067
1.43738
4.23742
0.907616
0.240297
-4.15536
-2.30227
-2.30355
-2.62926
-2.31748
-2.59831
3.92366
-1.35842
-1.13172
-1.10717
-2.71879
-0.181263
-0.11326
-0.055371
-1.78183
-1.48985
-0.647085
-0.697078
-0.548428
3.41409
4.41764
-1.98283
-1.96546
-1.94531
-3.18042
-3.09155
-2.44188
-2.27235
-7.05989
2.24075
2.00236
-1.63958
-1.63898
-1.724
-1.68376
3.83119
-3.16758
-0.876275
-0.832117
-0.872433
-0.797425
-0.982721
-1.04654
-0.945565
-0.973256
5.35254
-4.45967
2.07574
2.1401
-3.7255
1.99878
1.95022
1.9097
2.11132
2.0513
1.92188
3.22404
3.14785
-3.35876
1.17788
1.17151
1.19587
1.3299
1.19269
1.34641
1.08856
1.22346
1.36893
1.33818
1.13979
1.20986
1.1923
1.32362
0.109273
0.555104
0.54402
0.284348
0.225394
0.312596
0.149533
0.149082
-5.50379
1.27281
-3.3999
-5.46954
2.73776
4.07257
-1.78685
-1.81992
-1.95403
-1.98485
-1.86695
-1.89169
-1.72125
-1.73611
-3.62401
1.44955
-1.58866
-1.35123
-1.56288
-1.41278
-1.42706
-1.51597
1.21003
1.27863
1.16669
1.1721
1.31702
2.87938
-2.50709
-2.18234
1.56628
1.56263
-1.04461
-1.43472
-1.23024
-1.34966
-1.0448
-1.13862
-3.15271
-0.408969
0.184074
0.0539694
0.0446367
0.342239
-2.39048
4.02926
4.34274
0.431725
0.457743
0.463868
0.440733
-4.14655
6.14579
-0.778363
-0.533618
-0.350464
-0.672345
-0.567065
-0.582334
6.06776
-1.53731
-1.40535
-1.49453
-0.229051
-0.165526
-0.188824
-0.0528033
0.0644232
-2.45486
-0.0972246
-0.0669126
-0.0763632
0.0757864
0.123471
-0.0801624
-1.72177
-1.85526
0.616684
0.932301
1.20208
1.18082
1.18632
1.28745
1.27147
1.3482
1.38892
1.33933
-0.917742
-0.58588
-6.28165
1.27484
1.27743
1.45132
1.54262
1.4679
1.4033
1.56207
3.91212
-2.01775
-1.09893
-1.21987
-1.16514
-1.02558
2.84327
2.71029
2.74954
-4.04556
1.26294
1.52622
1.48748
1.38624
1.43841
-0.0950644
-0.0184834
-0.00954758
0.0476861
2.36724
2.15079
2.17151
2.34217
2.4054
2.17419
0.736263
0.516954
2.57162
2.4757
3.13533
2.83584
-4.12016
-2.25094
-2.3345
-1.73359
-1.68575
-1.11638
-2.25773
0.525356
0.49592
0.491213
0.822825
0.712742
0.602447
0.708356
0.634597
2.46708
1.12665
0.904765
0.860865
0.842697
-1.94
2.05074
-3.15488
-3.08261
0.775848
-2.89054
1.59823
1.66534
-3.74532
-3.56139
3.92629
-4.20757
-4.6085
5.54582
-1.91751
-1.91067
-3.10681
0.279849
0.0635672
0.214914
0.203079
0.237409
1.33849
1.35881
1.314
1.17721
1.19611
-3.85329
5.55879
2.7598
2.55653
2.56143
1.44134
1.65714
1.40326
1.38434
1.44013
1.3305
-1.7549
-1.80985
-1.69152
-1.58556
-0.295254
-0.269235
-0.275702
0.50517
-4.56308
1.42622
1.6116
1.7079
1.60248
-2.15234
-2.3432
-2.18934
4.49373
0.504263
0.66839
1.64657
1.62129
1.64826
1.79404
1.73158
1.78207
1.03827
0.952888
4.29729
4.35511
-0.301103
-5.5693
0.302537
-4.78739
2.86411
-0.870919
-0.828127
1.16317
-2.2209
-2.22799
-4.80616
-1.78786
-2.07879
-4.88285
-4.7639
-2.2536
-2.18696
-2.24752
-2.14147
2.33444
2.51124
2.32455
2.49892
4.20779
1.03023
1.11532
-5.39924
-5.15369
3.20366
3.16083
3.31095
1.41868
1.43442
-1.9569
-1.26698
4.45396
4.16758
-3.21181
4.14578
3.70453
5.15206
3.44214
3.40511
3.40757
-0.779996
-0.750558
-0.525452
-0.54478
-0.458557
-1.05871
-1.2433
5.87766
2.66611
2.69021
2.52611
-2.20528
4.54613
-5.7554
0.82384
0.940654
0.937973
0.863274
0.827553
0.207932
3.07926
3.26344
2.49799
2.47354
2.57102
-1.66179
-1.59279
-1.79512
-1.85149
-1.57896
-1.62494
-1.56431
0.918662
0.968069
-0.947924
-1.05552
-0.966528
-2.85893
5.39417
3.10974
4.53987
1.65793
1.7133
1.58556
2.60914
2.57899
2.52338
-4.69214
-1.21795
0.821881
2.81337
3.05528
2.8668
2.98151
1.47742
2.20056
-0.222429
-0.165185
-0.184422
-0.203481
-3.51368
-0.465057
-4.00911
-4.02697
1.90977
-0.641451
-0.722354
-0.669287
-0.669017
-0.622756
-0.617192
-0.620526
-0.46258
-0.394115
-0.487351
-0.455532
-0.310817
-0.230974
-0.329313
-0.57445
-0.539357
-0.48765
-0.392826
-0.415357
-1.36799
-1.55231
1.55603
1.56462
1.56959
1.5058
0.93405
1.06384
1.16761
-3.9123
1.19405
2.98323
2.93626
2.06403
-2.236
-2.11935
-2.15083
-2.11332
3.94366
-3.50429
-2.24003
-2.21895
3.19201
3.18009
-0.873428
-0.643027
-0.645596
-0.650721
-0.762067
-0.793529
-0.847202
-0.791665
-0.746375
-0.582494
-1.24219
-1.24638
-1.18133
-1.35476
-1.72457
-1.73276
-1.76057
-1.95827
3.0328
2.76367
2.79513
2.38979
2.58084
2.51435
2.70978
1.1245
-0.150498
0.0452548
4.93232
1.39371
1.27445
1.29369
1.43066
1.29029
1.25976
2.22764
2.13341
2.31645
-0.505889
-0.328023
-0.380985
-0.353803
2.08387
-2.81723
0.718354
0.76031
0.721028
0.734674
0.757097
0.739634
0.485701
0.628144
-0.0993799
0.0747937
0.107753
-0.13135
0.0362163
-0.0423737
-0.025459
0.0743069
0.124971
0.0686142
0.0894917
0.0267996
0.760844
0.82841
4.0756
4.17386
-0.255523
1.94484
1.82607
-2.3957
-2.25967
-1.89749
-2.2989
-2.38929
-2.39563
1.84179
-0.462921
-0.505901
-0.504295
-3.09229
-1.57658
0.374818
0.445502
0.405352
0.479618
0.442191
0.0381376
0.0316487
-0.0429188
0.157797
-2.62602
3.00793
-7.77769
5.11282
-1.95909
5.27467
2.66192
-4.13044
-2.84392
3.73452
-3.634
1.48308
6.1889
-0.0457773
0.0597894
0.0690848
0.0235563
-0.115836
-0.0235461
0.0426814
0.106526
0.330868
0.11467
0.170601
0.16039
0.10705
-0.0287348
0.123658
-8.16405
-2.83496
2.47847
2.72957
2.59133
2.83765
2.68332
2.57017
2.47085
2.48217
-2.10376
-1.9432
-1.00793
-1.04603
-1.09626
-1.19454
-1.26012
-1.38127
-2.68678
-2.66122
-2.66633
0.440522
0.455539
0.717446
0.69346
0.618483
2.65919
2.66563
1.19421
1.00882
1.08333
1.22107
1.38553
1.27645
5.78432
-2.74048
-2.80881
-2.87309
-2.77361
2.25306
4.24753
4.25448
-3.34738
-3.45606
-3.50839
-3.35558
1.32129
1.52172
1.69199
1.59376
1.49017
1.45239
4.12227
-1.45388
-1.52693
-1.49913
-1.51482
-1.62782
-1.42847
-1.06038
-1.0658
-1.20383
-2.31648
-2.50371
-2.30977
0.101439
0.214526
0.0926151
-2.71116
-2.5687
0.786492
0.753509
0.916187
0.835456
1.03847
0.992776
1.10826
4.60598
-5.73494
-0.743304
-0.759309
-0.720723
-0.63927
3.63315
3.80916
2.78969
2.52721
0.764954
0.889897
0.801786
0.931529
-0.797988
-1.00039
-0.799043
-0.803436
-0.804061
0.785896
0.823248
0.840494
0.901747
0.79955
0.759466
0.714451
0.873579
0.784493
1.04766
0.958694
0.850742
0.819205
-3.24521
3.41568
-4.05093
-4.01068
5.7815
-0.910176
-1.16827
-2.95204
-3.10667
-3.0947
-0.119807
-0.116036
-0.217365
-0.232163
-2.51846
-1.84971
-1.14186
-1.15288
-1.35327
0.422749
0.521436
0.539976
0.352733
0.346599
0.41904
0.309346
0.401729
0.58303
-1.21091
-0.98452
-0.979751
-1.24433
-1.16576
-1.01808
-1.0447
-0.887687
2.29637
-1.3652
-1.31227
0.276658
0.212352
0.131517
0.117216
0.281487
0.274822
0.201986
0.16116
0.399063
0.267207
0.236906
0.222109
0.355885
0.313291
4.12386
-1.05997
-0.959287
-0.952015
-0.905188
-0.932506
-0.940253
-1.02075
-0.951334
4.01752
0.204554
0.19048
0.102818
-2.27748
0.803907
-0.996977
-1.25276
-1.12723
-1.23004
-3.09759
-3.7579
-0.0533606
2.14238
1.32633
1.51935
3.39337
1.36115
1.36173
1.2204
-4.34802
3.83955
3.10122
2.98224
2.84288
2.86285
1.72324
1.72128
1.77188
1.59745
2.46493
-2.71423
2.62767
2.65168
3.8147
3.79408
3.68618
2.06481
-3.41951
-3.04405
-1.83899
-3.94557
-4.19961
4.78055
-3.26791
5.31596
0.812635
0.823526
-0.928514
-1.06889
-1.99246
3.74949
-1.51828
-2.04104
-2.13675
-2.2088
-2.03686
-2.07777
5.50088
1.97348
1.92983
1.89481
-0.0299928
0.162566
0.13484
0.234625
0.0313405
-3.32241
5.72606
-1.99794
-0.241906
-0.31317
-0.482028
-0.293339
4.69263
-4.2582
-4.05212
-0.359361
-3.73315
0.879017
0.853024
0.90256
0.811836
0.731478
0.737145
0.745349
0.691493
0.905656
2.60128
-2.16835
-2.13601
-2.08806
1.95943
2.01624
1.81156
2.67416
-1.43338
-1.3691
-1.35769
-1.42217
-7.19555
-0.340689
0.46966
0.600027
0.538622
0.477617
0.651887
0.629505
0.698153
0.682333
0.692522
0.68372
0.586944
0.718245
0.788502
-3.31696
-3.25023
-3.87988
-2.54015
1.11375
1.0315
0.978472
1.93769
2.13821
2.17826
-4.73023
-1.8744
0.906428
1.20429
-1.37139
-1.32194
-1.5766
-1.56472
1.4261
1.4135
1.63309
1.54812
1.62681
1.60287
1.38694
-2.82675
-3.00976
-3.01941
-2.90074
-1.09781
-1.0595
-0.99052
3.28972
3.39349
4.22775
0.280792
0.320902
1.94836
1.7827
-2.5502
4.38343
4.24052
-0.354598
-0.131831
-0.129266
-0.229699
-0.148619
-0.220939
-0.225103
-0.115258
-0.220195
-0.0954315
-0.068671
-0.168604
-1.83662
-1.7162
5.00971
-1.72732
-5.43484
0.391404
0.190306
0.251402
0.231471
0.254204
-5.69429
3.31697
1.88445
1.86215
-3.01277
-3.06087
-2.81533
-2.74095
2.2497
-1.63148
-1.46609
-1.64322
6.09759
-1.32102
-1.34881
-1.38137
-1.29056
-1.41527
-1.33435
-1.4217
-2.21976
-2.3596
-2.51729
-2.30204
-1.27889
-1.81708
-1.95895
2.05881
1.97879
1.99
2.14643
0.0386376
-0.15461
0.0359147
4.27184
1.8912
1.7415
5.61015
0.744211
0.661032
2.61503
2.67838
2.58271
2.40082
2.5825
-1.68803
-1.73526
-1.82161
-1.66944
-1.82695
-1.73689
-1.90534
-1.93654
-1.66632
-1.63699
3.37138
0.672484
0.66632
0.741078
0.834022
0.717004
0.545563
0.708572
0.542659
-4.45839
0.51523
0.634524
3.82515
-4.20955
0.62274
0.67468
0.344632
-2.87113
-2.92968
-3.17354
-2.86734
-2.82549
-2.73969
-2.69699
-5.06272
-3.37565
1.50831
1.32323
1.64671
1.626
1.58278
-2.80937
-1.95705
-1.94715
-1.7341
-0.562043
-0.536303
-0.992329
-1.1003
-0.478956
-1.20865
2.96112
2.35169
-2.63488
-0.588531
0.474819
0.418305
0.453271
1.1755
1.19176
5.1823
0.243101
0.222078
4.95545
1.90825
1.83932
2.34037
1.1688
-3.16456
2.59061
-1.7081
0.138788
-0.019935
-0.0122909
0.230225
-2.70794
-2.76781
1.4894
0.703416
1.44567
1.5203
-1.43454
2.57084
-1.1415
-1.06638
-1.17048
-1.1374
-0.542385
-0.491284
-0.471522
-0.432686
-0.35173
-0.42369
-0.492621
-0.525316
-0.482733
-0.604615
-0.340822
-0.131534
-0.165742
-0.0993544
-0.502559
-1.97206
-4.63295
-1.83385
-0.346277
-0.33954
-4.66294
2.64247
2.62322
4.36151
-2.34703
-2.20319
-2.36913
-0.727574
-4.6393
-0.370254
-0.288737
-0.266718
-0.502686
-0.244462
-2.92061
-1.15668
-1.16681
-1.07328
-0.977456
-1.08377
-1.09824
-1.34889
-1.35916
-1.20087
4.14481
-0.436918
-0.409566
-0.437356
-1.61891
-1.73766
-1.78436
-2.55318
-2.52889
-2.48642
-2.53804
-2.82799
-2.7197
-4.11441
-3.44708
5.3891
-1.02206
-1.02517
-0.935116
-1.01862
-1.14355
-1.1126
-0.875931
-0.862277
-0.845522
-0.883816
-0.917389
-0.860002
-0.817166
-3.52834
-2.27263
-2.19982
-4.92309
1.68994
1.25187
-4.92159
-0.592256
-0.573182
-0.649418
-0.139433
-0.522472
-0.351472
-0.304226
-0.403717
5.83426
-2.6926
0.801224
0.844288
1.00805
2.52064
2.67718
0.338515
-3.06796
-2.96385
0.180887
-0.0205723
1.36544
-0.907442
-0.930417
2.42432
-0.294876
-0.701967
-2.69684
-1.38711
-1.55616
-1.85569
-1.82165
-1.90195
-1.67149
4.5206
-1.5423
-1.65036
-6.03119
1.96887
1.463
1.62085
5.17547
5.01224
-1.42835
-1.31207
-1.27056
1.4258
1.21171
1.26811
1.3281
1.28781
3.49999
3.46467
0.972924
1.07671
0.928766
0.88202
4.06793
-1.78185
-1.93718
0.0894201
-0.0177824
1.03431
0.979882
1.03335
0.986187
1.01926
1.28398
1.33605
1.2791
1.25809
1.2492
1.27961
1.26678
1.23847
5.31144
2.74119
2.83887
1.52599
-5.60317
2.36099
2.31626
2.923
0.3764
-1.68869
-1.57193
0.31645
0.179803
0.209984
0.195619
0.278527
0.317918
-0.934247
-0.952644
-1.03694
-0.980494
2.49615
2.40815
2.74056
2.60854
-0.297262
-0.521491
4.20998
-1.3114
4.20157
0.459246
-2.82737
0.972761
1.37719
1.25789
-3.73461
-2.39607
-2.20183
-1.48995
-1.59343
-1.40407
1.0457
0.94443
0.902421
0.103654
0.168247
0.293803
2.84087
2.59264
-2.36965
-3.24847
0.0950748
0.021827
0.236194
2.22855
2.50683
1.26933
-0.3461
-0.35007
-0.326818
-2.57156
-2.42478
-2.50655
-2.81254
-2.841
-2.76757
-1.30138
-1.35518
-1.39364
-1.38107
3.44383
3.22093
-0.405608
-0.559407
-4.86826
0.28199
0.367668
3.93335
3.33084
-2.93685
-5.4716
0.153462
2.639
1.02283
-0.948793
-0.636453
3.38032
0.107771
0.113937
0.17977
0.162293
0.129784
-1.14183
-0.690165
-0.659687
-0.331849
-2.78054
3.60385
2.92352
6.44139
1.4783
-4.08707
-0.379596
-2.39547
-2.55164
2.18002
2.04524
5.43395
0.220986
0.0990644
0.0908931
2.8015
2.66448
-3.20971
-2.70794
-4.16445
0.671712
0.845283
0.871572
0.88354
0.655519
0.656295
-0.446065
-0.634593
-0.648891
-4.73752
-3.16076
-2.93571
-3.28669
2.97328
2.94496
-3.10702
-3.25453
-0.590623
-0.812672
-0.549912
-0.741288
-0.675272
3.62712
-3.74186
-2.60323
5.02613
-0.247134
-0.293792
-0.26899
2.0182
1.95186
0.0432469
0.176206
0.201738
0.161904
-3.79114
3.53898
1.21482
1.21747
1.18699
1.21275
1.32042
1.16393
1.1045
-2.36707
3.26962
3.23164
3.33842
-4.16782
-3.03484
1.25821
1.50297
5.15615
3.59164
4.25781
-2.13354
-1.0998
-4.57821
-2.34503
1.73148
1.97883
-1.4528
-2.60312
-2.6529
-2.3616
-2.67453
-2.61786
-1.38736
-1.46837
-1.30139
-1.39289
-1.46485
-1.31375
-4.63324
-2.31973
-0.942079
-0.719342
-0.99123
-0.818313
-4.05221
2.2486
-3.73859
0.694728
-2.72566
-6.15127
-1.34239
-1.49571
6.46401
-2.37572
2.11361
6.3857
-2.56669
-2.65916
-2.2772
-1.90688
-1.54538
-1.47964
-1.51804
-1.67015
-1.61436
0.740251
0.807724
0.732441
-3.55173
-3.45497
3.99554
3.17111
-0.584618
-0.689936
4.06996
2.64197
-2.15817
-2.14328
1.78949
1.73606
2.18359
2.30255
2.37806
2.32246
-4.87588
2.00169
1.84085
1.80826
1.86642
-4.66233
-0.00194745
-0.101359
0.147979
0.0587281
-0.00498263
0.00274796
-0.815053
4.25281
2.40757
-1.5118
-1.52552
-1.47681
-1.56893
-1.56271
2.81178
-0.543639
2.37306
2.19408
-2.88335
-2.81521
-0.712873
-0.754009
-0.781976
-0.610499
-0.606426
-0.510116
-0.693
-0.711888
-0.803816
-0.78129
-0.704088
-1.17858
-1.04141
-1.15262
-0.899971
-1.00568
4.02939
-3.22815
3.88828
4.11693
-2.32555
3.18554
3.32167
1.89134
1.84631
2.03888
1.77228
1.87863
1.72828
1.82244
1.87865
-0.687922
-0.764622
-0.843401
0.221791
0.18259
3.16733
3.09952
2.97866
3.2655
-0.386915
-2.74541
-2.83295
-1.21813
-1.13662
-1.15259
-1.27811
2.10238
2.11616
2.01762
-1.51514
-4.62386
2.6804
2.73039
-4.19507
-2.64156
-7.12457
0.930193
1.07271
1.11196
2.30199
2.46679
-4.06151
3.27093
3.0365
-0.807975
0.549286
0.392778
1.72898
1.37125
1.3229
1.61656
-0.425706
-0.353192
-0.302294
-0.545319
-0.442193
3.38176
1.953
2.00198
1.82666
1.84702
-2.3838
4.11991
-5.15965
-0.195393
-4.42226
1.72735
1.68858
1.45908
0.128359
0.0859972
-0.149445
-0.0893346
-0.207749
-0.0158067
-0.122572
3.33489
3.29911
-3.2565
-3.22674
-3.44216
-3.74562
-4.63241
-0.513031
2.80627
-3.28628
2.79256
4.01776
0.758903
0.856518
0.8069
0.812013
0.884883
1.16728
3.38948
3.41456
-1.6286
-1.48033
-1.48561
2.16324
2.05647
1.99433
-1.38984
-1.65236
0.149135
-0.187003
-0.085842
-0.0538434
0.0678412
0.081042
0.0795976
-5.67134
-2.99283
-3.45669
4.6787
-2.96028
5.31249
-2.25794
-2.30532
-0.581541
-0.541555
0.380868
0.596526
-3.76886
5.11111
0.217597
-2.49226
-2.4512
-2.5533
-2.53169
-2.56836
-2.63241
0.123774
0.235217
0.087193
0.219495
0.189827
1.31958
-0.353348
-0.399944
-0.349613
4.94625
-2.21334
-2.25214
1.22912
1.38522
-2.167
3.4257
3.08851
2.51334
0.612141
0.49113
0.322758
0.490547
-0.9557
-0.922427
-0.911593
-0.871049
-0.865828
-0.814218
-0.760661
-3.03055
-1.9719
-6.01232
-1.57282
-1.77642
-1.76519
-1.53479
-1.70033
-1.69969
-5.18216
1.91506
1.80891
-5.62893
-0.327796
-0.244564
-0.353471
-0.152673
-0.0502059
-0.0814392
-0.0537606
3.39015
3.19027
2.1245
2.04604
1.99106
3.81764
-1.63996
1.16729
-1.45116
-1.60249
-1.57399
-1.65389
-1.52854
-1.68031
4.46784
0.321506
0.345494
0.392867
0.341225
0.352379
0.222846
0.279602
4.56645
-0.548942
-0.484325
-0.382036
-0.393676
-0.407101
-0.194699
-0.387212
0.693665
0.715788
0.784808
0.756245
0.901988
0.935998
0.84577
0.744936
0.764599
2.72702
-6.92459
2.18274
1.91534
2.2704
2.27509
2.10539
2.03426
2.01169
2.09024
2.1922
2.05522
2.10768
2.0163
2.12531
-0.164896
-0.109063
3.13843
3.16482
-0.587116
-0.836773
-0.635377
-0.720888
-0.614102
-2.63512
5.01334
2.79056
-3.85045
0.578032
0.698011
0.795459
0.753647
0.532904
-0.471798
-3.85771
-3.84575
-3.48666
2.26338
-1.75048
3.17772
5.41658
3.93059
3.88296
-0.366112
-0.216655
-0.264512
-0.257298
-0.296004
-0.460819
-0.250356
-0.296709
-3.55968
-3.21292
3.10697
4.53301
3.45376
3.53122
-3.11421
-3.07852
1.44841
-1.01626
-3.1062
-2.7157
-2.8569
-2.7079
-4.07709
-5.8619
0.967954
1.02521
0.964401
0.884134
0.918466
0.509405
0.672234
3.38452
3.30678
3.57654
-3.00339
-2.88776
-2.83629
-3.07415
4.89888
-1.92955
-0.902842
0.95107
1.05579
1.10249
1.07981
-3.70351
-3.80553
-3.66831
-3.15946
-3.15806
-3.16514
-7.40172
0.787549
1.62203
1.37406
-0.952167
-1.01311
-0.888886
5.46904
3.89694
-0.153878
-0.0959988
-0.278059
1.98591
1.86895
1.85828
-3.14321
4.18046
-4.21974
1.28422
1.33828
1.39665
-3.27421
-3.13324
5.6619
1.69213
1.69904
1.69754
1.69267
1.76868
0.482975
2.00538
