4.5261
1.88159
9.50413
0.551353
-8.52515
1.6875
8.60006
5.57844
-3.15734
8.15121
1.42904
-4.25383
4.05756
-5.53916
4.33409
-3.27139
2.09697
5.36965
-7.11155
-0.124296
3.84933
5.08068
5.55126
9.53412
-1.0069
1.50945
5.85158
0.82887
-7.49193
5.30895
-5.83113
-3.21752
8.48614
-3.66217
-7.30804
0.929516
4.52438
9.07649
-6.39779
5.21907
7.05774
5.27736
-0.801994
-2.09571
4.70477
6.8237
9.7851
8.44932
5.81127
-2.89891
-8.53613
3.54681
3.5698
0.743982
5.88161
0.919578
0.919301
-5.81974
-3.98473
-4.96412
-2.72854
6.8312
-5.51022
9.62664
-2.9284
4.05803
-0.977213
1.4488
-9.91772
-5.56499
9.58698
-3.08463
3.57184
-5.10324
4.47982
3.128
-3.18665
7.62351
-9.12354
-3.64022
-7.03257
9.78856
-0.292992
-9.2787
-0.0783259
6.5578
-0.511772
3.86897
-6.65854
5.51164
3.14631
-5.98935
-1.72401
9.63875
2.23513
-4.75252
-3.51664
-4.43376
7.68431
-3.65908
5.57965
-4.30898
-3.9306
-3.92637
-0.6283
0.60283
7.68781
-4.38019
6.0634
-3.98389
8.17226
2.72213
9.20992
-9.68622
5.0785
8.89017
-4.71865
8.81287
8.66391
-2.69099
-0.896021
-8.35241
8.1396
3.34868
-0.103505
-5.13813
-7.13724
2.12985
-7.6951
-6.92971
2.82046
-4.7062
-9.77933
5.23363
-5.1969
0.832897
-4.48791
-0.452394
4.60945
0.235907
-8.99215
-6.71402
-7.61368
4.66926
-1.56551
8.20412
-7.47967
4.89431
9.24318
-8.32659
-6.80088
4.00414
1.11175
-7.85074
-9.83922
6.78744
-8.95155
-1.62875
-1.65238
3.67129
2.14842
3.19927
-6.77049
-0.154306
-5.74095
-6.02015
1.73792
-5.07797
-5.23173
-1.71063
-8.89355
8.28651
-6.12721
4.68163
-8.39425
-5.5499
-1.93261
-2.96463
-0.914355
-9.89035
7.65433
8.55372
9.34565
4.58881
-7.39365
0.556897
2.34131
3.14782
-2.08716
8.94158
-6.46863
-7.04064
5.007
-3.97245
1.11528
-9.68107
-2.06526
5.02855
6.35813
9.74663
-0.377696
1.4358
6.91419
0.0395108
9.10184
-2.52381
0.448207
4.86948
5.19181
-3.86382
-5.30712
0.567251
-0.494819
-2.28183
5.0994
-2.84001
7.74773
4.60487
-6.05828
-4.27287
4.97131
6.53984
-7.2098
4.5917
-6.86559
4.98727
-3.15495
-5.73201
0.0686918
-5.0324
-9.8036
8.37198
9.9477
-7.40235
0.147219
-1.58981
8.75374
2.05914
-4.3162
-1.52029
3.54652
-8.40663
7.0925
0.928772
3.95042
2.6803
2.67858
-8.13117
-3.38295
2.88148
-0.309602
4.00753
5.46728
-7.78261
-4.64954
-3.72911
-6.28276
-3.3786
9.73049
-5.20016
-3.18761
7.13926
-9.69066
-5.46815
3.31276
5.91739
4.8447
9.39727
-6.15204
0.0186318
-9.82275
-7.74669
9.26672
1.60518
-8.33303
-4.437
-0.0759016
-8.49991
-5.08187
7.65457
-7.71812
4.15544
4.20748
-9.15221
-2.40625
7.97218
9.65532
1.88097
4.59217
3.27617
9.79619
7.88149
-7.48294
-0.359576
9.15392
1.52431
9.14513
0.375376
3.29981
9.17685
-7.30785
8.92016
-7.77896
-0.747721
2.96501
-7.83643
3.50344
-4.08335
8.99288
2.27937
1.04325
-7.1337
-2.72795
7.28502
-4.19827
-5.72112
2.7733
-4.60474
-7.8946
-1.40676
-8.72414
1.98258
9.30035
-7.33243
-9.58387
2.16484
-5.18509
-8.277
-1.18741
-5.96671
-2.84692
-8.44358
-0.321332
3.2811
7.66295
3.00294
3.14136
0.387476
9.66319
-0.801766
1.70839
7.2388
1.90968
3.19607
-2.31484
-3.98468
3.85252
-3.26515
4.14004
8.17422
-0.940351
-4.95193
-1.09772
-6.39118
5.59554
9.04857
-0.718487
6.39548
-3.0149
2.24054
9.69072
-4.8328
-0.543936
-9.47129
-5.55671
4.25702
-4.13187
7.77562
-8.00508
2.90815
-6.52365
6.07256
5.24272
-1.45329
-5.73293
2.23315
-7.14065
4.18554
-4.16285
9.72567
-0.639904
0.0313559
8.18184
-4.71465
8.42019
9.90284
7.51625
2.01304
-8.00877
-4.76479
2.34681
-9.39682
1.75364
-2.16176
2.44445
8.7829
3.99455
5.34715
-0.673793
3.27087
7.46885
7.85782
3.97801
-4.72734
-6.81643
-5.209
5.33895
4.42418
-3.51324
-7.59589
0.748713
-1.47835
-2.04395
-2.37646
9.31965
-2.536
6.47954
-9.71991
2.19601
-5.00509
5.11732
-2.48998
-8.45501
6.64859
-1.47452
-9.09368
8.72158
-9.86431
7.8169
-6.33852
7.88011
-2.93645
0.844092
-3.82284
5.17709
2.22708
6.62315
-4.03222
-0.764975
-9.26609
-2.24919
-4.46664
-7.77619
-8.1496
-1.23973
-7.6217
7.18589
-2.4607
-1.2896
-6.04445
-5.13325
1.95271
9.41345
-2.25144
-4.17485
-4.54556
-1.21159
-2.08718
-5.35177
8.74568
9.281
-9.3202
9.96029
4.27882
3.56241
8.93338
-5.66327
9.98686
-6.11095
5.14063
1.46488
-6.63217
-3.26206
-4.0989
3.40256
5.37004
-6.18062
-2.29719
1.22666
5.25712
3.6937
-3.61919
5.71206
0.103158
-6.25889
1.91701
-5.6385
8.41996
2.03923
-0.124593
5.06675
-2.59074
6.84907
7.18884
7.04038
8.24437
-3.81247
-7.28502
3.45943
-6.87935
-0.588475
-3.19117
-5.43919
-3.78885
4.77974
9.70121
2.98887
-7.03829
-3.32995
-3.17187
-6.56195
5.46429
-4.77427
-4.50917
9.56971
6.42996
4.79616
-0.627707
8.39554
5.91548
-6.54875
0.787822
-4.32159
3.99284
9.21635
-2.90544
-3.02887
6.47045
2.77875
0.221854
-6.13767
5.44839
9.5736
-6.33475
6.84091
-7.77226
-5.77005
-7.13443
2.2591
-2.51357
-0.539504
-5.62091
-6.54546
-4.02247
-5.0087
1.36912
6.8617
6.3173
-8.9901
2.92189
3.78375
-2.79912
-6.566
-9.90449
-6.03666
-0.597977
-1.18287
-6.44461
-6.94047
0.404032
9.65251
3.36374
-0.866611
-6.54928
1.15631
2.71922
0.197683
-6.84721
-9.47941
-5.38107
8.89235
4.60129
9.31683
-2.84774
-7.3722
-8.08837
6.02247
3.52371
3.81547
0.39048
-8.66646
-4.76926
-4.74696
7.01795
7.7561
-3.75563
-0.538646
3.3436
-1.30684
-2.77376
-2.96667
-2.62001
7.32153
-6.0279
-0.248323
-6.55432
1.18717
2.27898
7.45484
-8.20733
0.253969
-3.19943
-2.24521
4.83957
2.67562
0.197056
5.65187
0.880514
-1.41246
-2.31865
6.80567
-3.56694
1.17888
-8.32188
-2.90701
0.694247
4.4362
-5.58595
-4.47345
-4.48199
-9.06784
-1.30427
-5.20727
4.10659
7.22057
-5.04666
-6.77517
-5.28856
-0.473463
7.55027
2.52973
-3.70727
-1.08265
0.340983
6.95512
-1.62081
-4.70539
7.60588
0.487327
6.83286
-6.86195
-6.68503
-9.30153
2.8609
2.32373
-4.84197
-8.34768
-9.56494
-9.52388
-5.09876
8.74742
-5.5279
-5.71283
1.447
-9.73461
5.88605
6.54881
6.38219
2.83052
-7.76284
-5.35768
-6.63784
4.64702
5.95964
7.86877
5.08434
5.27422
9.97102
1.37703
1.08748
-0.0296248
-1.98293
4.04322
6.01079
1.1123
5.83445
-8.51398
3.54339
1.29322
-8.27757
-1.28519
-8.75763
4.91803
-5.29946
1.59489
-8.80309
6.62122
2.10584
-6.18396
-1.54061
4.41635
-1.66478
-1.3804
6.24093
-2.70852
-0.723768
-8.03414
-7.71678
-0.034115
6.07375
2.33472
7.69728
-7.39135
9.19219
-6.02963
9.23779
-0.952203
-3.85467
1.38928
0.0301891
-2.97242
0.501657
-7.60693
2.67033
0.872361
9.0197
-7.54857
-8.13237
6.57459
-2.94567
5.82586
-8.57444
-0.290846
-0.471871
8.31104
7.02229
9.65275
-7.00792
-6.96323
-4.96595
-9.68315
9.32429
-8.78469
5.23982
1.39279
-9.77485
-4.86864
-6.78766
-2.12033
-3.52516
7.66126
-1.03261
5.2734
-3.25582
-3.54233
-3.54392
-3.98783
6.1022
5.40518
-2.6952
-2.48814
-1.70444
-0.534849
-9.07195
4.13176
-8.79737
-1.20453
6.53881
-5.22291
5.10691
-8.82782
-9.52182
-3.00268
9.35593
-0.307728
-4.71609
-8.02546
-0.67378
7.59134
6.25521
-9.92504
-2.28671
4.3161
-6.17578
-7.04728
-7.61458
2.67125
9.00288
-4.56412
9.21483
-3.29925
5.98146
-8.34985
-0.327834
-1.86166
-4.58057
8.826
-2.17265
-0.628773
8.86602
8.69597
5.58731
-0.200538
-9.51307
-0.570322
-4.26289
8.90188
7.65943
-1.10757
2.69898
7.74767
8.40346
7.10318
-1.37212
1.47196
-8.29447
9.25414
0.551315
1.65242
6.55368
-2.76376
-4.51254
0.168217
-1.64587
2.57494
-8.39953
8.91892
-3.17843
-4.68145
8.34995
-6.2201
1.20919
-9.6826
8.62638
2.36456
1.8909
9.57164
7.17735
4.72933
-6.85123
-8.48877
0.23653
5.28298
5.87981
1.1187
6.2806
0.503776
-0.584182
-8.44312
-2.70571
-9.04883
2.51207
-6.34894
8.67386
2.99056
-9.388
-6.92557
-1.3162
-0.349475
-1.19593
-4.82003
-0.63631
-5.48516
-8.19375
7.5481
6.94033
-4.30226
-1.83619
-5.66927
-1.84337
-2.75436
-8.95995
1.51631
-3.56918
8.81728
-5.19351
6.4334
-6.21246
-6.00129
-2.88877
-5.25163
9.34532
0.596246
7.48855
6.22263
4.82839
-7.06886
7.65652
-6.13784
5.2655
8.94582
0.704726
-4.3121
7.68191
3.74021
-7.80226
0.468985
9.61492
6.62108
-4.33991
0.618465
8.76646
3.27888
-1.64165
-1.91571
2.66764
-8.50915
0.653684
-9.7582
5.54945
1.82819
7.51278
-6.847
7.90758
-6.35636
4.84656
-9.68659
1.85681
4.12284
7.10407
7.10889
-4.23773
-6.81502
0.118906
8.40698
6.67689
9.85667
2.03022
6.00038
-1.7898
-9.25163
-8.07021
7.07925
7.8127
6.85245
-1.27382
9.09247
9.90918
9.7972
-9.65188
-9.06114
-8.68979
4.66849
-5.29141
8.60049
-2.27864
6.07816
7.49834
8.13955
-4.96634
8.82649
-1.4222
8.75661
6.15182
-1.40908
4.47283
-9.18934
8.44839
5.98428
-6.15443
3.54383
2.51012
-2.80128
1.77897
3.4257
9.54863
4.69958
5.02715
-5.70592
0.187048
-5.54234
-7.5706
-9.00871
-8.86285
-1.79327
5.01608
5.04725
-1.80468
4.0482
-0.0502148
-9.90607
4.17847
-2.66653
1.69687
0.174218
8.53588
4.31538
6.89765
3.3639
8.7764
3.8915
-1.01894
-2.95201
1.54289
-7.8334
-1.52302
1.21108
-9.82557
-8.11935
-6.85093
-1.84531
-4.69928
-4.81771
2.15827
-5.77578
5.54374
-7.10178
-5.95832
-6.99337
1.10914
-2.5962
-9.16444
-6.81433
4.20705
-5.04993
-9.70877
-3.76092
7.33993
-3.1769
-6.47652
-3.31115
-9.8295
7.26333
0.572418
-4.18353
-0.227439
6.78687
-7.11192
-1.28304
4.75319
-9.83806
2.80045
1.90578
-2.07304
-6.81405
2.60912
-3.95139
8.64808
8.74177
8.05751
-5.11277
0.815433
6.65827
9.3553
-3.80837
-0.528354
-4.10881
7.10019
4.79496
4.80897
7.70072
-0.360554
-4.85035
5.45396
-1.94844
-9.75514
7.52338
7.55805
-3.59485
-7.69556
5.6795
4.56795
-3.39883
5.20978
9.54819
3.70402
-5.02355
0.106793
8.09891
-8.90355
8.08482
1.89194
3.79259
5.49265
-2.12992
-1.42239
3.8082
-4.45431
-2.03084
-9.4842
9.94401
5.94134
-0.92241
-8.80102
0.877079
5.29168
-3.29695
9.91353
4.77319
-4.16883
5.1364
-3.99334
-4.94363
-1.76492
5.01098
-6.70783
-2.9553
-3.49763
2.084
-8.06722
-5.85391
9.75888
-9.92756
-5.139
3.4034
-8.44096
4.41039
-9.29393
3.76733
-8.33512
-7.77308
-8.56865
2.62418
7.33594
7.90472
-2.55363
2.62483
1.66035
1.65439
3.0546
-9.47915
-8.47458
5.3982
8.5533
8.57731
3.75071
7.60417
-4.36163
8.62582
1.4405
-6.11929
3.12161
1.62799
1.93262
0.121398
4.26601
-3.77069
-9.84731
-3.31435
7.61772
-6.84648
8.84463
-8.80717
9.38002
-4.79849
-4.68098
-1.05932
0.837094
9.22862
-2.23493
-2.23224
0.270283
3.90128
-6.85639
9.77917
-0.873218
4.11199
9.02075
9.00687
-3.74417
7.51759
7.58727
-5.35448
0.29789
-1.27935
-6.06394
2.39524
2.40413
-7.13047
-9.63074
-0.845948
-1.1817
-4.86923
0.496248
-6.79162
0.353503
-6.41993
7.92538
3.63494
8.48153
-4.58455
-1.28062
-2.01844
-2.42946
-0.270291
-2.98955
7.72529
-0.873325
-6.92429
5.81248
9.77297
-9.83683
7.57758
7.8874
-8.26272
-3.94596
3.40243
-9.37858
8.26114
9.4921
-3.09825
-9.54183
-9.01409
0.864962
-6.92549
7.01762
-6.80438
-0.955167
-9.48423
-4.63037
0.830167
2.62681
9.50369
8.24603
3.74287
-4.26157
-0.608639
-5.58061
-5.16259
4.62406
-8.81632
-7.62169
-6.1166
0.881441
7.95163
-2.5939
5.47071
-6.12742
-8.52844
8.64375
0.0757152
-2.33911
-1.2325
-8.34608
-1.53785
4.1147
5.07372
8.04415
-5.43665
4.12221
1.45785
-3.50247
-6.08985
4.25702
6.51217
-6.09386
3.90561
8.29281
2.30076
-2.87446
5.76263
1.39585
1.25361
2.50619
-5.55359
7.50748
-7.03352
5.17395
0.41525
7.87379
-2.56954
8.801
-2.59531
-1.16547
7.8854
8.16586
-2.01825
2.58823
-7.46504
-2.91451
9.96101
-4.06178
-7.04178
-8.11636
0.0551176
8.09291
6.26278
6.23676
1.52303
-9.77192
9.59879
9.41341
-3.44898
-5.28595
3.77888
-6.64054
9.90373
-5.0716
5.5009
-2.61748
9.23778
-4.07369
-9.08053
5.90752
2.76937
5.20176
9.90998
8.88814
6.49183
-2.08092
-9.44375
5.06631
-7.96535
2.91957
9.8377
-2.7368
-2.73475
-8.3481
8.95669
4.97234
9.44531
-8.56774
-0.0374578
0.42035
-1.51407
-2.96661
9.51862
-0.552612
1.73342
5.51698
-2.3583
7.57463
-9.61734
-9.41544
-2.2307
-2.22227
1.79184
3.96785
-0.199397
5.228
-7.78672
4.28477
4.25564
0.687636
0.132933
0.715569
7.39475
-6.38617
0.508108
-2.9603
2.06613
-0.462416
10.0031
-6.41895
4.0701
-6.08596
2.3126
1.32307
9.31476
7.75632
4.96484
-0.103288
6.57951
-6.23834
1.14342
4.96248
2.56558
2.40549
2.97957
-5.1648
-8.92264
-7.37779
-5.79605
-1.80843
-1.26774
9.29588
-0.696638
7.64996
-0.880017
3.22066
-2.35187
8.17425
-4.41117
-3.30792
3.52916
3.51195
-9.33456
3.98711
-6.03721
7.97006
-2.17941
1.84311
3.00302
3.52206
1.05475
3.41293
-3.9344
0.963699
1.59195
-9.56362
-4.8476
-1.38765
-0.537104
-0.510786
7.15612
7.85392
-7.86297
-5.37189
1.88652
-4.01878
-8.33558
-0.583038
-3.49957
6.55433
9.07362
-0.27889
4.2515
2.25381
-4.8214
-8.11856
4.42878
-6.20092
9.48063
4.84723
1.58255
2.84819
4.02905
8.33066
0.691191
-1.37733
4.95232
-9.62158
5.5384
9.69087
-4.69791
2.51614
1.49276
4.62836
-9.82521
3.05836
7.10294
6.94441
5.40209
8.37162
-7.35063
-2.78354
-0.982379
5.34334
-7.82098
0.896999
-1.61252
2.50833
-6.22625
3.07135
5.19739
0.362774
-9.30791
9.30555
0.939982
-5.82337
-8.17544
6.7619
-8.16522
6.72429
4.54658
-2.24089
-5.45245
2.6447
5.9197
-1.27287
-6.59523
-9.30772
-0.562873
7.55365
3.3932
-8.66641
-5.74811
5.10696
-9.78319
3.65108
3.68759
9.6576
-4.8337
5.72009
-8.63789
8.64612
4.14273
-9.18718
-3.16482
-5.36116
4.09039
-9.2162
-8.98457
8.08996
-6.58827
6.62426
-8.66436
-5.44812
4.40856
7.52763
-4.22795
-1.21643
-9.89666
-1.90681
-7.78827
1.49838
5.89197
3.19129
7.66441
-8.43478
-8.89839
-5.22582
-5.61329
-5.33535
-7.07548
1.09898
4.25862
2.36674
-1.99666
6.53936
-4.89257
-1.9655
-4.89671
-4.61701
-2.17637
7.65071
-8.23588
-4.12227
-9.45364
5.72746
1.27875
-0.821123
9.13315
4.65784
9.06875
7.98352
8.11325
2.87598
-6.98076
-4.81017
-6.80211
-5.72404
8.36383
-9.96394
0.363051
-9.57802
-7.75478
-5.42344
-0.242845
-0.2101
4.30596
6.8254
5.88842
-4.88711
0.947386
1.7314
-8.67056
0.638464
8.99488
4.7152
-5.26661
-2.1217
-7.90711
1.51071
-4.65633
-8.37217
6.88448
-3.35646
0.570702
-8.57499
-0.254958
-1.70143
1.428
2.69183
5.47205
-8.89246
-3.95067
7.25814
-8.6458
-6.53637
1.18674
-8.77746
0.0902336
8.54018
5.33245
6.04731
9.629
-3.23027
-2.12247
5.40989
-8.50437
-4.56338
5.33644
-4.24062
4.04154
-9.07289
6.37989
9.66517
-8.95203
-7.63394
-3.65196
-8.44003
1.70999
-7.52152
-5.5983
-3.06435
0.687144
0.698865
-3.06799
9.47714
-8.75073
1.97042
-1.96962
0.764504
6.04631
1.01186
8.6278
2.45231
5.36456
0.600821
-2.25838
-1.22534
-1.54535
-8.0064
-2.33651
-3.95894
2.99061
-7.92098
-7.96987
2.92734
3.19988
2.54092
9.95925
-9.95203
0.610084
2.27642
8.26439
6.26757
-3.355
-9.28388
0.00330636
6.09156
1.41318
1.41399
-3.88585
2.82158
2.8068
5.13225
-4.78011
-1.04717
-9.76848
-2.19152
3.85575
1.41824
-6.1747
-0.619322
1.36659
0.984959
-6.48886
-1.82375
0.113733
-2.48558
7.53689
-0.11127
-6.83206
-1.47665
6.04659
-0.482412
-0.61291
-6.39126
6.34427
6.4659
-4.02675
0.371158
8.03896
-7.76335
9.08513
5.78456
4.19934
-2.32939
-5.2732
-6.0867
0.0467978
-9.5161
9.97541
8.42931
-0.32408
-3.15147
-9.79326
-1.31798
-1.31909
1.58151
-2.10839
9.57544
-7.12363
6.37283
3.19974
-2.6658
2.92636
-9.24117
4.9669
6.58685
1.22196
-1.41351
7.23802
7.43397
-5.44685
-9.73158
-5.97058
-7.45976
-8.88216
5.23926
9.83786
5.74024
1.42054
8.91615
6.65079
-3.38506
-4.58835
-9.45652
7.75668
-4.74163
8.53626
-3.59341
7.2971
7.58283
-1.75248
7.89986
5.54701
4.20373
-3.87754
-5.51041
2.73059
-4.63043
6.47056
-5.53821
-5.15502
-3.30127
1.23189
-5.50786
-7.4708
0.179945
5.20117
6.02543
0.416426
-8.09896
0.0333047
1.16366
-3.34656
8.23082
3.1122
1.98463
5.27712
-5.70118
9.62429
4.32786
-3.6703
1.94471
-4.3788
5.43102
-5.91025
6.7984
-1.02005
9.47909
-3.0305
3.71813
-3.14949
-1.69474
2.17996
-7.72662
5.29641
4.28122
2.05699
-7.01016
7.77599
-2.44226
-3.18492
-1.9225
8.1346
7.13525
4.29786
3.47861
-0.606812
7.82715
-1.61334
-9.81323
7.44503
-9.20108
7.70429
-1.79944
-6.41771
-8.55723
6.87581
-0.203483
-7.94124
-2.75907
-1.13862
3.89749
-2.37196
-3.99628
4.21047
0.340751
1.02863
7.73467
4.23612
1.42946
2.10428
5.88642
5.10356
8.2968
-7.24225
-3.3413
-3.47332
-6.25731
5.41991
9.04765
1.75248
-8.31307
-6.02906
-9.81973
-6.96701
-7.05259
-7.35978
-0.618645
-1.08342
-9.34277
1.4311
6.71796
-1.16297
-0.355766
8.93712
4.67142
3.51837
6.41174
6.16476
-7.04058
0.981668
1.24963
-9.73454
-7.92042
-3.80128
-5.09863
-8.55887
-6.56824
2.46033
0.139177
2.59641
0.00216439
0.00540792
-0.298042
6.75316
8.9605
-8.23756
-4.04676
3.70749
-0.871644
9.64128
7.14324
9.03367
-7.43094
8.39872
-3.44777
-8.58429
-9.16593
0.606534
-2.4675
5.12315
-2.43973
4.26014
3.06985
4.98537
-6.35332
2.52392
9.36415
6.11313
2.49826
-6.34495
3.73862
3.73759
5.07414
-1.48492
9.59612
2.34305
3.42195
7.32519
-9.64006
-4.53347
2.57815
-2.75586
5.17547
0.21746
0.502416
9.90653
3.56665
-0.949232
-8.14913
4.82162
5.29973
3.98404
-5.69161
-5.42853
3.9568
-9.01884
8.48967
-0.170244
-8.54575
-7.9569
-3.71055
-3.61141
-7.38242
9.66362
6.33871
-8.34493
7.13754
9.91459
-4.84903
-4.90444
-1.19143
-4.11044
1.75595
1.81916
4.48847
-9.83277
0.185428
3.14419
-1.26333
1.1425
2.13443
9.70967
-2.39386
-2.2878
-6.52254
1.5821
3.92514
1.33723
-7.4766
-9.51893
9.92248
-1.76946
3.47171
-3.50362
-2.54045
-7.04266
-3.90336
-9.12589
3.11876
-4.73834
5.30701
-9.47162
-3.76474
8.42048
-1.81613
4.70753
-2.84891
-6.41404
0.933656
7.38689
4.31464
3.49791
-5.12657
5.29423
-1.71215
-1.82464
8.9792
9.3534
0.113466
-3.6619
2.87102
-3.06449
8.98938
9.60641
2.09351
4.4873
-6.4475
3.09895
1.61525
1.02577
-3.72067
-8.99725
5.13154
-2.21711
8.13148
-9.7987
-4.0938
-0.846995
-4.26398
9.07296
-0.80067
4.34574
-0.075386
0.85501
9.6016
-1.64809
1.23306
-7.94884
0.482788
1.66294
1.03676
-1.29574
-8.05142
-1.55605
0.475136
-5.87325
-2.11821
-8.30545
1.069
7.07149
1.23207
1.22549
2.22314
8.46995
-2.81265
0.0407676
-3.63979
6.68362
-4.10914
-9.25261
7.5564
-5.38536
-2.98166
-3.86793
2.56937
1.49269
7.55209
-5.91214
7.74828
7.54158
6.37826
4.79901
5.06171
9.59785
-1.87083
2.33711
-9.06792
7.78514
9.44014
8.4531
6.45355
-9.20444
5.21617
-9.9495
5.13441
-4.03163
-1.81409
0.49502
-8.74742
3.34388
-3.83756
-9.55307
7.38453
6.16818
-9.01406
3.69965
-4.30331
7.02805
7.25004
9.31929
5.71003
5.53168
3.2781
9.96696
-6.16593
-9.13669
8.87076
-8.00244
4.96494
-5.46391
-3.05942
-3.79117
-3.79447
-6.11147
8.86201
4.37303
-9.48583
-4.95286
-9.14009
-2.34053
-2.36773
9.91622
-3.87858
5.78604
-0.0420024
0.861264
-7.16645
-2.73075
2.04082
7.32673
4.7803
1.9028
1.37528
-1.73591
2.22526
-8.45807
-8.74511
1.70239
-7.75002
6.78466
-4.57014
9.03126
4.59085
-3.83669
-0.957585
0.585861
-8.05689
-8.9156
-1.7398
8.73298
8.2483
5.84503
-1.15741
1.91925
1.98343
7.20908
-8.74864
-3.80411
7.46542
-7.9669
-9.95001
1.06754
0.76192
1.50065
-4.98683
-2.78473
-0.457356
-9.6967
-2.18586
1.92762
9.44062
1.36122
7.68081
9.74158
-7.6996
-4.95013
-7.93081
0.539431
3.58009
-7.70859
-6.45302
2.12716
9.94765
3.87606
-0.765485
-8.81975
2.26204
2.50513
7.71429
5.79136
-4.94256
-8.56685
6.38638
-8.06471
7.16846
3.45206
-8.04857
0.155718
-9.25466
7.89893
9.60803
5.73698
-7.53266
-4.70683
-8.41251
1.90394
-9.40983
-2.67331
7.1014
-7.02029
-2.02551
-7.46985
-4.14651
-6.17254
-7.81098
5.03266
-7.79571
7.41117
-2.49179
-4.20824
5.92637
2.37068
7.34059
3.72749
-5.339
-3.096
6.77619
-9.84867
-8.98033
2.63151
8.14108
-0.045401
-6.06714
-6.87038
-0.721389
3.81645
7.89547
-3.14555
8.71315
9.29719
-1.17389
2.72877
-0.109626
-9.14679
4.1639
-5.74483
1.22407
-3.59314
-8.49128
-3.26796
-8.33315
4.05908
-5.78663
-8.45874
-1.99201
-6.30759
7.89289
1.55733
-0.78168
-7.63997
0.0247214
2.32371
-3.2901
3.68216
3.53721
-7.29401
8.84192
3.70734
2.18791
-4.78032
-5.74569
-9.75084
0.554815
0.55045
-9.56088
7.40298
5.84247
-1.47138
-2.64007
6.29582
-8.48045
1.22847
-7.83628
-4.91561
4.93298
-5.3283
2.04114
-4.7883
-7.76828
8.16888
3.12758
9.01454
-2.72722
4.93198
-0.531351
-4.49028
-8.70784
-7.1646
2.82705
2.00615
-9.23973
0.753484
-3.09893
2.53187
4.79555
-3.2652
-5.22911
-7.32303
3.12516
8.87186
2.36717
-4.73279
1.00685
-1.41352
5.79159
-3.66132
-1.75369
6.11604
-2.98748
8.33304
1.05155
5.92698
-6.01645
-7.87866
2.68819
1.39138
8.39023
-4.67213
7.70849
8.17136
6.48381
9.6084
-6.89401
1.04722
8.75142
6.21713
4.58858
4.14586
-3.73136
2.70868
8.19608
8.94044
-7.83045
8.76671
8.86172
-9.56323
0.766697
-8.24315
-7.67585
-3.89266
-7.81062
-4.29602
-4.01803
2.66043
-3.30283
-0.901476
-2.10682
2.50443
-8.1088
-8.38666
-0.755725
-0.2393
-0.181753
1.18706
-3.42507
-6.18334
-0.992593
-7.62104
-3.57933
-6.98108
7.20938
2.05705
2.26144
-6.2303
9.83903
-1.58836
-8.49844
8.99749
-0.0596462
-6.09777
-6.90618
-8.63828
-9.85289
-6.94081
5.00202
-8.45737
-5.37258
-1.14402
-9.46793
7.9732
-5.42029
2.3739
-5.0433
-2.68365
-9.72332
4.2985
-9.04014
2.13205
-6.08969
4.29891
-3.99936
-4.99647
1.13899
4.292
5.17581
-0.219731
6.9414
4.58358
6.24987
-6.4267
-1.62348
-5.47989
-6.72574
2.3804
6.1928
9.75924
3.16998
0.645187
-2.67642
-5.02347
1.58376
-4.04309
9.36058
0.666342
4.89155
-5.49047
-4.28467
8.3865
9.75079
-1.41864
-7.57448
-7.7557
-3.07238
3.7653
2.31737
2.67234
-4.23733
-0.171438
7.52979
3.42061
-6.63693
3.55342
8.08312
3.70606
-5.46837
9.12331
3.91996
1.70328
8.98274
4.82432
2.54999
-7.06773
9.91734
6.53285
-3.33226
-8.93073
-5.54629
-8.06765
-2.66753
-1.3966
0.125896
-2.52721
-4.50142
6.59609
-6.28396
-5.96689
7.45358
-6.75572
-2.1221
-6.32442
-9.69039
0.562681
7.5301
6.24058
-7.19211
-0.0603682
3.88321
-6.10771
-6.01096
-3.17982
-5.97454
-2.86156
2.91858
-1.80522
8.01351
-2.65751
-2.66733
0.206906
-8.20575
5.29293
-7.90305
-9.61423
3.65835
-4.10351
-8.19336
5.52657
4.57492
-4.22174
-4.87207
-4.62473
3.75307
5.27699
0.221558
-8.04748
-4.9722
-8.87189
-7.99454
5.00014
5.58857
1.67411
4.20713
-8.53261
0.945823
3.08265
6.8939
1.71878
0.569208
-6.48718
2.64448
-7.29302
-6.25811
1.47181
7.95741
2.49798
9.23256
0.000514819
-3.93818
4.43013
-3.14983
-6.74935
-7.366
0.729785
-4.60538
6.11151
9.26756
6.89607
2.85537
-3.58275
0.108767
-4.1834
2.79045
7.77893
2.65673
9.38921
-8.36154
-0.196818
9.5115
-0.283315
-3.78197
6.02229
-5.40594
8.21851
7.74441
-8.15517
-6.90658
3.50186
-8.12037
5.0611
9.72056
3.9181
3.96521
-9.35765
9.91952
6.02344
0.0669176
6.7907
-1.30027
9.72155
-2.38689
2.09151
-9.99648
-8.50176
3.46432
4.69593
-0.892208
-2.10943
3.31843
-9.94738
6.80673
-1.53136
-5.55956
9.04903
3.57312
3.5776
-7.54786
5.5911
-6.55657
-8.34231
-5.33684
-9.79407
1.67038
9.77461
2.69969
-9.48072
9.06716
-6.29492
-1.79622
2.15616
-4.44788
9.86697
0.292861
8.94539
0.947782
0.500017
2.46162
-7.06703
-0.989736
6.74082
7.7518
-8.01558
-10.0005
-5.03151
4.10899
-7.61458
4.92108
-2.5232
4.4287
-8.61093
-9.74173
9.67113
-4.32896
-7.96343
-2.0186
-6.69415
1.43377
-7.0161
2.14121
-4.07923
5.71212
5.77983
4.62832
-3.46661
-3.47218
3.57521
-7.3741
2.42573
5.62953
-2.58744
7.89759
-0.0102883
0.678268
9.96582
4.26308
-0.144941
-0.312111
0.821003
-3.14108
-7.79569
-2.51867
-4.90447
4.78063
9.65156
-0.0423383
2.60226
-9.57598
-6.04178
7.14514
-7.34895
2.3472
-7.97848
-2.70623
0.401537
-5.85416
-7.31244
-9.42593
-6.49069
-3.13498
-8.99965
-7.34261
8.52306
7.76046
7.6211
-7.80073
6.99492
-3.85976
4.08373
-1.5275
-2.92437
6.20665
-3.21762
3.67697
8.93252
-7.7445
-5.20673
-4.1453
7.86598
-9.87255
7.11341
-8.47944
-1.08322
-0.240778
6.95039
8.08514
-6.23059
5.79514
-2.47581
1.18137
-2.86045
5.57992
0.694719
1.15599
4.34675
-3.14227
-4.98545
-4.86682
2.54747
8.11395
-6.61605
-1.61205
9.37727
2.89547
-0.568334
5.39328
9.40125
-2.26908
1.34892
3.46849
8.61549
-9.52293
-6.26487
6.91694
6.13383
-2.32853
6.86295
-4.03705
-5.26231
4.14277
6.89387
-8.90227
2.19742
-0.51465
8.57701
-0.0971378
6.61815
-6.21495
-4.61096
0.508293
3.55798
5.3439
3.96455
2.65137
6.14547
-1.42944
8.06157
-2.52083
9.43731
9.99187
-2.3291
-2.3308
-1.12482
7.55879
4.70342
4.45633
7.13518
-6.56762
-2.87916
5.07438
9.63768
-2.0987
3.26694
5.04904
-0.445485
-7.45137
8.75099
-3.00114
4.77338
-5.14218
-2.32203
6.5386
-1.32145
9.73533
-3.07254
-0.370633
-8.54209
6.59663
-0.467437
-4.37588
8.62484
-3.88956
8.68511
4.18475
-9.25164
1.99743
-8.0227
-8.39983
-6.46529
6.75532
-7.66663
9.75783
1.52771
-7.8372
-0.863771
-4.08728
-6.83365
-1.8158
8.55353
-9.64793
5.98557
8.88751
5.48238
4.99512
-6.11904
-8.96468
6.73458
-3.55018
5.89189
-6.17461
1.6507
1.66051
1.76762
-1.3418
8.34424
-5.76275
-1.21683
0.33273
9.81228
-7.29043
4.84888
5.68261
-9.73002
-1.78734
-2.02826
1.90745
0.707428
-3.94962
-6.59996
6.05666
1.95755
7.76401
-2.62755
4.80961
-7.30632
-0.0244139
2.15317
-8.96534
6.55911
3.35789
-0.106893
3.99484
-1.5291
0.641903
-5.28319
-4.94331
-1.53204
4.64676
8.3957
2.19662
-1.41056
-5.58186
-5.07553
6.72755
-3.08934
5.24102
4.44976
-5.15366
-9.01032
-8.15595
-0.677202
-9.02582
-9.5348
5.81627
0.518429
-0.164563
-6.78869
9.26075
8.01303
-3.23934
-0.855868
7.97813
5.95017
2.29783
-9.43569
2.57593
-7.45241
5.58555
-7.81117
-0.642254
-3.94897
-3.53905
0.28503
3.1247
-1.36215
3.90112
0.492071
-8.15527
1.84882
-0.574917
-5.29543
1.58067
-1.75855
7.46915
6.46423
-5.11614
-2.23414
0.102021
2.82701
5.36104
4.96528
-0.71281
-8.32504
4.26903
5.7296
-6.00711
0.315288
-5.15156
3.67617
1.99374
-2.35773
-4.31861
0.00864026
9.56868
-5.59482
-0.535825
6.16408
-7.81284
8.96945
3.98419
-2.59275
5.91116
-2.05663
3.2198
-0.346379
-0.396844
2.69313
-3.28498
-4.61033
2.14215
-7.24739
7.57244
8.71544
3.7623
-7.43155
9.53981
-0.28126
-9.94303
-9.85148
-2.2772
3.87344
-0.0927027
-1.4422
-4.01508
8.3713
-7.492
4.36168
-1.13717
-3.43981
-7.23107
-1.485
8.29527
8.42595
6.18641
-0.773235
-6.33487
-5.27619
-2.46041
-2.46519
-6.97761
3.4057
2.70106
-4.75287
7.46098
3.3299
-3.75041
-3.72577
3.57345
4.92923
-5.26553
-7.05052
0.604162
7.83321
-8.72468
3.4106
0.709931
-0.13308
-8.73005
-7.74654
-3.33277
-4.57134
-6.29648
-6.67946
-8.36939
-8.10903
6.97167
0.803378
-0.184467
-1.21984
-8.97998
-5.08235
-0.286959
3.64997
-3.13568
-6.49832
9.47734
-7.99891
-0.940041
6.84733
9.39723
-5.46391
-9.74139
-4.5416
-3.11841
-6.30018
-4.95653
7.29563
-2.92621
-4.85079
8.76741
-0.664657
5.52356
-4.06869
1.42628
4.81825
-6.05986
-6.46129
-4.5662
0.800969
4.99434
-8.77714
8.54623
7.56668
-2.35427
7.63638
-6.00596
6.69236
-4.9259
0.904781
5.46162
-1.29154
-9.45538
-2.68753
4.01187
3.74741
6.44231
-6.73908
9.20709
-6.50255
-3.39283
-4.93779
7.89246
2.16253
-1.79621
-2.96276
0.621864
3.45523
1.91327
3.30003
2.16356
-0.623002
-2.5606
8.18193
5.17929
3.06934
-8.6092
3.2269
-6.15938
1.8911
-8.5655
1.82443
-4.11345
-5.58977
-3.0681
3.40177
-5.97574
-3.12975
-6.23657
-1.91309
-7.61085
0.577184
-6.42767
8.84655
5.36189
3.12969
4.01939
5.77538
4.05232
8.29791
1.11849
-4.32782
-9.87149
-3.98622
0.0843178
3.48242
8.97463
-4.289
7.6546
-3.04187
4.23927
6.43272
-7.07232
3.52465
-7.8093
-2.29808
1.81484
-4.68546
-9.31303
-8.2269
4.02066
1.35177
9.2466
0.238484
-5.36777
5.09628
5.67808
6.5053
8.64198
-8.74137
9.47585
-3.57144
5.47556
9.83142
8.56781
3.83262
3.82668
-7.81598
-4.04239
8.80763
5.89416
-7.37976
-5.57721
9.7664
3.49251
9.70662
3.87406
-2.92392
2.00586
-0.325055
-5.23344
1.54034
6.07965
-9.45494
-8.18034
0.184674
-2.93717
9.02648
3.3902
5.01442
-0.741892
-8.3494
-0.377142
-8.89208
-2.63676
-8.61999
-4.62154
9.21603
3.53595
5.69291
-3.58751
-5.97847
-0.101324
-6.95051
0.357704
-3.60483
4.74061
-8.91316
1.2304
6.57976
3.90487
-2.52207
4.8654
9.90708
5.73219
2.33295
-6.911
-2.15004
8.0606
-3.14734
5.79179
-7.92682
2.49901
-9.58302
-4.7987
9.31499
-5.55956
6.70803
-7.56377
-3.98446
0.587031
6.78972
-9.6131
4.5644
-6.57869
-9.51893
-2.27627
-5.92366
4.2797
-3.90654
-3.7516
5.73233
-8.8801
9.20167
6.53852
-6.83519
5.25081
8.19966
-4.52266
-1.03925
0.314832
-4.46208
-8.21559
9.95175
4.30429
6.90823
-1.71651
-9.45405
2.0775
0.524665
7.92125
-4.32565
3.04565
-3.04786
-3.71791
-7.82236
-1.53107
-6.69649
9.91032
-8.14683
-1.21949
-9.7316
8.18542
-4.52502
4.08147
7.07084
-4.91576
-0.424641
-9.62133
1.67078
-0.335799
8.77598
-5.89415
8.17543
5.60716
5.91211
5.65487
-7.1279
-3.52536
3.59228
-8.84203
-1.21158
4.28828
2.53238
-5.39635
-7.46555
-7.95445
-0.424917
-5.18468
-1.09691
-0.214176
-8.71635
5.46342
4.01061
6.12064
-6.26604
-0.72817
-6.11811
-3.63128
-6.08922
5.10817
-5.61826
1.01062
-7.22205
4.68471
-7.28812
7.90018
-3.14176
-3.1182
-0.13977
7.79797
-2.50965
-1.03321
-1.5483
-1.55539
-3.9662
2.55829
-0.531582
-3.5214
6.87768
1.1357
8.72884
9.02112
7.51887
7.3258
7.97758
-7.36408
4.51734
-0.522491
-0.921009
-6.1458
-6.87864
2.3699
-9.96133
0.913723
-2.56236
-1.84668
1.19454
-6.65925
5.80246
1.11447
-5.32485
1.24232
2.94378
-9.32902
5.7901
2.20691
-1.45288
-6.24376
-8.99535
2.35171
-6.74331
3.69548
-8.8661
1.25281
1.2399
1.05241
-6.93655
8.65033
6.40017
-3.14865
4.16313
-0.315894
-5.43158
4.9915
-6.05339
1.949
-3.48564
5.99934
2.39446
-7.7027
4.3856
8.61915
-5.29997
2.56375
1.37726
-6.32969
-1.17421
-4.86968
5.83454
2.28806
-5.86394
-3.40107
-1.77484
-3.63041
-2.64224
6.17273
4.12714
-6.53718
8.12059
6.01401
-5.02129
-1.72515
-0.0374694
-6.6559
9.46097
-6.18705
-5.00016
1.90598
4.01266
4.5683
-0.627274
-6.7621
6.8014
-4.01566
-5.72838
8.79299
9.61027
7.8185
-5.68088
8.75681
-0.694514
-0.208781
4.36329
-4.25996
-8.68335
-8.50991
-1.12157
-6.98833
-4.18337
-6.54094
-3.33381
-9.23711
-6.70171
3.71215
4.53097
8.71149
-5.3652
7.58123
6.66597
3.74487
-0.0741699
5.65409
-8.71907
7.32762
6.94534
1.46241
-9.79303
3.14292
0.644467
-1.30847
-9.14161
4.35842
-5.35251
0.872628
0.0387618
0.59793
-7.45784
2.27581
-6.42059
-6.10442
3.30886
-5.69678
4.68714
9.7263
-2.85622
4.7196
-6.17125
2.81965
-0.669203
8.53835
6.15954
6.59585
-6.2728
-7.0673
1.61154
-4.67172
-4.15984
5.05929
-8.12805
6.59807
3.22558
3.89673
-8.00636
-1.82368
9.15896
-0.0513027
5.58138
-9.4919
6.35708
7.14357
5.51735
1.97594
8.15793
0.306194
0.201858
-4.84822
2.784
-8.39593
-3.47515
-8.11362
7.21336
6.89835
-5.80303
6.68743
0.0266021
6.32379
-9.99479
6.35928
-7.52242
7.98006
7.09763
-7.83134
-4.29032
-9.06218
-5.51127
-0.751165
8.2776
-2.94443
-6.2989
-4.54872
-5.39214
3.9675
-8.02416
5.76472
-3.77963
-8.39598
-3.7466
-9.10839
-8.55004
-4.45736
-3.29684
-1.42197
-1.92675
8.41541
0.748436
-7.4324
2.5965
8.05636
-0.623912
1.57479
6.1792
-7.80659
-6.52511
6.26264
-0.412693
-7.25225
-6.18692
8.55861
-7.49735
-8.55885
3.31875
8.04087
-3.24786
5.91068
7.75958
-9.7613
-7.72023
-7.86095
0.111097
-2.04864
-2.17606
-7.08679
-9.08449
-5.76312
5.31149
5.51082
-3.50965
-0.874331
8.76882
-3.55011
-5.4426
-4.57079
7.27755
-5.85259
7.82478
-4.02895
-0.988457
-6.57212
-9.0547
-0.933049
2.57971
-1.33248
0.0618267
4.03897
-1.37135
1.08016
-3.19535
7.82351
1.33431
-0.170642
-0.176493
-1.38869
-5.27944
-9.59471
-3.9912
-7.27983
6.2627
-0.708572
3.68451
1.96379
0.806904
-5.86537
-8.60254
8.09418
-1.0746
0.266271
-0.96586
7.09608
-8.46298
-4.2928
0.0444829
-9.5643
8.45842
-6.74093
1.95036
4.18614
-8.50686
-6.42759
-3.29901
2.71057
-5.18396
1.8077
-2.16766
9.77114
-9.70217
9.28151
7.71525
-3.0574
4.47715
6.46015
3.84479
-5.17971
-0.822163
-8.61399
-2.20262
9.84042
5.21501
4.66386
8.93085
0.571196
6.67335
6.36467
-8.15977
7.65412
7.17727
-5.36353
1.24906
9.94406
-9.42283
9.82326
-0.292736
-4.48472
-4.45628
-6.78203
1.81743
-6.49281
0.0455283
4.65118
-3.64312
6.4448
4.71109
-5.08787
1.39819
1.20519
-7.69702
-9.89308
-1.04041
-6.65361
-3.99061
-8.75409
-4.27654
-7.61396
-0.707761
-3.13179
-1.61971
1.26351
-8.5869
7.0188
-4.47246
4.7325
-0.498565
4.99399
-9.02742
0.888871
2.76465
6.30764
1.06804
-7.44023
-8.01391
-5.64229
7.04157
-0.896405
9.05504
-0.122047
-8.43061
6.66941
-0.664265
-7.60273
-5.29844
-0.262716
1.93439
4.23191
-8.86679
-4.03675
9.6249
-3.98998
-3.99393
9.26673
-6.93315
-6.03648
8.77782
-9.61064
6.35496
-6.67018
-4.02793
-5.78179
-3.98093
-0.975686
8.25679
-4.85962
-6.84206
-1.85466
-8.26104
-2.59021
0.0806313
-0.841692
10.0132
4.6648
6.55546
-2.19122
-7.76017
-0.837552
2.11077
1.49429
-7.45694
6.56426
-6.2839
8.33811
7.27125
1.81142
9.64486
6.37428
7.78198
3.67574
-6.10468
-2.18793
-6.28767
-3.53154
0.937424
-2.52661
3.47779
7.10876
7.20612
-2.82264
-5.15762
2.92079
-5.25002
4.02158
-1.32612
-3.3096
-0.549798
2.11042
-1.26683
-4.73826
8.64795
1.01957
5.47859
3.02221
3.18143
-3.58858
-7.28411
2.53788
-3.75809
5.35678
0.631018
-8.00018
5.70416
2.56752
2.58048
4.30588
-0.500316
-5.23878
-6.7403
6.23763
-0.0675941
4.40109
-1.0378
4.94369
5.38504
-5.81493
-9.28066
-1.8201
1.58664
3.20145
3.50838
3.50303
-7.90637
3.00835
-9.54686
6.69392
-4.25612
5.30631
6.39446
-9.12435
-1.18299
-4.80905
-6.3398
-6.90827
-3.1488
-4.49562
9.13642
5.97967
6.71952
-1.4808
5.02315
-3.71528
2.92329
5.77324
4.99077
-9.42022
-2.26659
1.68809
-2.33653
-1.44463
-6.98991
5.352
4.97162
-3.3511
6.53376
1.26048
-5.15442
3.87192
6.3796
5.19672
9.18125
4.06172
0.765413
2.5573
4.56707
-4.93708
3.10933
7.22695
-9.37249
4.64295
-6.96743
9.53849
3.97437
0.310513
-2.55389
-1.1718
8.44394
-7.04299
-9.94398
4.13904
9.41051
-8.25801
5.65782
-0.109566
5.80955
-8.6011
-6.31315
3.50748
-2.02174
6.37501
-5.90333
1.4586
7.56577
1.25436
0.386245
0.712002
0.560173
0.180799
7.73667
-6.37019
-2.82864
-2.06144
-9.93753
5.04215
2.75963
-8.13864
6.3442
-8.11802
4.63735
-7.69019
-2.61906
7.41288
-5.46737
6.84175
-9.66539
-6.15117
4.45384
0.491549
-1.06923
8.06725
7.10344
9.91646
-2.03052
4.6033
0.6211
-0.470182
3.65368
-9.94106
-9.47512
-1.68521
-2.97122
5.83887
9.91286
8.78026
-2.33074
-2.89919
4.45638
0.938657
1.89483
-9.05334
4.19857
-1.99084
2.67057
-0.665662
5.3515
-6.86617
2.71351
4.95064
-3.09422
3.28187
4.62297
-5.80778
-0.550035
7.36828
1.7985
-4.95282
6.2294
9.24435
3.69773
-0.993587
-4.19204
3.88546
8.30612
-7.05295
0.0157251
4.93809
9.53539
6.46187
-0.842623
-1.21301
9.05664
-6.04122
4.61609
-7.53295
8.12731
0.592721
4.01693
-0.962275
4.04566
-3.67139
2.06962
3.84234
-1.64109
-2.85219
3.06558
1.8271
5.01727
-3.91813
-3.5259
-0.185287
9.01511
3.13574
4.0814
3.64295
5.40119
9.69918
-2.62489
-3.36213
7.54194
1.82433
-0.820063
8.3801
-8.37782
-4.74637
1.46839
6.23168
4.65015
4.05325
-6.77822
4.47668
-8.58837
-5.71825
-0.684036
8.28375
9.82693
2.35372
-1.78007
0.522293
-2.80264
-7.80308
-3.15206
-7.73178
-3.3262
2.79822
-0.13943
6.1706
3.81743
-8.26547
9.03654
-2.59585
6.23294
-8.49409
-8.30217
8.69356
-6.20176
2.67899
-0.184859
-1.40762
6.12422
7.47542
-8.59505
-7.017
3.23268
-4.10574
-1.47152
9.62888
5.85697
3.62814
6.63741
-0.543512
-3.59211
8.45946
8.37345
-3.93898
-4.46818
-4.61095
-6.40747
-1.59421
-0.810004
0.625799
5.47777
-6.43392
7.16093
2.39485
2.05354
-1.00253
6.96325
-7.47672
4.06941
-5.68554
8.94589
-8.6403
-8.13179
5.21105
5.84957
-5.51416
-5.66157
6.20968
6.21312
1.23966
2.54514
-9.12068
1.85295
-7.66009
6.55343
0.403501
3.8734
4.57254
4.29183
-5.38991
5.39604
-8.3407
3.0014
1.2352
1.27284
-5.46924
0.542422
8.29209
1.42515
-8.56983
9.01324
-8.51664
-2.54538
-5.65623
-6.15481
-0.188691
5.62153
-2.06779
6.87697
0.305371
5.22482
-4.29064
6.52182
-0.84724
7.49873
-9.75819
-5.42247
9.01915
-6.77136
-1.69581
-6.8113
-9.23307
-4.99675
-2.37947
-8.94763
3.85947
7.25242
7.50384
4.49375
-0.335186
-6.13861
-0.204479
-8.42658
-4.00209
-2.11672
-6.82639
-3.7905
-1.70105
-4.01893
-6.83772
4.82592
3.65868
8.3863
-3.25222
-2.59659
7.44662
6.96476
-7.35862
9.42152
-5.37211
9.25842
9.4635
7.74387
8.04827
-4.97447
-6.2676
4.64554
3.77816
-9.32663
-1.75095
4.29468
0.536671
9.33136
7.29813
-2.65915
9.26776
5.79734
0.0686752
4.86277
-9.90186
4.75965
-4.00387
-5.14044
-8.06894
-9.17285
-4.54529
-6.4086
-1.45385
6.43876
10.0033
-0.865345
0.612066
8.83718
-1.81723
-2.30506
7.03381
-0.0375417
5.77394
1.33069
-7.55895
0.765617
-0.788856
9.5467
-9.60589
-2.85206
9.60566
-8.2952
5.89662
-0.616888
1.47428
-2.4412
7.80326
7.43806
-0.54963
9.96076
-1.23544
0.617283
5.62715
6.82115
1.46129
4.98285
5.87242
9.18917
6.98204
-8.52616
3.83588
-6.1848
2.65866
-3.73375
9.62879
-8.70189
4.81285
-4.27704
-8.16585
-1.24536
-2.93946
9.61148
7.70114
-7.1462
6.06503
-4.30742
5.3697
4.49239
6.75466
-6.37806
7.79666
7.83144
2.38842
1.23351
6.9666
1.63503
5.13868
-4.62388
8.55343
9.4186
2.08896
-3.40373
-4.06275
-9.18774
1.90293
-7.69175
6.02647
9.73032
-4.80348
-1.78764
8.23426
2.07199
3.61067
0.984048
5.87556
5.98507
5.52068
3.99122
-5.9167
0.847283
9.23283
-8.47509
-4.78033
7.33102
-1.91077
-3.31673
6.25908
8.35559
8.12484
-4.04918
3.74635
-7.57068
-2.85938
3.12523
2.01244
-4.9347
-8.49979
9.13328
-8.98638
2.44042
9.93653
-7.85222
-8.61469
9.26113
3.57218
-5.82961
3.22641
-0.500869
4.06485
-8.16831
5.95089
-3.50451
0.54252
8.29829
9.91923
-6.70998
0.262683
9.41019
-5.38898
-5.91384
-9.51549
8.76125
-2.90711
-2.55651
6.3118
7.93321
5.71003
-0.212157
-4.13048
4.1881
8.08369
-5.86676
6.94517
7.20747
6.91869
5.42933
1.65474
7.60033
2.28752
6.95913
-8.96412
1.43434
-3.19482
-9.5534
4.6658
4.17796
4.7608
7.52446
4.96246
-6.59575
0.0308359
-3.51518
-9.41233
-2.38226
-2.13184
-8.64754
4.16632
3.83245
-3.34568
-1.66048
-2.79128
4.6305
4.78312
3.51166
-2.08105
-7.71259
8.89835
3.28333
1.69189
5.22906
7.34005
-3.77512
2.28438
-6.93253
5.03599
1.16753
-7.32224
-9.25803
7.09191
3.82306
3.34914
-7.2293
-6.13985
-8.6906
5.41295
1.32861
7.57586
-2.03434
-8.73352
3.99993
2.46759
-4.71216
-0.000125403
-1.93152
2.02253
-2.99258
1.9206
-6.17558
-0.213076
9.11933
-9.99764
6.44945
1.30777
7.22642
9.32616
2.90815
-9.0647
-8.97891
7.73388
-0.909357
2.34697
6.24484
9.64099
2.65938
9.99834
-8.84813
9.78893
9.89915
2.09867
2.08037
-5.89197
-4.75387
-4.98486
-8.14108
-3.9627
-1.75994
-1.16416
3.43484
-8.45596
-9.26755
7.81816
-5.59452
-2.06613
9.30463
8.00241
5.78223
-7.86048
8.06503
1.52195
6.13139
-0.757826
1.2658
3.36261
7.02991
-9.17553
-3.53345
9.01641
4.50476
1.33549
3.7759
0.566219
-8.76306
-0.10751
-2.06737
-7.69426
5.01661
-2.33889
-2.1501
9.33503
-0.619708
-4.52161
7.90919
-9.51854
4.9691
9.47884
0.750505
4.51143
8.4344
-7.63359
-8.89122
2.55912
-4.21417
4.40898
-5.42141
8.492
6.68997
1.34619
3.02637
-9.33015
0.787675
-3.20619
-4.05534
7.29184
9.74341
7.18294
-5.83507
9.93108
1.48694
1.0099
2.85749
8.29038
5.61156
6.00457
6.06342
4.71107
2.27481
-7.51593
-3.76836
1.85931
8.67873
9.12836
-0.240542
-9.85875
-4.34754
5.15213
0.789248
-3.51455
6.34382
-0.921918
-0.42045
9.50576
5.34853
8.04671
-5.05903
0.93546
1.02951
7.66701
-8.50529
4.23291
-6.96472
-3.15691
-5.32664
-0.345647
6.94272
0.6162
-9.34798
2.4554
4.36255
-5.48985
-0.186514
8.04545
6.80812
-7.78955
-1.40799
-4.02271
-3.27105
8.99403
-2.32712
6.41986
-0.940705
0.559528
-8.51974
0.902452
2.17541
-2.60138
-6.54728
-6.28821
-3.00574
8.11762
-8.03829
6.15697
-7.31617
7.4851
0.0348519
2.4928
-1.87951
-0.0927829
3.82362
-2.65091
6.83903
-4.20279
-5.01316
6.56478
3.38295
-3.039
-2.35024
2.75621
-9.11735
2.303
-9.27998
-7.07114
7.12509
-5.3369
6.40053
1.30553
-1.77893
-2.5357
7.9763
5.01958
-1.49361
3.26975
7.8901
3.40745
-9.31477
7.64489
2.12741
6.04418
6.81729
-4.97063
5.28069
-1.9105
-8.15343
-7.74895
2.21614
-4.17892
-9.63402
1.15325
1.1701
5.83058
-3.6491
-4.94301
5.85906
6.56517
-2.88422
6.92474
-3.31886
8.96223
2.59517
1.96469
-2.4974
-6.75546
-5.74616
-5.09231
-5.2653
-0.894303
-6.71036
-0.380466
7.95834
3.17843
-9.81047
4.15557
6.17751
-8.44828
0.239245
2.08075
-3.59716
-7.68056
9.61139
6.75703
-2.27074
-9.97977
-5.10458
-5.98908
-1.27707
4.31812
7.34351
-6.73289
5.97801
-7.04168
-1.16594
9.69226
6.04982
1.48558
-1.91595
2.0373
-5.07828
0.761324
7.13143
-2.52884
8.61136
3.08114
4.28301
-5.58985
-0.225349
2.61821
-2.86012
4.93889
6.16242
2.3798
5.72331
-6.74992
1.36275
0.357799
0.388432
2.40038
4.08677
3.72283
-8.8692
6.95665
9.88998
-7.19522
-8.87009
-1.23438
-7.19347
5.98526
9.37778
5.2464
-1.22384
7.01052
4.40488
0.876325
-3.26676
8.84984
6.4082
-6.42214
5.83978
-8.64101
-3.09455
-2.99327
-9.59712
4.24452
-0.664232
7.47494
1.86634
9.37307
1.62872
6.2463
7.10296
-2.44337
-6.85916
-8.43917
1.0582
0.288221
0.569648
-8.67072
5.28351
9.62134
-5.5658
-7.91055
1.82508
7.35868
6.90687
7.24869
9.97696
8.37145
9.72811
9.13959
-2.94018
-5.43801
-3.54768
2.27767
-1.26871
9.17424
-2.88396
2.18022
-7.45247
6.85678
3.42566
4.30692
1.98836
2.29196
6.79042
1.58861
5.31364
-7.29848
-9.9632
1.58137
-3.19187
-4.94869
-5.388
9.86044
1.49844
-9.11624
-5.781
6.1488
-6.91473
9.31741
-6.45706
-4.14008
9.11954
6.10234
8.54633
-6.04458
-0.790661
0.618578
7.11153
-2.46698
7.41497
7.39613
6.86184
-8.65184
2.51301
1.45786
4.98803
2.30983
-3.44791
-0.388499
5.18684
1.84355
6.88743
1.1034
-1.79682
-3.92714
-6.90356
7.05844
1.67478
5.95451
0.702737
4.26292
7.94169
6.40513
2.63358
-6.16545
7.69368
5.51344
-7.64256
-2.9454
-0.227231
0.960015
-6.30264
4.54078
4.04033
7.7048
7.04084
-3.22037
-5.0952
1.12954
-8.06154
5.5402
3.89382
-5.06287
3.30948
10.0081
-3.00268
0.0179743
-1.07085
-0.749378
5.65995
-1.3714
5.54941
3.52736
-3.04361
-4.73281
8.4575
6.44842
-2.05187
7.14117
-1.83023
8.51544
6.72791
-7.20993
1.36336
5.88738
-0.370947
2.71967
7.41215
6.66517
3.46769
4.87932
-0.300407
0.0401535
0.190464
1.91223
-0.85468
7.52192
1.39071
5.38613
-1.80036
3.30321
1.19542
9.06218
-2.02066
6.95876
-4.37193
-4.82815
4.33699
4.67563
-6.7262
-4.35007
7.48748
-5.97523
-1.12768
5.09646
4.2903
-1.80142
4.55551
-1.71892
1.41008
-9.73868
7.98429
-3.68348
7.71198
3.16908
-3.92314
7.78324
0.0316712
-7.88858
6.29011
5.33689
2.4488
2.88501
-7.12145
-4.22979
-1.92682
-4.58117
-0.183568
8.8043
-5.9424
-6.23911
-2.22266
-5.54661
5.53997
-6.7538
2.62311
4.77114
5.87064
-3.34574
-0.911959
6.11369
-2.25094
-2.26126
4.50404
0.696993
8.59952
0.608238
2.55435
-9.50571
8.21403
1.54153
-1.6874
-7.63433
6.74412
4.94192
9.58117
8.70448
8.32028
7.24727
-5.25256
-4.10327
9.45223
-3.55439
-5.53432
-8.63803
-0.762171
3.35051
-9.35284
2.22216
-5.5468
1.54497
-0.184633
-9.79181
8.29529
-8.40842
0.268274
7.0961
-9.70515
5.49075
-9.28873
-3.1937
9.47652
-7.16039
9.7183
3.49295
-9.00072
-6.45072
0.271401
-4.68455
-3.33424
-7.8195
4.91056
0.0762303
-4.4729
-4.80117
1.12681
-0.997329
7.44332
1.61767
-3.35753
6.09932
-2.16589
-8.86594
-0.254053
-3.62432
-5.39603
-7.24904
5.64712
0.369811
-9.48164
8.20184
-4.76915
-0.0409257
-7.64539
-9.13621
6.37863
7.87404
8.38021
-5.37544
-7.47964
-2.49229
0.254544
9.27465
8.16948
-6.3244
-1.18083
-2.24649
-5.97095
2.07633
-8.98787
0.696628
-9.42026
3.7909
-5.38296
-7.57373
-1.02959
-7.49852
9.77652
9.83059
4.25681
6.1299
-4.66256
6.48035
-8.6195
0.982014
-0.0108303
-6.11031
-3.06621
-8.08119
4.81596
7.27593
2.31842
-4.82322
1.65628
4.85774
-6.05336
4.02267
0.688861
-9.89574
1.07101
6.55159
6.55787
2.51556
-9.26689
6.90523
6.96873
4.82399
-2.29422
-0.758689
4.75153
6.00811
-9.3199
-9.74464
-8.7214
0.490243
7.07739
4.24293
-6.88865
-4.29984
-3.63225
-9.45891
-9.91917
-2.0945
-2.7918
2.62717
-6.47427
3.0084
2.75294
7.74265
-0.00682699
3.80814
-3.59881
-3.27659
8.96494
-1.48963
-5.9625
1.58772
6.97259
-3.84805
-3.75972
6.96159
0.684159
4.77366
-4.13783
7.42948
4.49252
-0.561348
2.15496
-0.713952
-3.92391
-0.301206
4.52809
0.507146
-2.76359
8.60404
5.40214
-7.29505
-2.68595
2.94325
8.44205
3.21344
-5.39368
6.78837
-2.95565
-8.019
6.3182
5.81293
8.72833
8.15244
-6.62344
1.04946
1.06232
8.83948
-0.83269
-8.05106
-3.67747
2.9168
9.53021
6.90864
2.19066
2.17663
5.32993
7.16565
-8.01241
-4.10589
2.40906
-3.23389
6.05974
-6.78621
-6.67123
9.83614
-3.50334
7.65386
8.33521
-0.540159
4.54635
1.03262
9.87783
-9.67646
5.06978
-4.83566
-2.15102
-2.92672
-6.53879
-3.52917
7.75807
-9.48769
0.708218
3.52503
-0.529549
-4.60652
0.726953
8.4319
-4.0757
-9.49198
4.44014
-7.1675
9.71799
9.47167
8.82826
2.27015
-9.75804
7.24329
-9.09245
8.77506
-4.49892
8.5598
9.22889
8.77695
7.72568
6.57652
-1.63686
1.85825
6.25459
8.06265
-7.63159
-3.78724
5.90723
-2.30181
3.04539
6.67352
5.84713
-4.96035
-4.04426
-3.2678
9.40028
4.84338
-5.09514
-3.69272
6.04649
1.61893
-3.66714
3.69476
-4.02028
-2.03212
7.37642
-7.80145
-2.91292
-7.71625
3.00411
3.02672
-5.85832
1.33146
7.19484
-5.35198
1.92395
-2.33369
7.81617
7.26555
1.33745
-7.34499
2.90427
-3.20501
-9.33985
-8.05931
6.64034
6.36016
0.276142
-0.936538
9.48802
9.7945
-0.514171
5.426
1.03741
6.25023
-5.89937
-4.52218
-4.84761
0.32494
-9.84462
1.43918
-7.97594
1.82483
-9.87478
-0.178054
8.61391
-0.39827
-0.401677
5.69035
-1.72595
4.68049
3.21293
6.38821
-1.30306
8.32245
0.436081
3.41446
9.66548
-5.6446
9.92748
-4.01035
-6.73066
4.24887
0.454098
6.82852
-6.21336
-0.938879
-5.38366
-2.74372
0.0650345
-9.28616
5.56792
-7.53244
1.25523
-9.9817
-7.18253
-3.15023
-4.33313
1.94297
-6.30817
-7.60133
2.37226
-8.54679
-4.10225
-6.37514
3.03178
-4.33429
2.29818
4.917
2.57829
0.304981
-2.97514
3.16039
4.20718
9.51188
-6.58461
-0.526414
9.71035
-8.76203
9.75048
-5.00772
0.217459
7.1487
-9.35486
-8.6345
-9.62201
4.86431
-0.328193
-7.51576
5.38455
-5.16795
-8.12324
7.34666
-8.70134
6.37692
-3.20732
-6.20525
-8.11619
7.9573
-0.177999
-5.26517
-6.90178
-9.1823
-1.64974
-4.59731
1.94079
-7.80954
6.55381
1.36429
2.6976
5.9476
-6.35061
4.23422
-5.80963
-3.96033
4.83267
3.64076
-0.037053
6.49749
-6.81676
-2.96145
-0.582347
3.18636
5.08287
6.8971
7.79852
6.07431
-3.09613
1.01007
-5.83083
-2.03055
-5.8548
-1.13032
-0.734687
0.230704
-6.95161
-0.741793
9.26273
-2.94453
0.0157514
-3.63249
3.14135
-3.0642
-1.64191
-9.01821
8.37637
4.35448
3.73899
0.702717
-6.33967
7.00108
7.42039
-4.95638
-9.93473
9.52402
-7.68366
-8.21421
1.78699
8.30229
5.35429
-5.20077
0.247475
9.96941
-5.89873
-2.93124
-5.14154
6.34673
-8.09097
-3.98062
-8.25296
3.47737
-1.60197
-2.90842
-5.9471
-8.87936
8.49087
6.90166
2.03503
-9.87467
-4.36285
0.745298
2.34034
-9.65571
7.04235
3.3215
-2.20663
-2.00854
-5.02656
-0.139016
8.99458
0.906025
4.5072
-1.40078
8.03758
1.5397
-1.82712
-4.81594
-4.54992
-9.14324
7.63904
3.7834
2.1932
9.32692
9.09608
6.19518
-2.72037
3.45271
7.40347
2.25528
-4.39427
-5.11189
-3.7473
-9.13164
-5.24694
4.6744
-9.20261
-3.83732
-5.50884
3.49654
-8.36706
-7.11609
1.74756
-4.72904
9.07502
-4.36646
1.82095
-0.52178
-6.69196
0.564013
0.860222
9.50525
1.42319
5.35998
0.7028
-1.11031
-9.31852
2.61203
2.61388
6.92111
2.1296
2.85782
7.0885
2.49886
-2.91065
3.8634
0.287689
-5.10664
-8.90796
5.52076
4.21954
-6.41306
-7.44815
-5.22741
-7.53763
0.184426
7.43629
2.86382
5.7159
-0.0544083
8.08979
-1.5464
-9.87038
1.51653
4.43706
0.804157
3.93453
0.825802
9.6973
-0.241742
0.458496
0.467821
6.86891
9.80694
-4.12444
-7.90268
-6.75163
-5.87646
1.7099
8.08883
-2.35403
3.87158
-7.01199
3.52389
0.559508
8.30498
-8.60775
-0.432524
-1.1792
2.97923
-8.54632
5.98341
-8.28336
2.97754
-7.74394
8.79972
0.340197
0.00647581
6.01953
-1.16518
9.83184
5.3455
-0.169423
-0.14074
-6.07878
-0.869957
-9.82344
-0.76504
2.10832
8.62853
-5.94024
8.97313
-1.36325
-8.4927
-8.32925
7.60005
3.50088
9.15929
7.54816
9.90786
-5.19527
-7.56439
0.142973
8.71763
9.24734
4.14792
-7.78911
5.6399
8.57245
-9.27955
-3.45582
8.19716
2.48934
-2.17497
5.29852
2.16278
3.35856
-0.688542
-2.74347
-2.36129
2.81028
7.06259
-2.15654
0.194203
8.60912
-4.84294
0.296762
1.84643
-8.0921
0.755473
-0.210159
4.69306
-3.99089
-0.643886
7.72082
-7.20455
-5.87159
6.66645
0.331762
-5.33644
-2.86882
3.86275
-9.77571
-9.13262
-7.31614
-9.98166
-8.52958
6.30814
-9.08043
-5.73936
-4.64802
7.46313
5.53574
4.15497
-6.14252
-2.90824
-5.98883
8.43766
8.83741
1.79894
-7.06587
2.79363
1.5684
-9.22465
4.00577
-6.26944
-0.397454
-7.59977
-0.240729
9.27292
6.12267
-0.167644
1.68976
-9.57208
4.44522
4.98606
0.271102
-3.76414
8.81646
-3.38974
-7.90629
-7.52272
-1.06195
-8.34055
7.53383
4.7035
7.38838
-0.912904
7.18511
6.14229
6.81985
-4.46093
-0.132972
-5.19302
-9.95683
-6.67053
-6.14221
0.141496
-8.51824
2.82627
8.98232
3.74262
7.24058
6.18386
-5.67629
-6.59793
5.15518
-3.09708
-5.9467
-6.49247
8.83704
9.57378
-5.37809
-9.93531
-6.76542
-6.04815
-4.55818
2.41623
-8.15669
2.82378
3.01596
2.87342
3.17066
3.15594
-7.97898
0.0749349
3.92103
2.55679
0.193835
1.47776
-7.77534
-5.31978
-1.52026
-5.73609
-8.48832
-4.0583
-2.17754
-7.04968
-8.71637
0.300948
-5.43632
-5.44299
2.04904
-6.72992
-8.99054
2.71646
-8.49712
4.52885
-1.07248
-8.1295
3.31584
-8.26302
-0.738538
5.00366
-8.6548
-8.97913
5.42431
0.668529
4.0751
-1.1743
6.35263
-7.85453
-1.11524
7.18803
0.0657817
-3.53285
-2.8927
3.94765
0.517146
3.83998
-7.14461
0.673378
-8.3669
6.05676
0.335974
-4.02273
2.78002
-5.30033
-3.30438
-5.43649
8.41855
-3.19529
-8.85767
5.43372
4.43986
-8.30612
-4.64206
5.89621
8.5079
-4.48708
3.96228
-6.66532
-4.27788
3.17307
-7.15143
-6.13791
2.95177
-9.81985
5.69311
4.49023
6.51052
8.23491
-3.41121
-2.56957
-4.94834
-6.60396
0.63042
8.39968
-2.38728
1.94304
2.22348
2.10353
-1.25989
8.91711
8.4354
3.53211
-3.76755
9.89179
7.13088
8.58757
-3.86256
8.18277
1.47725
7.21792
2.70203
0.0559172
0.945266
-8.50426
8.53282
-4.68268
-0.471502
9.31853
-6.58399
9.21324
1.89503
8.94648
8.59071
8.99798
-6.18756
-5.06499
-0.280048
-9.81504
-2.70356
7.07625
-5.10374
5.11324
-0.227563
1.15746
1.82456
0.909477
-5.52362
0.199946
-6.2141
7.25885
0.777666
-4.81187
-2.98519
5.82295
-6.23597
-5.41102
-1.93334
5.1063
-0.150179
0.482258
8.74355
-2.2483
-4.61898
9.6878
3.36692
6.03088
-4.87092
-8.94392
3.95155
9.36897
9.76655
1.38116
3.22635
4.27914
4.14574
-6.55927
-1.59329
-2.15137
-6.6156
-0.268319
3.09468
5.33663
2.26658
-7.68387
-3.56122
7.8261
2.42737
9.55862
-4.13483
8.0376
4.26538
8.41872
-2.08128
6.61509
8.81452
5.7807
8.38868
8.2182
-7.61314
4.79099
-5.68037
-2.06614
-6.73989
-3.05023
7.79332
2.10766
7.98481
1.48099
-5.0786
0.475982
9.3014
-4.01466
-1.59213
-0.0480647
5.05095
7.80908
-1.53564
-1.5418
-9.08732
4.04558
9.75303
-3.95097
0.661439
5.80818
3.21237
-4.84895
-3.80307
2.15052
7.72605
-9.98338
-1.026
6.46818
3.43526
-9.70789
6.3844
-5.82611
3.60413
-1.72019
-3.05647
-2.36785
-6.82066
-7.24549
6.49758
-1.50458
0.649937
0.055563
9.49843
-8.02218
-9.82123
2.99189
1.75268
4.9796
9.45283
-9.51487
-7.5699
-4.03046
-8.50017
-5.34505
-2.81844
-0.0819422
-1.44229
5.85212
6.4285
7.73639
1.69356
-2.81002
8.99953
-8.04101
2.82333
-3.03888
5.77622
8.89985
-3.86402
9.993
-8.68118
-6.37817
1.3296
6.20567
-4.68726
1.04837
-1.83098
2.96016
0.608577
5.26093
-1.09126
0.850213
7.03725
-4.54504
-2.57229
-9.18545
-2.02498
0.303511
-3.83967
0.685617
6.08748
-9.28884
-8.75739
9.60095
-1.30767
1.38643
0.590378
-4.97464
1.8995
-8.7498
-3.31677
0.983078
9.49785
2.21212
-4.80182
-4.49855
-2.48326
-1.62733
7.99841
-9.56845
5.24385
-2.16075
8.40236
9.89245
3.44009
-8.13678
-7.59273
-1.06628
0.110158
9.94814
-7.5302
-3.3931
4.08226
8.14745
9.93404
4.55794
0.0576403
3.10018
-4.1872
-7.81709
-7.07403
5.82386
-2.51677
-7.72016
1.10933
1.15656
-3.1074
-9.9581
-5.48121
-9.7195
-4.94023
-9.98526
9.30164
-8.7568
6.13263
-7.63744
-3.2851
-3.72834
1.76161
-4.36122
-4.32855
7.57801
-7.08186
9.96669
-6.91792
7.66934
9.62297
-5.30881
-5.15748
9.88046
2.30094
-1.7526
9.09626
-7.35935
6.2207
0.0844777
-8.63247
-4.88923
6.04289
-8.92355
0.0199686
8.54198
5.03035
1.04092
-7.13975
-7.31404
7.48073
-7.44452
-4.24409
1.99415
-2.21521
-8.57325
6.09081
-0.126904
-8.68824
1.86758
3.50866
-4.61085
-3.45741
-2.63992
9.51781
2.55327
1.25886
8.87917
6.96589
-0.751202
8.38379
6.88746
8.41595
-9.8583
-5.31132
-1.03958
8.66456
1.34591
-0.816398
4.32959
7.09876
6.44882
-6.72539
-2.41164
0.721212
-4.79303
-2.48306
-4.44953
5.97529
-9.67222
6.65097
-7.48177
-4.63658
-0.348823
5.57709
-1.33749
4.69799
3.03523
1.63277
0.728242
-4.58242
-7.49818
-3.31937
2.95489
7.2944
3.23671
6.96872
7.58777
8.38413
-5.45703
-4.45891
-1.20589
-5.54363
8.97061
8.90274
4.71579
4.73468
-3.68977
-5.03501
-4.34007
-8.11973
-4.66308
0.0577819
-7.36951
0.268118
0.291135
-7.50967
-7.27216
-6.19716
2.69032
2.85363
1.83415
-5.56656
-9.85394
7.54904
-5.50693
-8.99631
-1.84542
0.763986
7.15559
3.07902
-3.97707
-2.87081
1.92776
4.61831
-3.95563
9.84869
0.417453
0.427096
5.11403
1.36704
-1.24404
-0.492919
7.1578
9.19454
8.80562
8.51454
-2.14305
-2.13383
0.895483
8.95608
4.26477
4.563
1.95131
-3.0384
-6.48505
-9.07569
3.14539
8.79803
5.95746
9.9648
7.65492
7.9891
1.7408
1.74072
1.71261
-7.20056
-2.86358
7.53341
-6.51345
-7.47156
1.79669
-5.98031
-0.781336
-2.73391
-6.43376
3.6928
-3.6766
7.16922
4.85502
0.298932
7.41279
-9.04218
-1.36956
-6.48215
-2.2356
1.7596
-8.04687
-2.07892
-6.71248
5.50752
1.23746
2.38298
-7.85992
-6.82145
6.33893
-8.54696
-4.2896
1.85252
-1.79953
7.33756
9.88382
8.71577
7.49747
9.67413
7.88784
2.20177
1.47861
7.23844
-2.79599
1.61795
-4.83208
7.35469
8.67635
-8.61011
-9.76985
-5.52388
1.15721
3.84754
3.38126
-5.09305
5.84037
-9.3054
-4.88004
-0.30327
-5.27964
6.17383
-5.38153
1.11972
3.29075
-7.65432
-9.04899
-0.0354316
-0.861359
5.82778
5.19338
7.28068
6.03929
-4.28752
4.31438
0.122987
6.64887
-0.53654
5.14553
-9.11904
-0.537486
-6.53725
8.01058
2.07446
8.02539
-1.82234
-9.65234
-5.82912
-2.83134
-1.29002
1.73789
6.41945
3.18816
7.841
-0.441117
2.1162
-0.705041
1.31989
1.26516
8.30456
-2.30842
-7.87446
7.20982
-4.07109
-2.37352
-0.69475
-1.62154
0.176552
-7.30454
-9.9982
6.06923
-8.54027
-5.8141
6.80487
-7.91656
-4.12649
-5.12197
-0.465319
0.983566
-4.14585
-3.78179
-5.70667
5.59145
-5.28987
6.41779
-2.50487
-5.02505
-5.2487
-3.17506
3.3452
-1.88954
-8.09699
-5.07782
3.97251
-4.7201
7.14144
2.748
-8.12324
-8.47466
9.16134
-2.19555
7.87832
-6.11997
-4.43977
-6.65655
4.86338
-4.26947
0.0793445
-6.34503
-0.318637
-9.34054
8.91136
3.74427
4.93981
-7.2912
9.90391
6.60125
0.951912
-8.02516
-0.101968
4.6972
-5.08676
3.73807
-2.30837
0.936367
5.08927
-7.15131
-0.0149468
5.80621
-4.35257
-5.68967
0.0844442
-3.44643
-9.47666
-3.03756
-2.0891
2.64309
7.56977
3.96963
2.73223
5.65808
-0.824297
7.577
-8.60241
-1.95038
0.65858
-0.913365
-9.94158
-8.59951
-0.695141
3.32221
-5.08695
-5.63088
6.38273
1.7081
2.29916
-6.36119
9.42393
8.73228
-4.00079
-1.12656
8.62897
-8.12258
-6.21508
-9.11432
3.24344
-8.52716
-6.01343
0.512547
-4.07111
-2.75554
8.40211
4.16976
2.67676
0.361814
9.809
-3.87532
0.877136
-2.7697
-3.9685
-7.40173
3.47359
0.419709
-3.31758
-1.95589
-0.945512
4.7131
-7.08843
-0.0514075
6.67932
-4.52552
5.26644
-1.40457
-0.988982
-6.85756
-5.86954
3.20758
3.21176
8.53278
3.54587
1.19548
-1.1495
0.964865
4.67348
-9.46459
-0.544134
-7.39912
0.229529
-8.42572
-5.09819
-4.83329
5.21589
1.54008
-5.43399
-7.43735
-9.50941
7.28619
-3.51571
-8.75235
3.22607
-1.12849
-6.11391
-8.43311
-0.683911
-2.59118
5.28994
7.41105
-3.91729
-5.28944
0.353203
9.00488
5.8144
8.17601
0.965389
6.61312
-7.9933
-6.1548
1.38439
4.88436
-7.4157
5.2476
-8.58107
-0.411265
-6.96823
-1.38525
7.39921
-0.651926
0.786287
-0.0267143
5.67499
2.90903
-8.87152
-6.2895
2.04949
7.74365
-5.09945
0.667777
0.0222297
-9.49192
-0.0513652
-9.4325
7.55118
-3.39448
-3.39858
1.32929
6.55531
-3.03133
-3.0517
-8.23176
5.5793
-7.19874
2.14133
-3.54744
2.27221
-4.46409
-9.46976
-9.0489
3.01238
-4.48703
1.53491
-7.44138
8.90188
0.846653
-2.31102
6.54432
3.0434
-9.85317
-3.46663
8.64888
-1.98818
5.64507
-5.45691
1.50529
-7.11438
-8.57261
1.27329
-8.25678
-2.10901
-2.68082
3.3457
-0.962943
-1.13255
5.84628
2.30322
-7.38441
-1.26386
-8.83394
4.53897
6.41482
7.8091
8.25685
7.6112
0.64112
5.80717
9.88628
-0.740209
-6.57208
1.41711
-0.576963
0.820434
-6.40582
-4.0583
1.5383
2.87386
-8.71441
-1.30489
3.20916
9.98593
7.31952
6.40064
5.86424
-9.82241
1.72276
5.87877
-5.95065
2.90238
-8.14462
9.70207
8.66063
4.51525
6.05165
6.46085
-2.32983
7.16681
-4.79378
-9.60202
-6.11313
4.25379
4.06767
0.775599
-5.19315
-2.51655
0.677758
-8.7681
4.55905
-6.35116
7.81528
-6.1005
-6.41852
3.25892
-2.68635
0.893524
9.38855
9.74606
-3.09595
-7.62814
-9.12028
4.71045
3.72743
-5.05603
-3.77685
6.1446
3.21095
-1.67249
-0.845942
4.88106
0.46558
9.8789
-1.7662
6.8343
-0.675559
0.846459
-9.74099
6.13721
8.55262
4.86997
9.5961
9.8058
-6.29621
4.85994
2.13876
-4.60942
-7.46861
7.40745
-3.20253
-6.93246
-5.25622
5.31577
-5.22705
-2.07469
5.3606
4.85823
-6.77757
3.20128
5.83551
0.0101758
1.11045
-3.1509
3.25779
-7.27031
-2.91479
-1.08011
3.77003
5.2568
9.27573
-4.72771
-8.77942
-5.87005
0.523482
6.85912
3.15962
-3.19001
6.08247
-4.12104
0.749876
-0.291969
0.922093
7.53727
7.98608
0.844731
-8.52403
2.6295
-5.48232
0.0567234
-4.11478
-4.10622
-3.91124
7.71168
-3.90905
-4.84017
3.10076
-2.03861
3.02766
-1.09085
1.5209
-4.72336
7.887
-0.932323
8.74563
-6.1504
9.57784
0.995504
-9.09049
9.10553
-2.71693
-4.30523
8.78323
6.33788
-1.79767
-6.83363
-3.57928
7.83962
5.48755
9.90385
8.68517
-1.69975
-5.47154
4.13968
9.25019
1.73442
1.71458
2.37412
2.37316
-0.966725
6.45419
4.27837
-5.32584
4.02137
1.28531
-4.32394
-8.61506
1.52637
6.96092
0.263638
5.88539
9.62331
-9.86959
-4.67144
-0.319661
-1.28353
-8.67999
0.25705
-5.61092
-3.15819
3.55283
-9.76975
2.72067
-1.00402
0.54336
6.13817
2.70499
6.80149
8.90819
-1.6394
0.725836
4.98158
-8.30365
2.47068
-9.40432
0.501489
-8.08228
9.10748
-2.2842
-6.97973
5.81817
9.22655
6.28608
0.151546
3.97427
8.96706
9.94056
-4.298
6.71734
-8.65558
-8.75167
-2.15012
0.80352
-3.61097
-1.15551
-0.905704
8.21601
-1.83
-3.92999
-5.80637
-6.87841
1.11351
2.61677
9.19796
-2.52835
-8.57303
9.37543
7.14168
6.87187
-0.341958
-0.339787
6.12272
-5.35836
5.21427
4.94633
9.00239
-8.87017
-0.292654
-8.03245
-1.14019
-2.39627
-7.02706
-2.0576
4.31142
-4.47317
8.79478
-5.44609
-1.52584
4.67361
-9.84107
-0.238629
-7.02541
6.92427
-2.58629
6.77383
5.25391
7.34956
-5.26263
-7.0362
-6.48305
-9.74682
9.9431
6.88632
-6.076
-1.00396
1.12298
2.66521
5.76166
-1.50547
4.29104
8.91994
-8.21643
6.7499
3.1307
4.5991
-8.51328
6.88444
-8.43967
-6.62246
9.5851
1.86507
9.79043
3.55124
6.83155
-0.276558
-8.21587
3.59019
-7.69263
2.62133
-3.75219
-1.06038
-9.34646
7.51553
5.03439
9.24347
-1.16797
-4.20738
-9.8482
-0.940715
0.179539
-1.0058
9.45773
4.149
-2.23071
1.73538
-0.252496
0.172828
-4.45921
7.06332
-1.93797
0.660567
8.3758
4.76454
1.20459
0.193995
-8.47893
9.86622
-9.12333
8.99828
-3.16869
3.08151
8.6392
8.35759
3.93982
5.15025
-3.47261
9.71969
-4.10938
3.41588
5.90429
-1.80342
-1.59807
-9.27939
-2.3425
6.34878
-6.26343
8.18622
6.57236
8.96558
9.64903
9.06594
5.56827
9.25462
-4.67898
-0.865463
8.71573
-9.32438
-1.23466
9.0335
0.0157326
-0.014443
9.53567
3.50474
-3.73941
-7.4949
-9.51002
7.61905
6.32106
-6.01141
-1.94928
-3.95979
-1.37578
-1.39582
0.891166
8.76953
-2.7446
-4.30397
2.87777
1.34884
-6.00928
6.04151
-2.836
3.48668
10.007
-3.59619
-7.96826
7.69617
-9.38935
-4.21859
-2.44117
1.71727
3.70064
-8.10522
0.464587
-3.99379
-4.38393
-6.8563
8.31007
8.37835
-7.46018
6.71462
5.27732
-8.32854
-0.112427
-7.83298
9.1157
-6.8652
-1.76688
9.70127
0.734884
1.20822
-9.82678
3.73766
-6.49602
-6.54528
-4.94858
3.96978
-0.137876
7.56674
-6.72835
3.88759
-4.64698
9.97273
-7.39473
8.86487
1.54828
-7.83589
9.41902
0.349589
-5.69241
-6.51896
8.7531
-4.83509
-6.53864
7.22748
6.71892
6.08306
4.7125
-2.38892
-2.38138
-0.67723
4.70659
-3.48132
8.9358
-7.59325
8.24614
9.2489
-4.43118
-0.413424
7.80789
-6.05891
5.13548
5.05288
-4.75122
-5.40795
-9.32401
7.91221
7.66448
-1.88263
-5.49381
-6.95469
-7.78862
-6.75403
7.73092
1.06584
8.28414
-3.94701
6.12805
-6.22822
-1.42136
9.94725
-2.87945
-2.85497
7.72427
4.08532
-4.97086
-4.9186
-9.36103
-5.47392
-0.113055
-8.7042
2.21208
4.79391
-7.22537
0.0220545
2.82942
0.57282
-5.34731
6.32309
1.53889
1.18726
-7.20312
6.77662
6.9717
-8.3423
-1.15774
-1.35413
-0.850822
8.28471
-5.72542
-3.92183
2.35576
-8.62104
6.63699
-8.99934
-3.77438
-1.62062
-1.7187
-4.33074
8.35715
-4.11381
8.38993
2.61374
8.21126
-0.877398
-1.08199
8.16139
3.72219
-4.04584
8.85996
-3.39881
-4.53087
-9.45766
0.942889
0.249009
-8.98529
7.22531
4.28298
4.24208
7.28085
2.54739
-9.62127
-9.59815
3.07054
-1.31117
5.63765
2.50775
8.82544
7.50858
9.12886
-2.91832
9.58571
5.36991
4.19811
3.50876
-7.23386
-7.27645
8.51401
-5.1025
-4.46577
-4.11897
5.50036
-4.10031
-3.65643
9.36574
-2.58001
-1.64257
0.657931
-6.77696
-6.10871
-2.95214
6.83752
-6.11692
-9.9662
6.23113
5.45703
-2.51262
8.0844
-6.4147
-9.61078
-7.90131
-0.228626
-5.46433
-2.86788
2.92595
-3.92531
4.32373
9.57992
-3.99571
0.702192
-8.76058
-9.26156
-0.301187
-0.169846
-1.36421
-1.35062
-9.02643
-7.7737
5.61558
1.61075
0.446596
6.30435
6.09405
-9.72007
7.9567
3.33091
1.57989
8.31606
6.69868
-4.88529
8.83721
4.12525
-7.60167
-6.76184
2.85373
-6.44476
-2.68117
-5.8248
5.1566
8.63062
-4.07029
7.91337
4.6292
-5.6976
3.93576
2.78363
-7.58584
-4.64848
-2.43556
5.55928
-7.90108
-3.35791
-9.78186
6.71049
-1.23419
-3.16114
-0.156184
7.23168
-9.38418
-9.96434
2.21236
6.26528
-7.71665
-4.48483
-5.37938
4.21086
9.30641
2.50794
3.13232
-8.73833
-1.43659
-9.37474
-6.03025
5.36037
-3.83773
-2.19006
1.91235
1.88332
8.5759
2.63095
-4.53779
3.74372
3.74238
4.73197
-0.0268143
2.94604
-2.04164
-9.458
-7.49507
-4.24897
8.2858
9.66353
6.96627
0.989658
4.62279
-2.87058
6.07105
-1.78353
2.1738
9.34324
3.26925
-0.196699
6.728
-0.696648
2.2468
0.49729
0.678509
5.19318
-3.5439
6.12661
-7.07968
1.67922
-7.4
-0.655013
3.56912
-1.7235
-2.55545
-3.75821
-8.88352
5.5236
4.68206
-5.86043
-5.19869
-8.62267
-2.54671
9.80528
1.00739
4.24229
2.51015
6.19485
-9.61776
-8.86307
-9.6063
0.994053
6.55786
-4.98157
-3.6165
-9.87929
4.53264
-5.42723
-5.19835
1.01273
-0.231758
-8.04564
-9.07721
2.6221
-0.278436
-1.00523
-9.9604
-4.18955
-7.45493
4.70057
-5.10062
-2.95881
8.74323
5.25067
-6.97053
-2.12019
-1.18564
5.31506
6.17028
-2.81066
4.68452
-5.46772
-3.5496
-8.84484
-6.62692
6.46616
-6.96124
3.97591
2.17886
-5.57921
0.0903914
-1.0391
-1.11873
5.32888
-3.69051
0.198109
0.343912
5.45035
6.07718
1.95244
5.32885
-9.51512
-2.91179
4.34916
-0.645838
-1.04866
-0.218262
-6.31801
-6.02417
3.747
1.77311
8.48275
7.90059
5.45177
5.24069
-6.86937
8.88307
5.00637
-3.02704
-2.0891
8.04783
6.63856
-2.90556
-5.07982
-7.31391
4.82011
3.65786
8.48446
2.73911
-5.39821
-9.80768
6.23978
1.83825
6.34723
8.04708
1.51225
6.99891
-3.3397
-2.8941
0.00561449
-9.3161
8.74645
-9.45959
5.40851
-7.64065
6.40574
-1.88293
-8.31595
-0.715251
-4.91821
7.03933
-1.99472
0.00560234
-7.21212
-4.95922
9.83523
0.946369
-2.6821
-7.77362
-2.05086
5.84012
7.55694
-0.0765663
-0.0641686
1.12414
2.14994
5.40447
-9.79525
-4.25993
-9.74766
3.84268
-2.23246
-8.73067
9.32432
-7.29611
-6.6572
8.62782
-4.98711
-9.14053
2.64877
-2.22202
8.56032
2.24062
-3.21276
-6.19601
-4.34224
2.47982
-9.57879
-4.53278
4.04419
9.29863
-1.55887
-5.75449
6.59146
7.83172
1.40213
-8.72113
-0.24724
6.51458
6.4762
-3.43826
-6.32767
-2.29022
-1.21873
3.26024
4.16616
-1.05932
-9.90343
8.67509
4.86248
5.19146
9.58278
6.46982
-5.95482
0.871411
0.860756
2.12091
-0.60299
-8.41934
7.90166
-7.26864
4.99222
-9.89318
7.85453
5.7169
2.46519
0.850399
8.30066
-8.05673
9.99932
-6.59862
5.4237
-0.800482
-4.41392
-6.48453
-4.21957
-6.55218
-2.81742
0.281066
-7.98312
4.5808
-0.629998
0.960472
-5.06961
9.16911
-3.31115
-5.58857
9.58772
-7.16333
-5.45521
-4.55294
2.64705
-0.0110605
-6.25484
-6.23086
0.279082
0.227528
0.353316
-5.69696
9.19639
-3.30306
7.50177
7.57888
2.05968
-2.5265
-4.58891
8.62808
4.01282
3.84149
-6.67628
-9.67212
6.81525
-3.22799
9.23321
7.88115
-8.84125
-7.49497
8.2254
-2.75247
-0.836681
8.27077
9.23172
-2.70871
-3.72696
-1.17642
-7.69896
1.71364
0.322468
-3.01577
1.5807
7.73903
6.82102
-2.91127
1.90719
6.22536
9.13282
1.58734
-2.32347
-3.29814
2.86823
8.02802
4.30031
7.70005
-2.87306
-2.54886
-8.13701
-4.42321
-8.76912
1.53883
3.36489
1.49589
2.88949
7.47192
-3.94191
-0.298975
7.78864
6.77065
-3.03288
-1.61364
5.79126
9.49753
-0.491673
-1.4601
-4.96022
-4.06809
-6.92793
-8.78448
9.97156
0.691522
5.0301
-0.485743
8.4122
3.79154
2.63108
-6.12945
0.611513
3.87436
9.07322
-2.96725
-1.71968
-9.27642
-6.67694
-5.26984
-3.93064
7.71428
-8.92298
5.04901
-2.02163
5.93335
-5.19348
6.03844
5.1998
-3.28562
-9.42336
5.84913
6.49133
5.47989
9.90121
-0.118207
5.5494
-0.387851
-2.46038
9.87012
8.95811
-0.355568
-2.49257
-0.514797
-0.986258
-6.98351
-2.88546
-4.99877
-6.53349
8.76568
-8.80911
2.11831
7.72771
-4.40389
-2.10232
6.2176
3.19049
2.49669
-2.45287
9.20871
3.00462
-8.16902
5.12033
5.64206
-7.47375
1.84776
-9.97753
1.23119
4.67173
-7.13613
-1.34845
1.8356
7.38033
7.79979
2.85971
3.87116
-8.70545
8.58649
4.01691
5.08669
-2.23448
-1.1014
-0.246273
5.69281
-5.97945
0.100904
4.27095
-1.69128
-1.65065
1.03701
-1.51941
3.79754
-0.60638
1.59513
-6.91383
-8.261
-6.54213
-1.49475
-3.001
-2.0537
-6.26097
-6.18878
-8.16339
-1.54256
-4.49829
5.28994
-1.73405
4.20962
4.22462
3.50442
4.20107
-0.978124
4.3412
-8.99843
7.46667
0.109433
-7.03996
-8.63708
5.66016
0.676913
3.58161
8.97584
7.14549
1.43292
-2.37484
-6.31615
4.50037
-9.74758
4.41609
-1.54411
0.255578
2.28717
1.17473
-1.68928
-2.07839
2.092
2.0411
0.690219
-6.20876
9.0311
6.2913
-4.73736
-4.90251
5.13431
-1.22299
-6.07646
-3.88965
9.37775
1.66104
-3.64987
6.94009
-7.93217
5.88681
-3.98648
-3.97147
5.36369
9.81726
9.58232
-5.79145
9.01713
3.60697
-8.36824
-5.70008
-8.73009
3.1866
4.03766
-1.32867
3.48336
-4.32039
4.60398
-5.60925
4.47164
6.95173
9.97123
-8.75517
-4.26156
-7.23798
4.40538
-3.04788
4.97175
-9.77604
6.27279
2.85522
-1.61618
0.43878
-3.56558
8.1418
-9.30667
6.82089
7.01164
6.46465
-8.78272
-0.249455
4.83771
6.09615
9.6687
-5.95105
-1.57589
1.71719
-4.4793
8.2797
1.29888
-4.22609
8.12206
2.69055
4.37393
7.7662
-9.764
2.95204
3.64487
-4.82487
-4.89165
-4.39342
7.90327
-3.61059
-9.32856
7.03532
-7.04405
8.27386
9.24018
5.3137
-1.20647
1.13089
-4.03428
-0.118405
-6.16138
5.32683
1.49193
-7.7799
-4.62688
8.59453
6.31762
6.24544
-0.67645
5.16603
-0.965538
-9.02331
-9.2186
-9.45788
4.91228
-8.60584
-9.11659
1.72756
2.81235
2.6132
-0.0994527
1.62457
-4.01695
-4.62432
5.07029
-8.0621
7.22326
5.46729
-6.90632
1.88253
-0.109258
-6.15223
3.84832
-2.02815
-6.65233
0.984308
-4.53835
0.613118
2.08102
-7.29196
9.72736
-1.35471
8.59376
3.52678
-1.05007
-4.12683
4.68248
9.6806
-3.40518
7.2886
-4.47487
7.57013
2.66865
-9.87991
4.08312
3.59347
-9.94896
5.28768
-9.20619
-1.23571
5.4072
4.81835
-7.89551
-2.66714
3.37274
9.05568
6.28167
8.88714
0.773886
-3.80342
-7.68701
5.76805
7.36979
-0.617533
2.74538
-4.5545
1.46537
8.69992
2.46197
-2.951
-9.2196
2.00865
-2.98854
-3.62123
-6.11539
7.49155
-8.66516
-6.4583
-7.72665
-1.86213
8.67599
9.24698
7.64251
-2.84175
5.97174
-9.76515
-7.71176
1.84201
-5.97602
-7.72942
-7.0562
-3.22056
3.57253
4.57815
-1.44723
2.20971
-6.66761
-3.26487
-7.07659
0.801881
3.90806
3.31646
-2.79701
9.07145
-3.38001
6.88229
-5.83711
9.58754
4.76606
8.90151
-4.9143
-3.94344
0.721043
-7.94396
6.47364
5.68224
3.49782
9.09684
-3.54095
-1.40615
-5.82312
8.02441
-2.29723
-2.3064
4.97474
-4.28018
-8.97298
-7.29799
-5.16773
9.52495
9.74712
1.32322
-0.28095
-8.36865
-4.98141
-8.09575
6.65248
-7.93411
-9.92932
-9.87972
4.20071
-5.79692
0.889242
-9.49515
6.6704
9.7604
-5.56659
-4.20017
-5.30189
5.94729
5.83075
3.72258
-1.81795
5.52343
3.15135
-2.27265
1.87543
-0.609618
-6.50191
-0.382159
2.16247
-0.577934
-7.54681
2.54001
-3.36437
-4.16172
-9.2982
0.583679
-3.62046
1.39949
5.98995
-8.11071
-9.10744
-2.56358
6.28381
6.29949
-5.41459
0.286783
0.281401
8.07223
-2.30162
0.555159
-5.22724
-5.16268
-0.449922
-2.41767
-7.96877
-5.49535
-7.32123
-2.59011
-1.42287
-1.13378
-1.81283
7.45113
8.1504
-7.83897
4.74494
-6.56974
-0.265317
9.55883
4.37746
7.00619
1.40567
-1.05559
6.05609
-8.31138
4.88251
-9.21017
-6.72554
5.18201
-4.98234
-4.32287
8.94894
1.23991
8.2539
4.11911
-3.52876
-6.11092
1.03429
8.73548
4.2646
8.79347
1.23129
0.799305
2.719
3.2575
3.08886
3.09111
-0.0500619
-8.86357
0.886742
-0.630008
7.2069
-3.7619
-2.53665
-2.46011
-0.0855029
8.94012
8.25336
-7.18319
7.06077
6.65005
9.2637
-7.50056
-2.18449
4.37396
9.3559
-5.81377
7.43957
6.29559
6.00307
5.03427
-6.14716
5.25805
-0.333176
-6.54924
-6.74161
-2.1695
6.88424
-9.38006
-0.770918
-0.801048
-1.18534
2.41614
-7.38601
-5.94044
0.0390863
1.90846
-3.94955
-5.51802
2.39764
9.28737
6.94379
-2.24285
6.11746
1.4401
-8.60879
-0.49867
6.23428
4.15267
4.24559
-9.40086
-9.17027
-7.18079
6.84135
-5.64955
-5.6283
-0.204912
0.0967322
-3.82062
-2.89733
8.46571
1.17111
9.46655
-1.97626
-1.98721
7.09398
3.61478
-0.0423143
-8.72989
3.02762
-2.82536
8.09824
7.46225
-7.59815
3.55665
-7.95494
0.921651
4.18422
-1.12854
4.53349
-3.45896
-8.04669
8.73145
0.937635
3.11088
3.70626
-1.69306
-0.487816
1.70595
8.10831
-1.77074
-6.7227
2.37831
5.50085
-4.05091
-3.8413
-9.51538
-1.49056
-0.0545804
4.73419
-8.18461
-2.86676
0.440258
-2.02902
8.42373
-1.35759
8.21517
-1.79873
6.06807
3.95833
-2.279
-0.905765
-3.2716
0.494772
-4.23447
7.24393
4.09021
-7.57042
4.74277
-4.65503
2.21085
-5.78801
-2.6366
4.38684
4.2331
2.35696
-4.82688
9.05859
-6.48637
1.86072
-2.71837
-5.87846
8.72059
8.15667
7.88686
-0.859217
-3.14224
-2.68999
-6.10769
3.03269
7.84412
-6.33113
7.43596
-5.85541
6.69711
2.66032
-2.08092
8.93977
-7.06498
3.26656
9.82285
8.24396
6.42838
-1.58718
0.264285
0.266061
-5.40673
5.48009
-3.18982
3.49621
2.43057
3.16477
2.9595
-3.73546
9.26609
-7.23101
1.09536
5.83636
1.93148
8.64294
-0.682665
-2.66794
6.83972
-8.1865
-8.26741
-5.20899
-5.64826
5.06642
3.5699
-6.35572
-1.02013
6.21752
2.20672
-0.523635
-3.41287
0.85421
9.14388
1.58048
7.59641
4.75495
-3.95286
-5.83842
8.37827
9.68999
9.19797
-6.85633
-2.47864
5.13895
-9.2617
-3.65384
7.09971
-5.48664
5.06556
1.36684
-1.74104
-6.7481
-6.35969
9.68204
-2.59587
-2.0025
-1.35385
-1.33289
9.71193
-1.58453
-5.94169
-5.44911
-7.86074
-0.472543
3.70556
2.98709
1.4049
-5.70653
-8.38994
4.21505
-0.163566
2.13466
8.79084
-4.9378
2.82402
1.54381
-2.13354
0.812719
-1.96276
-6.90019
-2.81129
-4.78447
-4.94006
4.3345
5.72007
-8.92678
-7.63348
8.28011
-7.52599
1.61195
0.624816
-1.36988
2.75389
4.68801
-5.41271
8.31933
0.78467
-2.60262
5.14382
5.89466
-8.14778
-1.27258
9.23981
-8.78069
7.67044
9.1588
0.466723
7.427
4.13188
-7.92357
7.70519
-2.6337
8.93356
-4.78665
-6.03195
-4.5353
3.16646
6.99803
-9.54645
-5.94567
-0.185383
-0.208385
-0.533776
6.29036
1.94467
7.07836
1.3717
0.392619
4.9826
-5.24131
4.4226
3.31693
6.72018
-6.01627
7.01703
6.79007
5.31541
6.95754
-6.45566
8.31602
-2.9151
6.19526
3.32961
-8.56996
-5.31568
-9.93553
-0.178318
9.96264
-3.66077
-1.91856
-7.21549
6.40707
2.72098
2.43867
9.05001
-9.21615
-2.46717
7.42563
-6.38915
1.93214
-2.66545
-6.39827
-3.80869
-3.82639
-8.93169
8.67004
7.40032
1.18603
-3.23243
-9.58893
0.880702
5.68176
4.99353
-2.48872
-6.02756
-3.47601
2.11539
6.76733
5.83577
-3.45988
-1.39908
-6.87548
7.38558
-0.000257921
-1.66477
-8.59911
1.95364
2.91925
7.79115
-8.41121
-1.46762
9.27937
4.34271
-9.02681
0.521686
3.1853
9.51543
-0.316692
2.58457
6.54096
-0.381924
9.73805
5.59166
-8.72147
2.67555
3.69811
8.74363
-5.6048
2.17132
-8.45823
-5.93624
1.1837
-8.74401
0.995526
3.34335
-9.54823
-4.85639
7.77424
-0.757221
3.61592
-4.80444
-3.78404
5.33591
-1.61463
-5.49393
1.60353
1.42621
-5.15829
-7.27712
6.91891
-8.86213
2.02535
0.840754
-9.35629
-6.80932
-5.83578
-8.65168
3.04026
3.06701
-0.364432
-6.4601
-7.08936
-7.48202
5.55411
-9.46606
-0.490821
0.732724
6.73907
5.71196
-9.02629
-8.823
-7.87558
-4.74136
-9.43023
8.12513
9.27436
-2.83935
-7.84504
-2.29918
5.18403
9.61544
3.18296
-7.91885
-0.769049
1.37209
-7.73432
2.84898
8.82538
8.95511
-9.02793
-7.93434
-7.39993
-6.10237
-0.960011
-6.88176
-8.97411
5.66778
9.14059
3.15675
-8.75896
4.66542
-4.04599
4.04801
5.35809
-7.70825
6.8421
-6.46504
6.55313
8.98552
0.0827259
5.21032
-8.42955
9.45508
1.59712
-1.9502
4.31788
-3.76392
9.0885
-0.463923
7.47103
3.68873
3.99886
1.4956
1.4978
4.72131
-7.37792
5.8941
-7.51673
1.42619
1.40874
3.38121
-2.52823
2.26767
2.62807
3.12498
7.63022
5.55898
-8.64527
-1.98695
-9.59831
0.336417
-7.48218
-6.04509
-2.77227
-5.00503
5.09785
-3.7675
9.82745
1.38049
0.52167
-1.25512
3.89993
-5.30541
-6.73228
-2.96242
-2.31678
7.64815
-0.10537
-3.61199
-8.71271
9.91666
8.11038
-6.9373
-6.64119
-5.16363
3.29994
6.39469
9.22285
-3.48475
5.58343
5.35188
-2.50859
0.550271
9.78157
7.53186
7.75159
-0.0957686
-7.09397
-8.32451
6.2518
-9.10644
-8.57331
-4.63289
5.71194
7.56646
9.48753
3.67321
6.83047
1.52413
-8.99647
2.35871
4.68579
-7.10051
-1.22682
9.22585
9.37705
1.05064
-3.75609
-3.30319
-9.91789
-6.48238
-4.62729
-5.2657
-8.6562
-8.21319
8.37095
-9.19277
8.82352
-8.95488
-6.11379
-3.8983
-3.74503
-4.83014
0.215933
7.34467
7.54696
-2.54039
8.59255
-3.09419
-3.10084
-3.99821
0.534038
6.69127
8.01304
8.50544
8.73428
9.36689
2.37297
5.89146
5.36881
-0.512819
-8.50697
0.477685
7.58185
0.862757
-6.40752
-6.65945
6.51379
-8.02153
-6.06351
-9.60759
-9.81708
8.88678
8.05747
-3.50478
-0.358315
-7.99967
-5.6003
-8.09322
-8.95178
2.56892
1.89864
-8.8171
1.25434
-4.15905
2.15
-1.89373
-4.70182
3.08743
1.91777
7.37243
-5.30187
6.90522
7.89622
6.6781
8.68685
6.46691
0.348412
3.70109
5.72338
1.52279
6.62701
6.70924
-8.87763
-8.93745
3.34426
3.35512
-3.94244
1.63448
-2.65094
6.52618
5.12066
5.06065
-7.81206
-7.2701
8.54011
-0.897901
2.35691
-4.4551
-5.29406
2.61032
6.92231
-3.99543
-2.15066
6.76292
-9.69841
-8.80139
7.14158
-5.80996
1.52488
6.91067
2.6119
8.1233
7.29896
-0.282177
4.20601
-2.47962
-8.27817
-0.077473
6.63476
3.06899
-2.7256
-3.00171
-7.75255
5.96643
8.10032
5.8701
-6.76787
-4.4341
-3.3078
-1.27807
-7.16301
-0.960622
6.60804
2.49836
9.33359
7.95177
5.66173
-8.75923
9.63675
2.28113
-4.95146
-2.57923
-4.35956
-5.05876
-5.26182
6.15596
-2.20565
-7.27437
-4.51591
5.4957
0.863296
3.26746
-8.41274
5.66478
-6.79323
8.56382
9.45102
-1.21711
-7.71409
-2.07344
-1.2534
1.01926
8.47005
8.94009
-4.37637
-7.52369
-1.53362
2.6115
6.97512
-0.662966
-2.26883
-2.57222
-2.98164
-7.09322
-1.28434
-6.38393
2.06431
7.9005
7.62725
1.52271
6.95429
0.381005
-9.29275
-9.0036
-4.57504
-7.03547
-6.85936
4.16751
6.28119
-3.86179
3.73026
1.06564
7.14391
-2.03428
9.8793
7.73711
-5.78209
-8.09191
-7.77697
0.116178
-5.24581
1.10199
0.891181
3.73103
6.09094
-4.93701
3.8547
-2.00045
-2.27299
0.2775
-6.48436
5.20331
9.90241
0.47938
-8.50942
5.79926
-6.60767
6.54968
-2.81563
0.117736
-9.65037
2.37853
-2.76992
-6.78263
-7.98095
-2.00706
-0.113666
-2.628
5.03179
5.92025
-6.89613
2.4935
8.81665
-7.90537
-2.75954
9.55522
1.23226
-3.21512
-6.15291
-4.7873
-4.68768
8.01561
-7.90655
-0.244125
5.01235
-4.98021
-5.15977
4.39103
4.47145
2.45005
-5.45168
1.6464
-1.76049
2.91295
0.841303
1.99785
0.799542
0.809949
-6.09513
-9.71891
-8.24091
-1.03348
-4.46325
-0.48383
9.67256
3.6338
3.78655
9.21348
0.813099
1.05174
-8.60566
-3.2369
8.49841
-1.95275
7.50692
-5.15997
2.53239
3.48735
-0.493372
-1.14525
-0.777967
8.63401
2.95175
-3.17384
-4.04842
9.91572
-8.12523
8.43934
9.85219
-8.22264
-7.06692
1.86297
7.3421
-3.05933
-1.4929
-5.19726
-5.95832
-4.98176
-6.38114
-5.35664
6.47055
-5.98677
6.66051
-1.0541
2.66623
2.75352
-3.75696
5.06081
-7.0658
0.508414
-4.78052
-3.01581
6.01264
-4.86417
-0.95754
-6.81842
-0.446728
5.47376
9.40501
-6.08612
-4.25264
2.08663
8.3622
5.9194
-7.65288
-5.17697
-5.21551
5.65766
-3.12699
-5.88489
-2.02669
-9.8573
5.13595
3.97018
-8.62047
3.98071
2.15909
4.86739
-3.97601
4.99961
1.38233
-5.96567
6.4893
-8.63355
2.6814
-5.16209
3.41736
-2.0933
-1.73206
-7.70072
-9.07412
5.70852
9.70461
8.7522
-2.62589
8.44925
2.39727
4.67335
-6.98871
1.10504
3.87384
6.67722
1.74197
8.84058
8.13453
-8.73198
-1.7472
-1.07057
8.44106
8.23395
9.39302
0.571501
-9.01468
-4.48472
-4.09468
-0.0901102
-4.22625
7.35803
-8.86936
-4.87987
6.58831
5.4532
2.48388
0.969259
-0.146794
-1.26921
5.34755
-8.7308
7.78916
5.51662
-3.29028
-9.45438
4.00036
4.64626
-3.35969
-4.92016
-8.50259
-8.56075
8.12138
-8.06944
0.216504
-1.88727
-7.91126
-8.63026
1.4474
5.48253
6.64668
-9.91791
0.550895
-2.03429
-1.39941
1.44686
1.24701
1.22914
1.81384
-8.58461
-4.747
5.62282
-8.86673
-3.56449
9.59191
-4.95524
-1.66836
8.25666
-0.456109
-6.30794
2.59884
0.910106
2.52392
1.00446
5.33557
-7.22343
5.14909
-9.76291
5.80765
-8.09117
-4.53454
-2.45493
-5.01343
-9.99316
-8.6915
-1.29959
-3.71602
-1.96105
8.29766
-0.497033
6.53972
-5.3623
-6.04094
-2.20811
-8.563
4.37229
3.29404
4.87773
-2.62822
9.80873
0.0406145
-1.45928
-8.07681
-3.81852
-4.70206
6.53513
7.60058
-3.32127
3.97505
-6.2628
-2.12726
0.0784018
-2.13068
8.64114
-2.75114
-9.25407
-0.981417
0.754229
0.554898
9.29952
-7.01858
-7.55522
-4.33476
3.20603
4.34441
-8.88369
-1.20217
-2.87356
2.73225
1.33657
-2.48476
-3.83902
-6.72694
-0.278241
-1.64448
-5.87826
-8.90117
-4.62819
9.32742
9.81945
-0.332019
-9.3883
-8.59357
3.60136
5.79562
-6.81616
8.76841
-7.25059
-5.20554
0.906338
9.16918
-8.49286
2.88869
2.52915
-2.32228
6.91933
-7.53023
7.3704
9.94296
-3.31641
-2.2631
7.04825
8.91467
9.46431
7.51232
7.01395
3.3702
-3.04372
3.53035
-4.849
7.87233
8.89384
-2.5893
7.56447
-2.07871
-5.80297
3.33059
2.01168
-4.40459
8.49389
0.665557
-3.94403
4.65012
3.87862
-4.51593
-3.88494
9.16216
-8.59501
9.33901
0.253949
-5.88576
3.21623
-5.98862
7.51943
-0.611201
8.79186
-4.46672
1.46326
-9.94928
-2.30851
7.25907
-6.16919
-0.142991
9.19124
9.19728
3.12465
-5.92393
-2.65964
-7.98055
4.44462
7.82266
-5.4407
-6.52286
-8.16464
5.68323
-3.73091
0.270241
-7.50198
-1.89395
-6.79046
5.92711
-6.11814
0.616353
6.72832
-8.17137
2.44622
3.37955
9.96031
-5.48419
1.39983
9.98203
7.18045
-9.52097
9.36721
-7.92879
7.74644
8.29287
8.65408
1.35961
6.18502
7.47506
2.82711
0.00416637
-0.395956
0.339248
-2.86238
6.32961
2.46087
-3.53306
9.60397
5.38764
-8.86117
0.41139
-9.3573
-9.76921
-3.33163
-4.95673
-5.64176
-6.54065
-2.75553
-4.94771
8.64468
-2.41534
-9.11087
9.19729
-3.27037
-2.3222
-6.3762
5.25836
1.10573
-9.17286
6.62473
5.5979
4.51039
2.23059
-3.35091
4.74052
8.699
-8.58756
-5.01833
-8.73082
6.5547
-9.34399
-4.10339
4.68897
-0.00352724
-9.35204
-3.5074
-6.16141
2.46149
2.35428
-9.93076
0.905086
1.2703
-0.39561
-8.33754
-4.44997
0.87071
5.51969
1.06363
8.90616
-7.16397
8.78351
-3.78911
4.77542
8.44701
7.82391
-0.838708
0.930663
9.21264
-0.343595
3.11127
7.40923
3.95305
7.13588
6.03127
1.87433
-0.582199
-4.83388
4.93812
-8.5223
3.86201
-2.96461
-5.63948
9.04107
1.0078
2.75218
4.98288
6.27487
-9.82112
6.98535
-4.7631
2.66961
-7.74841
-4.98877
-8.35746
8.28398
-6.02369
-6.73326
-0.185501
3.6979
-2.85321
0.604027
8.12152
6.07988
0.890947
-5.83956
-2.16806
-3.03137
8.50201
-9.62658
-3.96279
7.32349
-4.66543
9.64319
-1.27864
-7.44152
-6.68254
-0.392017
-7.9514
-5.62358
-4.56664
-4.40521
4.46583
2.90639
6.35779
2.8729
2.85379
-7.38449
-7.19401
7.21887
-0.646359
-4.82047
1.9655
3.30722
2.23126
-3.33529
-6.11184
7.12754
-9.50366
-9.63709
-2.01122
3.48595
4.34891
5.4292
7.15115
-0.665249
8.34605
-6.07
-7.32318
-3.09293
6.33836
9.44173
-2.96608
9.15087
-3.66873
7.90108
8.15308
9.43679
-6.81463
-0.417513
-4.22323
-1.53403
1.96242
-3.0608
5.49806
-9.4887
-8.57541
7.7509
-3.7581
-6.5271
-5.16183
6.52266
3.61238
2.43042
7.95369
5.75569
3.34055
-9.50114
5.74516
9.76333
-9.32175
-2.52642
-2.88574
-4.9109
-5.00473
3.001
-2.16957
3.57771
-0.649354
8.60386
3.92423
7.78665
-4.38899
0.755523
2.11944
5.37769
-2.26619
2.06675
-8.5743
6.26681
-9.23214
9.05291
7.2067
6.02752
0.326052
-4.72792
-7.08723
3.46146
-2.14683
-6.21709
1.08622
1.7456
-6.493
-5.52902
2.74711
6.78744
9.08173
-3.46103
-1.14812
4.87113
-1.52191
4.53471
9.47724
2.3317
-5.92586
1.9103
-1.7764
-7.185
-9.65863
5.31086
0.81506
-8.31191
-0.139657
2.07699
5.66542
-0.11431
5.83835
1.97428
-9.75475
3.93243
3.85956
3.09484
-2.68142
-7.61023
9.86444
-0.953669
9.329
-1.21299
1.0421
-1.45009
1.7478
-9.19268
-5.14505
3.72158
-0.281714
8.41728
-1.76505
-4.20733
-8.89022
-4.65374
-0.679881
-0.562971
1.34609
5.64108
5.00017
7.84701
4.65536
-1.96398
-7.537
8.15177
9.01005
-4.55351
8.85758
6.10519
6.72948
-5.0089
-7.45668
-4.48611
2.9725
8.21773
1.84719
9.6673
6.17614
7.13626
7.54543
-5.91536
4.34262
-0.0450684
1.98436
2.89231
9.33524
-1.01906
0.760501
3.4867
5.91047
5.64213
6.11549
-3.2955
0.667713
8.368
-1.4422
3.60019
9.11486
2.14414
2.11527
-2.78006
-3.0894
-1.24798
6.56751
-8.78925
-7.13965
-1.29926
2.01045
5.0804
-9.13482
-3.07358
9.72717
9.97496
4.76384
-5.6452
-0.624207
-1.25752
1.5122
7.11638
4.15741
-2.9667
-4.89235
-7.58532
-3.77174
1.66606
-1.31964
-3.58789
-8.38836
-4.60963
5.06319
2.94637
5.92285
2.10573
-6.27048
-2.88199
-5.76714
1.97112
-0.578371
-0.861655
-3.87535
-2.89678
8.1738
-9.55889
0.310575
-9.01034
-2.02458
4.46598
-6.98276
-4.02151
6.21029
-5.01902
4.69394
4.6395
1.75537
1.4374
8.44166
8.81865
7.91671
-0.581399
-9.83181
7.59157
-4.45715
-0.279184
4.86156
9.21322
-6.26397
5.55995
-9.66936
3.20155
-2.39696
-2.38191
-1.10447
-1.12476
-0.947517
1.04533
-7.47468
-6.20215
4.07762
-4.85609
-4.2779
3.5109
8.09402
-6.83462
-4.5203
-0.640821
-0.614958
-2.60662
5.91541
7.59597
6.02147
-7.7889
-0.444523
-9.27191
1.98779
-6.21271
0.769699
-3.23199
-5.70092
2.7512
-6.38612
3.48376
3.51141
7.94788
-6.91536
-1.44109
4.57062
-0.812112
4.41453
1.97738
0.718353
6.29484
-8.21709
8.94799
6.05141
0.180539
5.57294
3.77334
-1.04171
-8.5862
-8.16526
-5.25545
-2.19844
6.9222
4.72173
-9.85769
-5.13801
-1.16821
-6.9009
-1.3881
-5.99118
-2.74683
-4.48268
1.97908
-3.49737
0.726386
9.98644
-7.97079
-6.72914
-3.34955
4.62872
4.14959
-5.82468
4.34964
7.10132
-5.82504
-3.24495
1.65846
4.55199
-1.84537
-1.0956
-0.403094
-2.53938
9.0563
6.46608
-1.36208
-2.03932
1.12656
7.25615
-4.72584
7.50388
-1.34362
8.6764
-7.89374
1.3774
1.06568
8.10341
-7.85144
5.55659
6.3036
9.62661
-5.8348
8.24453
2.15855
4.11082
5.88215
-2.62993
-8.52759
4.78578
-4.69577
7.78387
-2.51848
8.9116
8.46267
-3.07689
-2.98626
3.23051
2.28615
-7.06871
-1.46755
2.43948
-8.98204
4.78788
-2.1432
7.35717
7.21297
-2.15314
5.13591
-2.36362
8.7913
7.44006
-1.06733
-6.33422
-0.277945
2.27943
-9.13693
3.43881
-4.72897
-5.42889
-5.656
-4.96304
4.1178
-6.71004
7.89772
2.29628
7.80633
9.0161
-4.97259
-7.24221
5.23171
2.70917
-9.29118
-8.91093
-6.3622
4.13177
-8.52953
-3.65022
0.730454
-4.78395
-0.847282
3.69951
7.99946
3.85841
1.30252
8.76241
-6.15246
0.0907994
0.0883296
-6.30677
-7.17322
-8.31352
4.69882
8.8186
8.09296
0.935159
-4.86549
-9.67258
7.06525
-2.83011
-8.69047
3.80058
1.19395
-5.44546
4.66159
7.86394
4.85495
-3.42901
-0.449843
-8.17269
-5.0131
6.33885
8.21371
-0.90252
5.70253
-2.00421
9.40787
-8.48937
-9.19253
-3.92082
-4.46419
-2.54163
-8.59586
-8.61813
-1.69049
0.596814
-4.16818
-9.05712
-7.29018
6.03481
-3.28627
6.16587
-4.75058
-3.35356
7.62578
9.48651
-2.58192
-7.65409
2.61435
7.83261
-2.05013
8.25181
-3.98162
3.66408
3.78251
2.77986
4.69106
4.56293
-8.09996
-4.88711
-2.64342
-2.63504
-4.53508
8.26661
7.4242
-7.55952
-5.57055
-2.17111
7.51018
6.84672
-7.18634
-0.520556
-7.29105
1.53493
8.01924
3.25545
-5.76833
4.08714
-4.04584
-9.46364
-4.59476
2.59987
5.54827
9.249
-9.65899
-4.62336
-1.32961
1.60084
-6.62686
-0.858991
7.84915
1.23726
7.42464
-6.78265
-4.37099
-9.29309
4.48715
6.60162
-7.27684
-1.89212
6.06601
7.5264
9.5092
6.53145
7.44159
1.35571
1.12081
-2.50379
8.93363
5.25625
-8.84009
-9.00002
1.27686
-9.93412
9.63027
8.30564
-7.23587
1.33951
4.71936
6.22072
9.94763
4.6954
3.93919
3.94849
9.4241
6.23695
-9.38841
-2.03472
6.5942
1.21588
-0.504518
2.7746
-4.90794
-7.73575
0.722434
-3.65029
-2.16817
-0.517405
1.56187
2.83915
5.30444
-5.74493
2.06322
-7.38137
-8.30862
3.38947
-1.49497
7.84036
-0.469928
-5.17255
9.29797
-1.29789
8.39039
9.42794
2.64618
1.71028
2.25211
-2.0275
1.77136
8.02392
-3.51955
1.5266
0.804587
8.38511
6.12647
-6.85937
5.55154
-9.36814
-0.818032
5.70054
9.59794
-0.669247
4.09912
-1.10029
-3.17794
8.45685
-3.33846
-4.26844
5.16997
1.1759
2.43542
2.67618
3.61283
8.73802
-1.59709
7.09814
6.03114
-9.85246
9.30226
9.14335
5.6139
6.84079
0.358011
-9.56722
7.95709
-9.1664
-8.20349
-1.46945
-0.0327316
-3.50549
-6.96099
-8.96161
-1.8124
5.96457
-5.98288
4.93293
-6.84464
-8.1998
-1.67742
5.51672
-0.0214943
8.65216
7.2949
5.78305
4.24516
2.39385
4.72728
-7.30049
-4.96757
5.00716
0.29019
1.46474
-5.304
6.59173
-7.4991
-1.95591
-6.55196
-9.39659
2.81039
0.590203
-5.73205
8.22665
-1.61104
-7.84902
8.61955
-0.920864
-3.49764
8.54021
-9.66856
9.1194
-5.48501
-6.47461
4.38412
-5.13044
-2.35689
-8.51132
-7.04804
0.416894
-7.1765
3.71655
9.9791
-5.29076
-4.33509
-3.92186
-2.39058
5.1425
-4.66864
8.2415
-8.7423
-2.77501
-8.27648
4.06076
-4.85142
-9.43039
4.00975
-4.28855
-0.881298
2.83126
-1.13841
3.09988
3.10931
0.169859
7.12308
-9.12197
-2.68203
6.71592
-3.8798
-3.35033
-4.82748
9.22739
3.11038
4.72321
-0.653578
1.41957
-2.81491
0.329317
0.0245141
0.0611186
2.73039
-9.65024
-8.01926
3.99872
-1.72396
5.45818
6.61241
-5.65616
4.81947
3.18516
-5.43397
5.53905
-9.65524
0.137261
-1.67152
9.09712
1.20519
9.82531
-9.05992
-4.14357
8.39924
6.67158
-3.85472
6.90439
-6.63712
5.91034
-6.46663
-8.70708
0.78144
-3.74688
8.43514
-7.87189
2.97719
-9.22045
1.99493
-5.60412
1.2471
1.2318
-7.17066
-7.62313
-0.463557
-7.46887
0.702906
-3.10706
3.5345
-3.24752
9.75578
2.6651
5.66895
6.00827
7.7886
-9.1203
0.909648
3.68156
-5.91064
-8.74901
-8.15651
8.07279
-7.61415
0.449452
-1.24243
-1.76568
5.82089
-5.69704
-9.05632
-6.10761
7.74639
5.2645
-5.46816
8.40362
-8.96218
-1.40994
-5.50743
1.97594
0.519648
-8.94918
-2.75863
-5.98656
9.25267
-4.63274
9.03016
4.42394
-8.64442
0.118023
9.18292
0.166447
6.28147
3.96822
-6.94736
6.44956
-5.88119
2.69224
2.4697
2.76262
-7.87899
-9.45716
-5.68875
-0.312216
-0.992725
-3.40193
6.56164
-4.48931
-6.23346
7.05661
2.83269
4.35039
8.21354
3.00334
5.62835
8.26043
-3.06727
8.19972
-7.62769
0.762016
-1.79795
4.42467
-3.34597
-9.66828
3.33866
-9.36828
-4.25073
-4.92518
-0.0980059
-7.38668
6.9581
-9.09405
5.02033
3.6458
4.7785
-8.92136
-7.76678
1.02679
-7.52037
-9.31511
-7.07293
3.83592
-3.96147
-0.893512
-2.38201
-9.491
-8.16027
5.42373
-5.75206
4.59683
-0.947202
-9.26516
-1.92534
6.88468
5.81511
3.99795
-1.20243
6.50147
-5.23574
-8.88536
-5.88528
-2.96331
2.74596
-7.52027
7.15152
5.59602
8.74863
7.25679
-5.74162
-7.16999
-6.8882
-3.05375
-0.72463
6.72965
-7.31479
5.24539
0.330116
-2.87188
-6.01949
1.62129
7.28739
5.2909
1.63812
2.19707
-5.11258
1.38578
7.33202
1.23654
-6.50478
-2.27933
2.79801
5.45805
-8.06245
3.5225
3.50707
-6.21294
6.06011
-6.24464
-6.938
-5.32461
-0.906908
-0.297857
6.21603
5.28999
-2.33827
-9.25
8.98713
9.84788
0.580392
-4.6574
7.27663
7.51571
0.0528837
-4.32624
4.49126
2.37678
7.34238
-0.607745
-4.19847
8.02022
8.28695
1.95433
-6.42281
-8.38077
-7.73292
0.332746
-1.97054
1.91248
8.42751
8.8791
-5.89071
-4.08951
0.88369
2.0543
5.01631
-9.70508
3.34275
-7.38733
-9.50997
9.95175
-9.77004
4.57847
6.972
0.125445
-5.14678
6.36743
8.76881
-1.91125
-0.836722
3.08101
2.72583
0.350475
-6.40191
0.890299
-2.45349
-2.44617
-7.01422
7.13228
6.69805
-0.396546
6.59151
-7.18606
-0.668114
-7.97586
9.26743
-5.12983
6.4758
8.27856
1.08552
-5.75162
-2.42365
9.11198
1.76839
8.90364
3.52685
-0.330157
4.29439
-8.47601
9.12579
-2.81197
-2.8364
3.49127
2.07524
1.77615
-6.17262
7.25936
-9.06405
-4.27646
2.62117
5.68398
2.58713
-3.38287
2.43335
-9.80378
