-0.517546
-1.55438
2.20384
-1.51683
0.261454
-0.384944
0.894141
1.0309
-1.24356
-1.10047
-0.198628
-1.13522
1.60806
0.865994
0.477811
0.780854
-0.156763
-0.87834
0.247308
-1.08154
0.782298
-0.0955829
1.33685
-1.86941
1.08571
1.01933
-0.0430172
0.857215
-1.0686
0.779149
1.11972
-2.13613
-0.133403
0.325499
0.349359
-2.60474
-1.44778
-1.67811
-0.458776
0.245562
-0.786052
-0.572594
-0.422224
1.0019
-0.00888425
0.247831
0.346462
-1.02202
-0.61226
-0.698021
-0.464107
1.02081
0.578418
-0.701733
0.0483388
0.774716
0.097727
-1.31308
0.867408
0.648624
1.34984
-1.22966
-0.952308
-0.363655
1.29305
-0.652356
-0.13713
-0.855444
0.977921
-0.0304541
1.74264
0.706655
1.5539
-0.595553
-0.139716
-0.199344
-0.346242
-1.38766
-2.44428
-0.629344
-0.292356
1.91463
1.67304
0.782767
-0.153064
-0.977476
1.56911
0.649247
-0.101265
-0.359811
-0.44226
0.70529
0.42962
1.32347
0.551149
0.0103483
-1.07517
-0.829593
-0.0771376
0.145945
-2.2033
-0.316303
2.63769
-1.65367
0.293341
-0.964281
0.41492
-0.857002
-0.814957
-0.48052
0.348847
0.914995
-1.21665
-1.09319
3.02545
1.50773
1.33395
-1.96344
-2.12534
1.6385
-0.35048
0.151505
2.11198
1.03287
-1.15116
-1.95449
-1.10651
-1.19388
-1.64491
-0.637684
1.7577
-1.19521
0.635699
1.30531
-4.3634
1.8843
-0.631287
-0.761626
-0.0017963
0.367197
-0.333448
-0.0556568
0.149321
-0.0740037
-1.5661
-1.62396
0.341958
1.44489
-1.18555
-0.740248
-0.275199
1.26684
2.95348
-1.32261
-1.10324
-0.310723
0.674603
-1.61061
0.315946
-0.585175
1.76618
0.473721
0.891397
-0.278574
0.165824
-3.42113
0.907792
-0.227165
0.375566
0.576967
0.161242
-1.98554
0.541219
2.31887
0.921154
-0.902437
-0.0711625
-0.332133
-0.558293
0.654173
-1.42136
0.0292408
-0.295769
-0.144678
0.392803
0.363496
0.648891
0.15661
0.390547
0.482069
0.635241
-1.93953
1.02006
1.69494
-1.68149
-1.29153
0.845175
-0.265504
0.0694552
0.223197
1.46915
0.550428
0.12186
-0.760032
0.814386
0.477908
2.44134
0.495174
-0.123331
1.60736
-0.975932
-1.07299
-1.593
1.45647
1.22495
-1.41487
-0.354835
0.939855
-1.69884
-0.0315204
0.0275284
-0.403678
-0.947345
0.448554
1.42282
1.70698
1.5047
-1.49191
-0.886794
-2.114
0.116356
0.210378
-0.942607
-0.828538
0.403501
1.3307
-1.6019
-0.744331
0.746743
-0.647242
1.26507
0.579072
0.141095
-0.0996164
-1.50878
1.53116
1.57288
-0.773853
-1.79438
1.33227
-0.909259
0.243714
-0.704487
-1.76893
-0.423988
1.00394
1.44689
-0.956601
-0.00643026
0.839639
2.25496
0.349204
1.00566
-2.51617
1.19169
1.18393
-0.181792
0.0716985
-0.608245
0.237636
0.950036
0.250723
-0.47167
-1.30064
0.238586
0.283873
-0.472114
-1.07525
0.308508
0.467742
0.0181421
-1.67263
-1.62957
-0.307219
-0.408511
-1.10597
0.322369
0.513527
0.8251
-0.408958
-2.22004
-1.70292
-0.700615
0.0165878
1.75398
0.526397
-0.656844
-0.335616
0.88609
-0.0835508
-0.582521
-0.323449
1.96968
-0.393546
-0.786047
-1.01999
0.304194
1.02007
2.07992
0.282262
-1.29043
0.80357
-2.03686
0.258412
1.97017
1.69489
0.985358
-0.406638
-1.63307
-0.487612
-0.110901
0.336588
0.603853
0.767253
-0.563355
1.05088
1.52225
1.33389
-0.170658
-2.16687
-1.46991
1.31924
0.797459
0.264807
0.112717
-1.46905
0.651937
-0.789002
0.482251
0.297726
-1.07268
0.373088
0.970473
-0.138921
-1.76411
-0.520548
0.127825
0.0408136
1.1637
-0.259907
2.0897
0.455485
0.0984696
-3.18314
-1.45736
0.159525
-0.86888
2.42605
-0.0736254
0.134415
-1.20141
-0.552841
0.568931
0.396906
-1.23589
-0.22428
0.549905
1.0188
1.7308
-2.37217
-2.13766
0.622426
-0.118465
-0.401921
1.2567
0.0500092
0.36871
-0.512685
-0.693687
-1.44232
2.80611
-0.188298
0.947221
2.97658
-0.482844
-0.732064
-0.233311
0.271073
0.522305
-0.0787717
0.93964
-0.576935
1.68909
0.271639
0.380864
2.17141
-2.24526
-0.378394
-1.97697
-0.975204
-1.37995
2.22852
-0.620198
0.759231
-0.391913
-0.500486
-0.733599
-0.837228
-1.18841
-1.21665
-0.460959
-0.0563616
-0.795955
-0.835528
-0.133633
0.246107
-0.65956
0.593113
1.18224
-1.17783
-0.44415
-0.703506
-1.73924
-0.361232
1.35059
-0.503617
-0.380095
-0.386465
-2.24507
0.128925
0.376986
0.252352
-0.829086
1.07586
-1.52548
0.759951
-1.58847
0.0909885
0.288998
0.462979
-0.890729
-0.239385
-0.696852
0.00996282
-2.12353
-1.51309
0.0804886
0.358578
0.771706
0.453634
1.39392
-0.0664708
2.11473
-1.12803
-0.347171
1.07004
-0.192497
0.397717
-0.414469
-1.19126
2.24224
1.42686
-0.97542
-0.328941
-0.171871
0.476793
-0.610391
0.870978
-0.76941
1.74702
0.119584
1.90083
0.618356
-0.235282
-0.949664
0.379213
-0.0507939
-0.210882
3.25174
1.15477
-0.790448
1.66933
0.125962
-0.463661
-0.76162
-0.783702
0.25163
0.226141
0.183664
0.684144
-1.20308
0.617288
0.457643
-1.34708
-0.300311
-0.216274
0.235142
-0.570421
-1.39753
0.410417
-0.264119
0.0364803
-0.219652
0.24597
2.10382
-1.38524
0.640148
1.84664
1.75615
-1.73377
1.07008
0.77828
-0.765071
-0.147447
-0.561971
0.777156
0.61809
0.71703
-0.921054
0.370162
-0.154339
0.87851
-0.627978
-1.05929
-1.37407
0.716205
-1.05416
1.68857
0.74962
-1.85654
0.506074
0.128468
-2.16189
0.126317
-1.35991
0.852705
0.75123
-1.03708
-0.734151
-0.935777
-0.182929
0.29716
-0.843394
0.201944
0.534961
-1.60589
0.596801
-0.585515
-0.613654
-0.272534
0.496327
0.115827
-0.925901
-2.11147
-1.31735
-1.19224
1.5504
-0.233628
0.279438
-1.25631
1.30435
0.15231
0.31279
0.78087
-0.613487
-1.25759
0.37257
-1.34774
0.662917
0.44933
-0.495155
2.75926
2.4775
-1.29757
-0.00327129
-0.073711
-0.0293812
0.0408964
0.91106
0.820211
0.997745
0.911164
-0.571356
0.312487
-0.327062
-1.44256
0.82701
-0.598228
1.9509
2.28705
-2.26966
-3.08321
0.884606
0.561271
-0.278556
0.797529
-0.9595
0.0661847
-2.85275
-0.595493
0.374915
1.05928
-0.209642
-0.00559469
-0.478176
-0.703993
2.03369
-1.50668
-0.0683647
0.0320633
0.901752
0.59966
-2.12028
0.0664182
1.96903
0.687279
-1.87064
1.82255
-1.80357
2.42789
0.667704
2.24915
0.639662
0.870003
-0.897732
-1.57711
1.09371
0.319931
0.205212
0.289519
1.60527
-1.63024
-0.198416
0.658987
-0.28661
0.161861
-2.64183
-2.47821
-0.867351
-0.650889
-1.05942
0.135134
0.718904
0.862261
-0.74322
0.225038
-0.840008
-0.630992
-1.10815
-0.124467
-1.03944
0.901571
-0.0603964
-1.82747
1.8477
0.128247
-0.235578
0.941474
-0.303936
-1.24916
-0.369828
1.99339
-0.871518
-1.85393
-0.177829
-0.33614
-0.245736
0.218181
-2.90732
-1.49486
1.57857
-1.0361
2.56584
-1.05169
-0.447264
1.44506
0.152174
0.245269
-0.0457795
-1.06014
-0.480863
-1.238
1.79841
-0.585106
-1.33264
-0.681131
3.13672
0.0976017
-1.46266
0.352042
0.88827
-0.159125
-0.222805
1.37508
0.100822
0.439834
-0.104653
-0.562031
-1.42466
-0.703184
-0.630665
-0.522692
0.137075
-0.42673
-1.40699
-0.576509
0.322799
0.301182
-0.886591
-1.80824
-1.63067
0.515606
-1.19185
-1.13377
3.28106
-1.34989
-1.81731
0.950089
0.736116
0.0733205
-0.64904
-0.14097
1.49631
0.280096
1.84731
-0.11134
1.73748
0.0620281
-1.57173
-0.0770956
-0.120533
0.572151
-0.705747
-0.220711
-0.282083
-0.804756
0.0177677
0.140598
1.1772
0.331555
-3.31582
0.0695315
0.885913
1.44596
-0.532065
-0.755772
1.8051
-0.598132
1.14822
-0.0835528
-1.00463
-1.47832
-0.0500619
0.394519
0.790626
-0.12259
0.36871
0.562384
0.554897
-1.09761
-0.938251
0.0623808
-0.15324
0.670414
1.878
-1.0488
-0.348632
-0.420272
-0.0778452
0.698363
-1.68881
-2.51677
0.542757
0.139824
0.824813
-0.469237
1.25561
1.97355
0.624326
-0.761439
-0.323543
0.732859
1.01741
-0.942736
-0.161603
2.4231
-2.05769
1.51104
0.73774
1.95861
0.447718
1.34505
1.55441
1.82189
-2.62923
0.682439
-1.51262
-0.325563
2.35758
-0.637908
-2.88079
-0.650859
2.39065
0.138337
-0.41773
0.575839
-0.815557
-0.152242
0.0484676
0.619354
0.735386
0.904991
-0.63406
-1.02439
-1.02923
0.21523
-1.72953
0.367248
0.375822
-1.21487
0.129327
-0.374621
-1.25768
-0.0335922
0.683085
0.48982
-0.734504
0.531898
-3.24427
0.409196
-2.03012
-1.59477
0.898202
0.0672835
-0.229125
0.651033
-1.1565
-0.0717626
-0.375658
0.621809
0.128044
-0.226605
-1.7427
-0.326446
-1.10971
