2.87867
3.22145
1.96468
1.3186
2.67887
2.88164
1.19368
3.5115
1.6645
2.99815
2.27709
1.61126
2.23293
2.62846
2.31876
4.13063
3.61636
1.99787
2.22203
3.41433
1.61161
2.70258
3.23115
0.408997
3.3085
3.41623
1.7665
3.83693
3.37706
3.78231
3.20485
3.34107
2.89759
3.00245
0.910683
2.54824
3.80505
1.41397
3.43925
2.24117
0.262156
3.22046
2.21029
2.18567
1.95937
2.21338
2.11781
2.01402
0.775682
1.32265
2.39358
3.24587
2.9582
2.98378
3.35657
2.82175
0.716982
1.99404
1.53726
1.87683
1.86655
1.03057
2.00275
2.44062
0.883754
2.12508
2.96651
0.436994
1.90389
2.49906
2.39748
1.91897
4.40794
3.70221
4.28206
2.15007
2.4022
3.72958
2.93656
3.22932
1.70819
2.4071
2.77854
3.2406
2.04247
