-9.80971
2.42754
-3.37406
2.59706
5.68235
2.62266
-4.26894
-9.07528
7.26006
-6.1633
1.76724
2.06401
3.47418
-2.83656
-2.80782
9.14352
-8.47813
4.28909
-0.309153
3.53171
8.9135
1.76746
9.10187
-2.42646
-5.74252
1.09277
8.27377
6.47095
-5.1232
9.26634
-7.96468
-0.679881
-7.18534
6.61118
-0.395037
6.69038
7.13152
-7.03125
-2.46229
-2.45701
0.891844
-6.40899
0.329551
2.70259
3.08088
-0.830675
-1.91974
8.75118
6.38372
-5.14175
0.108839
6.97981
4.5692
-9.78072
9.94021
-9.50958
-7.38199
3.33528
-9.72657
5.02135
2.0433
0.885006
-4.08839
-5.9024
8.88939
8.43589
1.92204
-1.9641
0.318569
-7.71698
-8.38151
-6.411
1.93307
8.2862
8.01246
-4.19312
-0.614514
7.33722
2.37992
2.4056
4.48637
-4.32011
0.0446188
7.52228
7.27651
-4.66574
0.589755
9.83752
8.96862
-9.25289
-2.34141
5.3025
6.21114
-0.29837
-0.915542
-5.31744
-6.92338
-6.23862
6.05885
-6.21753
3.51972
3.50695
-8.0774
5.47034
2.80662
-2.26884
-6.50816
1.24532
7.34431
1.37776
-5.11324
2.19377
1.62801
5.28093
7.28699
1.59772
-6.01651
-2.87666
0.331039
5.24306
-7.30886
6.73008
-0.739683
-3.04265
-6.88673
-7.16026
-5.73454
7.25341
8.74542
5.59705
7.14235
-7.51921
2.72793
-2.94923
-5.87914
-8.85733
-5.24591
6.49448
-1.20482
3.98634
5.80765
6.88397
-1.96048
-9.26469
-0.974471
4.60366
-5.75137
5.4273
-8.16382
-9.504
-2.39833
-0.880028
-3.94946
3.84314
-7.06186
-9.32063
-7.51819
1.03714
-7.76447
-8.92993
4.76613
3.64913
5.01487
-9.09604
6.95671
-7.3905
-0.10347
-4.92287
-4.25972
-9.34979
3.33586
-9.67102
-3.32293
4.42428
-1.78629
0.766886
-7.64235
8.19659
-3.06599
8.26114
5.62941
3.0081
8.2129
4.34525
2.83661
7.05159
-6.25966
-4.49317
6.57649
-3.40902
-1.00044
-0.287329
-5.6863
-9.44176
-7.87547
2.76908
2.48261
2.68342
-5.86378
6.45544
-6.92709
3.97296
6.27412
0.163677
9.17688
0.128015
-8.62208
4.43937
9.01619
-4.62214
9.24979
-5.98382
-2.74231
-8.93794
0.511186
1.98401
-5.51322
-1.40966
-8.98318
8.40175
-5.47086
5.26982
7.74398
-6.09584
-9.05515
-5.6923
5.81464
-1.75455
-1.24476
0.443835
-7.6154
8.05937
-8.15948
-8.75705
-5.89717
3.68379
0.923162
-9.12963
7.79711
6.01791
5.67469
2.6697
9.74069
-3.24818
3.51691
-3.12684
0.689137
-7.46763
-0.478333
-7.63325
-7.16681
1.25306
1.24669
-5.5907
2.00806
-9.19935
2.99343
-7.8779
8.43015
-3.75388
0.775848
-8.70672
-6.47767
5.89493
-6.65492
6.89432
-3.87087
6.65545
8.39874
-4.15215
-9.07334
9.82854
1.21128
9.09651
-1.67057
0.145796
0.1316
-9.64562
5.53269
-5.44298
3.20102
4.83187
-5.66155
6.61832
5.45615
-1.718
3.98195
-8.02267
-9.65116
2.74645
0.0522899
0.0356366
0.316706
-2.81071
1.42603
-0.653233
4.7272
3.1233
9.22691
-4.83227
-3.34876
-3.88444
6.71279
-2.67171
-9.14021
7.11883
0.151683
3.1112
3.09829
-1.13195
2.83701
-0.881101
-4.29759
4.01155
-9.43518
-4.86138
4.05442
-8.27798
-2.77105
-8.74037
8.24955
-4.66022
5.15368
-2.40745
-3.93176
-4.34612
-5.27814
9.97802
3.71933
-7.17157
0.423819
-7.03817
-8.50685
-2.37121
-5.13422
4.3889
-6.46541
-5.4862
9.11179
-9.66181
8.53788
-3.50521
-0.908408
8.60294
-7.85157
-1.61015
8.24531
-5.74323
0.574401
2.79622
-9.39599
-6.56513
-1.95994
-7.50419
6.61606
-5.32241
1.47129
0.28245
5.01067
-4.95729
-7.28265
4.73324
2.38918
4.24093
5.7722
7.30895
8.64545
-0.0228498
5.5327
-1.67429
-8.20912
-6.85374
4.94183
-5.98319
5.96465
-1.83962
-8.95682
-6.95743
-3.51363
-0.0354633
-1.48608
-8.1926
-9.19031
7.94035
-9.56942
0.365787
0.361281
6.85407
5.61294
9.13888
9.32213
-9.85218
6.00943
7.09308
-1.59911
8.72568
3.62062
2.68426
2.43628
1.16541
5.18038
-4.26445
-3.34133
8.44914
-3.17948
-1.10281
4.09062
-0.669259
9.5966
5.71046
-0.814372
-9.38455
5.54086
-6.85955
6.12409
8.38202
0.814727
1.52185
-3.54354
8.03977
1.77611
-2.05906
2.23777
1.70997
2.63699
9.43737
8.39411
-1.30823
9.28968
-5.17177
-0.468348
7.84708
-1.48991
3.39166
-8.28097
-7.3827
2.07229
-5.71887
5.30391
2.83515
1.55819
-0.516731
-2.16593
-3.64635
0.717556
-7.73645
-4.88849
2.78828
-0.49751
1.2302
6.58434
-2.0395
-9.40364
6.23374
9.42395
3.95871
3.95796
4.71028
9.94474
6.2237
4.71998
1.33865
-7.2358
9.62877
-9.93389
1.27657
-9.00571
-8.85549
5.27098
8.92005
-2.49128
1.12155
1.12326
1.37996
7.44327
6.53374
9.51108
7.52228
6.06601
-1.89845
-7.29821
6.61579
4.50706
-9.31528
-4.35261
-6.77542
7.41993
1.23388
7.84432
-0.859322
-6.63725
1.59439
-1.32973
-4.63236
-9.65142
9.26546
5.54616
2.5959
-4.59613
-9.4589
-4.03787
4.09906
-5.77274
3.26239
8.04211
1.53584
-7.28056
-0.513478
-7.17568
6.85032
7.51337
-2.18949
-5.5753
-7.56904
7.43052
8.25832
-4.54155
-2.63378
-2.64823
-4.86581
-8.10612
4.56857
4.68677
2.75838
3.76098
3.66573
-3.975
8.24218
-2.052
7.83347
2.60441
-7.63846
-2.58446
9.4745
7.61806
-3.33973
-4.76029
6.17764
-3.28646
6.01858
-7.29233
-9.04946
-4.16653
0.591845
-1.68572
-8.61599
-8.58497
-2.55699
-4.47429
-3.91356
-9.17228
-8.49218
9.41337
-1.99674
5.7024
-0.905447
8.22957
6.35397
-5.0356
-8.18245
-0.451396
-3.4398
4.84651
7.88212
4.66127
-5.43988
1.17958
3.80036
-8.69639
-2.83853
7.07037
-9.6649
-4.86104
0.932692
8.10225
8.83359
4.6869
-8.31556
-7.16848
-6.31271
0.0873844
0.0750305
-6.1433
8.76534
1.29623
3.8582
7.98589
3.70439
-0.849423
-4.78378
0.719643
-3.64383
-8.535
4.14867
-6.38487
-8.9136
-9.30059
2.69336
5.21924
-7.25037
-4.96144
8.98962
7.80457
2.29656
7.89033
-6.69732
4.12423
-4.97281
-5.66013
-5.44015
-4.73591
3.43793
-9.13279
2.29127
-0.270188
-6.34854
-1.05689
7.44105
8.81227
-2.36587
5.13239
-2.1549
7.21678
7.34974
-2.14013
4.78567
-9.00078
2.45018
-1.49047
-7.07223
2.2797
3.22912
-2.99287
-3.09484
8.46109
8.9284
-2.52991
7.78622
-4.68203
4.77653
-8.52026
-2.623
5.90002
4.10456
2.14199
8.24239
-5.82753
9.6157
6.3096
5.55673
-7.84181
8.10579
1.05507
1.40192
-7.89056
8.65856
-1.33275
7.50961
-4.71767
7.26223
1.13139
-2.05098
-1.3539
6.4604
9.03554
-2.54547
-0.399758
-1.09249
-1.83315
4.55935
1.66276
-3.24226
-5.8327
7.09618
4.32779
-5.81876
4.16273
4.61759
-3.34016
-6.73948
-7.99062
9.9882
0.718622
-3.49204
1.98113
-4.46301
-2.73729
-5.99924
-1.39035
-6.89466
-1.17464
-5.13437
-9.85605
4.70182
6.89926
-2.20445
-5.25652
-8.18025
-8.5761
-1.02844
3.75926
5.566
0.198814
6.04989
8.92377
-8.19157
6.28847
0.707155
1.97757
4.41516
-0.800793
4.57108
-1.44707
-6.91553
7.93772
3.51124
3.48878
-6.40825
2.76309
-5.70352
-3.23329
0.770619
-6.21734
1.98024
-9.26015
-0.45479
-7.78722
6.0001
7.60196
5.91605
-2.59932
-0.60802
-0.64392
-4.51436
-6.84015
8.08922
3.49709
-4.26471
-4.84582
4.08065
-6.20875
-7.46447
1.03263
-0.94364
-1.1213
-1.10462
-1.1039
-2.38512
-2.3882
3.21153
-9.67481
5.55897
-6.26297
9.22442
4.86916
-0.263668
-4.46141
7.59751
-9.83911
-0.582104
7.92728
8.81309
8.44989
1.41402
1.76498
4.63199
4.67737
-5.01048
6.22123
-4.02128
-6.97556
4.46462
-2.04384
-9.00618
0.325677
8.17529
-2.89336
-3.87423
-0.867273
-0.562702
1.97405
-5.7729
-2.88987
-6.25934
2.09294
5.94257
2.9579
5.04609
-4.62589
-8.39511
-3.58625
-1.31199
1.66202
-3.75693
-7.58225
-4.89057
-2.96329
4.17113
7.11631
1.50867
-1.2582
-0.611625
-5.66136
4.77901
9.71531
-3.07883
-9.11862
5.06743
2.00434
-1.29505
-7.14674
-8.78344
6.55369
-1.26009
-3.08248
-2.78844
2.1278
2.15789
9.12034
3.58486
-1.44564
8.36003
0.695334
-3.28826
6.12184
5.6424
5.92184
3.50388
0.755479
-1.00064
9.35824
2.89886
1.99417
-0.0342204
4.33063
-5.91036
7.53673
7.13975
6.18659
9.67883
1.84446
8.20566
2.97705
-4.4756
-7.46394
-4.9986
6.73239
6.11165
8.84468
-4.54979
9.00229
8.15694
-7.54591
-1.98331
4.65904
5.00005
5.63854
1.35207
-0.571995
-0.692659
-4.6546
-8.88384
-4.18844
-1.77057
8.43509
-0.287752
3.71596
-5.15647
-9.18612
1.75101
-1.47035
1.04085
-1.19822
9.31293
-0.941228
9.8456
-7.62026
-2.70378
3.09879
3.8606
3.92938
-9.76018
1.97752
5.83329
-0.100691
5.68444
2.07256
-0.130267
-8.31226
0.79602
5.31033
-9.68181
-7.19015
-1.7587
1.89846
-5.92601
2.33379
9.48873
4.52919
-1.52948
4.87439
-1.16717
-3.45992
9.08358
6.79013
2.73877
-5.52498
-6.48129
1.76765
1.08851
1.08304
-6.22508
-2.14922
3.4712
-7.07373
-4.74443
0.294859
6.02805
7.20802
9.03391
-9.22757
6.2579
-8.5737
2.07257
-2.27222
5.37023
2.1183
0.743189
-4.39326
7.78103
3.93728
8.61046
-0.663272
3.58055
-2.16655
3.00132
-5.00369
-4.91901
-2.88868
-2.53463
-9.33369
9.78386
5.74009
3.3143
5.74864
7.93636
2.43135
3.63074
6.52642
-5.14974
-6.52611
-3.75462
7.75245
-8.59992
-9.47762
5.49517
-3.05585
1.97229
-1.52718
-4.23339
-0.431812
-6.8156
9.43633
8.14769
7.89538
-3.68098
9.15306
-2.96836
-2.97345
9.44213
6.31442
-3.09023
-7.30905
-6.07963
8.34706
-0.66348
7.16291
5.43419
4.33421
3.49375
-1.99953
-9.64256
-9.48761
7.1077
-6.1149
-3.3182
2.21394
3.30983
1.95858
-4.80328
-0.636242
7.20443
-7.21114
-7.38713
2.8668
2.86798
2.87201
6.36375
2.91041
4.46978
-4.40471
-4.55087
-5.62645
-7.95179
-0.399577
-6.68694
-7.42358
-1.2873
9.64552
-4.66798
7.32358
-3.97679
-9.6247
8.49309
-3.0091
-2.17226
-5.85266
0.890028
6.08762
8.12161
0.595426
-2.86206
3.69472
-0.164559
-6.73049
-6.01852
8.28679
-8.35013
-4.96615
-7.73788
2.65048
-4.77117
6.98949
-9.82462
6.28684
4.98383
2.72716
1.00669
9.04435
-5.64611
-2.96661
3.86417
-8.53258
4.92832
-4.84004
-0.575938
1.87275
6.03598
7.12947
3.94439
7.40514
3.10422
-0.349759
9.21178
0.944569
-0.848531
7.82285
8.46852
4.76601
-3.7911
8.78055
-7.1687
8.90333
1.05334
5.50962
0.890578
-4.43966
-8.32408
-0.391317
1.26879
0.896748
-9.94075
2.357
2.45495
-6.13453
-3.51482
-9.35418
0.0118939
4.69313
-4.11246
-9.35669
6.55089
-8.74814
-5.01332
8.70449
4.7413
-3.33741
2.22932
4.49338
5.5843
6.62851
-9.16316
1.10096
5.27508
-6.37634
-2.32621
-3.26382
9.20506
-9.12645
-2.44451
8.66178
-4.95501
-2.75283
-5.63757
-4.96988
-3.32767
-9.77547
-9.33768
0.426765
-8.86638
5.38334
9.60533
-3.51964
-3.54843
2.47401
6.32001
-2.86762
0.333249
-0.380351
0.00360729
2.83132
7.47664
6.17267
1.35393
8.64598
8.30686
7.74452
-7.92608
9.35006
-9.52151
7.16932
9.96266
1.39509
-5.48
9.95786
3.3607
2.44031
-8.17342
6.71094
0.611636
-6.13412
5.93013
-6.78411
-1.89232
-7.49515
0.289431
-3.72691
5.68849
-8.14634
-6.51616
-5.43341
7.82876
4.44381
-7.97258
-2.67742
-5.92048
3.14115
9.18782
9.19954
-0.126329
-6.16755
7.26376
-2.31263
-9.95728
1.46136
-4.46654
8.79613
-0.609726
7.52408
-5.97838
3.20067
-5.88475
0.257966
9.33405
-8.61552
9.16076
-3.88896
-4.51287
3.88305
4.65747
-3.92793
0.666135
8.50406
-4.41301
2.00834
3.32401
-5.80924
-2.07434
7.5496
-2.59423
8.89732
7.89396
-4.86585
3.52617
-3.05042
3.362
7.0281
7.53878
9.4761
7.04903
-2.26751
-3.31809
9.95091
7.36365
-7.53471
6.9149
-2.31953
2.53407
2.89024
-8.49071
9.13252
0.897501
-5.21232
-7.23182
8.77958
-6.83421
5.81031
3.60937
-8.58108
-9.38713
-0.336138
9.80732
9.32108
-4.62213
-8.89668
-5.86929
-1.66085
-0.267973
-6.71714
-3.83985
-2.50066
1.33682
2.73737
-2.88685
-1.22623
-8.88893
4.34901
3.18619
-4.32406
-7.55937
-7.00922
9.29915
0.54676
0.758634
-0.99226
-9.24757
-2.73432
8.63722
-2.14667
0.0712244
-2.13407
-6.24886
3.9745
-3.31254
7.59583
6.54069
-4.70365
-3.82221
-8.08349
-1.4668
0.0263144
9.80401
-2.62774
4.87962
3.29285
4.37539
-8.55608
-2.20988
-6.0515
-5.36842
6.5256
-0.472592
8.30204
-1.96522
-3.71864
-1.30668
-8.677
-9.98645
-5.01143
-2.46028
-4.52605
-8.0792
5.82188
-9.76475
5.15746
-7.21058
5.33952
1.00385
2.5211
0.908714
2.60841
-6.33032
-0.472809
8.26893
-1.6696
-4.94785
9.59009
-3.5771
-8.86134
5.62635
-4.76018
-8.57682
1.81635
1.22441
1.24469
1.45846
-1.39649
-2.031
0.547133
6.64543
5.49904
1.4413
-8.63148
-7.91071
-1.90104
0.226631
-8.0753
-8.53369
-8.49045
-4.92138
-3.36021
4.64541
4.00099
-9.4579
-3.27403
5.51612
7.78937
-8.72691
5.36117
-1.26989
-0.165605
0.96619
2.47538
5.43871
6.60552
-4.88816
-8.85681
7.34669
-4.22758
-0.0942488
-4.08051
-4.47819
-9.002
0.560009
9.39323
8.2254
8.44209
-1.0703
-1.74596
-8.72112
8.1487
8.82988
1.74498
6.67692
3.87154
1.10708
-6.9934
4.66954
2.40726
8.45107
-2.61595
8.74821
9.70094
5.70604
-9.07336
-7.70281
-1.7298
-2.09031
3.39962
-5.15216
2.67869
-8.64047
6.48666
-5.95004
1.38009
4.98324
-3.96863
4.87278
2.15735
3.986
-8.62298
3.96329
5.14164
-9.85358
-2.02437
-5.88917
-3.11425
5.65816
-5.20469
-5.18794
-7.64705
5.90784
8.37903
2.09752
-4.25943
-6.07957
9.3994
5.47492
-0.449405
-6.81159
-0.947731
-4.87136
6.0408
-3.00634
-4.78566
0.516577
-7.06819
5.05273
-3.76278
2.76751
2.66147
-1.05835
6.6599
-5.98346
6.47391
-5.34524
-6.40007
-4.97848
-5.94599
-5.19439
-1.49836
-3.06717
7.34686
1.86912
-7.06942
-8.21714
9.84387
8.44293
-8.11623
9.93309
-4.03872
-3.1844
2.95879
8.6436
-0.766416
-1.14658
-0.506601
-0.492882
3.47211
2.54755
-5.16031
7.50127
-1.95093
8.50246
-3.26052
-8.61532
1.05393
0.80884
9.20942
3.79225
3.61643
9.68692
-0.47163
-4.45853
-1.04119
-8.25546
-9.71438
-6.09657
0.803457
0.791155
1.99645
0.84007
2.93058
-1.74845
1.64773
-5.44404
2.44079
4.48578
4.40265
-5.16078
-4.99883
5.00507
-0.230564
-7.90705
8.03833
-4.68038
-4.79296
-6.14315
-3.23296
1.23499
-2.75912
-7.9071
8.81287
2.50164
-6.89829
5.91762
5.03663
-2.64166
-0.0987209
-1.99947
-7.9637
-6.79334
-2.76723
2.39588
-9.65331
0.113068
-2.81412
6.5248
-6.6218
5.79618
-8.4955
0.48211
9.90417
5.21791
-6.49053
0.270712
-2.25631
-1.99112
3.85108
-4.93537
6.07371
3.73324
0.906154
1.09926
-5.24729
0.130265
-7.77171
-8.10971
-5.80341
7.7356
9.86441
-2.02646
7.12594
1.06531
3.71851
-3.86019
6.2788
4.15967
-6.8635
-7.04
-4.56492
-8.99665
-9.31041
0.402205
6.96368
1.51071
7.62259
7.89209
2.04696
-6.36383
-1.25221
-7.08521
-2.99629
-2.56029
-2.26729
-0.662487
6.98342
2.61372
-1.54858
-7.5147
-4.3861
8.93102
8.46823
1.03069
-1.25829
-2.06383
-7.72343
-1.23119
9.45741
8.56799
-6.78542
5.67232
-8.38237
3.26418
0.855496
5.49525
-4.52229
-7.2509
-2.20694
6.15143
-5.26343
-5.0619
-4.36402
-2.57294
-4.96107
2.28523
9.64926
-8.76648
5.67642
7.95167
9.34537
2.50139
6.60305
-0.973176
-7.16068
-1.27988
-3.29166
-4.43445
-6.74514
5.89519
8.09577
5.98317
-7.75734
-2.99524
-2.72353
3.08046
6.63655
-0.0726041
-8.25865
-2.47736
4.19111
-0.278672
7.29054
8.13576
2.59469
6.918
1.52035
-5.8083
7.14693
-8.79477
-9.69279
6.78244
-2.14889
-2.1321
-3.99731
6.92161
2.60325
-5.30297
-4.45086
2.36108
-0.901464
8.54057
-7.29085
-7.81546
5.06113
5.13497
6.52302
-2.65421
1.63875
-3.95142
3.35266
3.34545
-8.93935
-8.88111
6.72788
6.59833
1.53177
5.71972
3.7008
0.356598
6.43863
8.68412
6.67511
7.89269
6.90437
-5.30713
7.38551
1.92361
3.09916
-4.72235
-1.88489
2.15003
-4.14785
1.25204
-8.81116
1.90105
2.56057
-8.96643
-5.60136
-8.00147
-0.368241
-3.50741
8.04658
8.89439
-9.82466
-9.60027
-6.04875
-8.01815
6.49401
-6.64567
-6.40776
0.858938
7.59414
0.483887
-8.49861
-0.506609
5.3868
5.91139
2.3596
9.36937
8.73848
8.50374
8.01402
6.71499
0.527952
-4.01131
-3.12587
-3.07143
8.58696
-2.54616
7.55004
7.35187
0.212865
-4.84136
-3.74114
-3.87832
-6.11454
-8.95524
8.80931
-9.18831
8.3441
-8.22259
-8.66542
-5.25603
-4.63381
-6.50648
-3.3059
-3.76909
1.04095
9.37658
9.22654
-1.21789
-7.10868
4.68936
2.33768
-8.99838
1.50501
6.82789
3.67645
9.47398
7.55366
5.70708
-4.65086
-8.58317
-9.11498
6.25623
-8.31938
-7.1016
-0.0933413
7.74636
9.7953
0.538013
-2.50237
5.36
5.58353
-3.48704
9.22409
6.38924
3.29103
-5.16584
-6.64714
-6.94657
8.10368
9.92491
-8.71933
-3.6068
-0.101534
7.64705
-2.31549
-2.98111
-6.73857
-5.30428
3.8855
-1.25211
0.520077
1.37801
9.84148
-3.77089
5.08753
-5.00903
-2.76807
-6.03021
-7.48918
0.328475
-9.6084
-1.99308
-8.63096
5.56942
7.62781
3.11745
2.62434
2.25973
-2.5297
3.3901
1.39728
1.41451
-7.50196
5.91296
-7.36493
4.71271
1.50156
1.4805
4.0016
3.69186
7.47565
-0.459515
9.08783
-3.75496
4.31366
-1.94183
1.5901
9.45418
-8.42973
5.20719
0.0766909
8.97408
6.57185
-6.47291
6.83695
-7.70056
5.35589
4.0531
-4.05165
4.65967
-8.73742
3.14912
9.13732
5.65737
-8.99516
-6.89705
-0.958354
-6.0902
-7.41356
-7.93728
-9.02956
8.95665
8.80707
2.83696
-7.73429
1.37408
-0.770998
-7.91523
3.18703
9.61274
5.18512
-2.28734
-7.84838
-2.83473
9.27687
8.1215
-9.42306
-4.74699
-7.86269
-8.81427
-9.02
5.72207
6.741
0.699814
-0.497743
-9.47039
5.55735
-7.45614
-7.0926
-6.47004
-0.363428
3.07049
3.02784
-8.65927
-5.8337
-6.81781
-9.36485
0.839952
2.03408
-8.86836
6.9162
-7.26793
-5.15549
1.42163
1.60589
-5.50807
-1.59684
5.32846
-3.76982
-4.7906
3.60926
-0.754649
-0.748709
7.76771
-4.85675
-9.55091
3.35053
1.00098
-8.73646
1.20352
-5.91239
-8.46693
2.16459
-5.59723
8.75237
3.71427
2.67052
-8.72909
5.58641
9.75186
-0.387226
6.53683
2.59283
-0.311305
9.52285
3.17862
0.511832
0.529807
-9.02418
4.35072
9.29139
-1.46071
-8.41143
7.78029
2.91955
1.949
-8.59164
-1.67097
-0.0131253
7.37421
-6.87943
-1.38642
-3.44954
5.85163
6.7739
2.10626
-3.47704
-6.01527
-2.4773
4.99443
5.69217
0.891456
-9.58704
-3.24619
1.19719
7.38918
8.6823
-8.93956
-3.81848
-3.80411
-6.40216
-2.65743
1.91534
-6.38735
7.43312
-2.46144
-9.21895
9.04344
2.4542
2.72305
6.4054
-7.21369
-1.93732
-3.66168
9.95144
-0.177224
-9.92935
-5.33355
-8.56089
3.33474
6.19525
-2.92003
8.31088
-6.45374
6.94123
5.32463
6.77941
7.02158
-6.01129
6.71603
3.3071
4.41989
-5.23822
4.98265
0.377538
1.36125
7.07979
1.95323
6.29774
-0.518615
-0.221813
-0.191639
-5.94387
-9.55919
7.00688
3.15983
-4.53336
-6.02525
-4.78635
8.93355
-2.62148
7.69596
-7.90854
4.13487
7.41829
0.461757
9.15765
7.66335
-8.79024
9.25597
-1.26605
-8.14083
5.88572
5.13698
-2.59901
0.789289
8.32531
-5.39524
4.69135
2.7587
-1.36053
0.600367
1.61767
-7.51813
8.28493
-7.61884
-8.92811
5.73493
4.31692
-4.94984
-4.781
-2.81231
-6.88912
-1.96055
0.80342
-2.13089
1.5602
2.81572
-4.93707
8.77892
2.13887
-0.168059
4.20482
-8.3881
-5.71041
1.40678
3.00314
3.71508
-0.469459
-7.87689
-5.44932
-5.96996
-1.57585
9.71577
-1.33353
-1.38014
-1.99452
-2.60729
9.67427
-6.35394
-6.75488
-1.75452
1.37302
5.07153
-5.47963
7.10396
-3.65515
-9.25298
5.14021
-2.47269
-6.87248
9.21219
9.69583
8.38594
-5.84272
-3.94662
4.74443
7.59742
1.56605
9.13529
0.857641
-3.41151
-0.519601
2.19996
6.22759
-1.01246
-6.3575
3.56389
5.04599
-5.66459
-5.21181
-8.2882
-8.18825
6.83308
-2.66172
-0.652821
8.6594
1.92739
5.8342
1.10856
-7.23088
9.26122
-3.73727
2.96094
3.15594
2.41233
3.50795
-3.1966
5.4762
-5.41923
0.261985
0.249402
-1.59084
6.44364
8.25049
9.80956
3.26463
-7.04991
8.93113
-2.08971
2.6556
6.69065
-5.87127
7.4217
-6.3453
7.84705
3.04077
-6.11026
-2.6982
-3.13646
-0.8773
7.88015
8.16315
8.70998
-5.8955
-2.73043
1.85924
-6.48551
9.07369
-4.82463
2.35474
4.23593
4.38771
-2.64054
-5.7827
2.18664
-4.65088
4.75048
-7.56182
4.10526
4.09946
7.24418
-4.23574
0.473962
-3.27798
-0.913212
-2.28872
3.96531
6.06986
-1.80963
8.21259
-1.35828
8.42553
-2.02418
0.433826
-2.88719
-8.19251
4.72818
-0.0398182
-1.50449
-9.51024
-3.84273
-4.04458
5.5061
2.36738
-6.74071
-1.75907
8.11786
1.70612
-0.48323
-1.6893
3.69821
3.1188
0.924477
8.74413
-8.02991
-3.44803
4.54985
-1.12647
4.17952
0.916693
-7.96708
3.55258
-7.61608
7.45769
8.10456
-2.8363
3.02776
-8.7267
-0.0623937
3.62166
-1.97831
-2.00012
1.16241
8.45613
-2.90087
-3.82302
0.0745367
-0.205306
-5.61806
-5.65275
6.83186
-7.18483
-9.14652
-9.39365
4.25504
4.14058
6.22982
-0.509169
-8.60024
1.43082
6.098
-2.23232
-2.23264
6.91795
9.28521
2.39442
-5.54625
-3.93495
1.91767
0.0241827
-5.93209
-7.38413
2.4137
-1.18819
-0.796365
-0.788027
-9.38305
6.88747
-2.19174
-6.75495
-6.56659
-0.338048
5.25959
-6.16126
5.04113
5.98756
6.30066
7.43419
-5.82213
9.34842
4.38818
-2.16926
-7.49368
9.25303
6.64124
7.05036
-7.1818
8.23868
8.93866
-0.0887998
-2.46501
-2.53874
-3.75828
7.21637
-0.635787
0.880775
-8.86277
-0.0551632
3.0899
3.09851
3.2617
2.71375
0.818815
1.23248
8.76949
4.27536
1.0336
-6.11774
-3.53325
4.11885
8.2529
1.24492
8.94516
-4.33849
-4.97591
5.17502
-6.71641
-9.23196
4.89641
-8.29974
6.04205
-1.03618
1.4063
7.01177
4.37665
9.56587
-0.256317
-6.55934
4.74768
-7.8323
8.14593
7.46503
-1.8247
-1.1359
-1.41577
-2.58525
-7.32399
-5.50274
-7.96099
-2.40891
-0.452326
-5.17282
-5.24209
0.555928
-2.3101
8.08617
0.285646
0.267055
-5.4041
6.30562
6.28674
-2.56548
-9.1163
-8.11642
5.97114
1.4095
-3.61136
0.576874
-9.28177
-4.15118
-3.36484
2.52746
-7.54688
-0.581452
-0.594117
2.16391
-0.401118
-6.50727
-0.610825
1.86163
-2.26405
3.15664
5.51169
-1.81874
3.71585
5.84986
5.93177
-5.3032
-4.20566
-5.56916
9.75856
6.66516
-9.48668
0.88765
-5.80822
4.20853
-9.87313
-9.94235
-7.94392
6.65234
-8.08745
-4.97523
-8.3742
-0.280589
1.3159
9.73673
9.51681
-5.16798
-7.30278
-8.98049
-4.26218
4.97037
-2.30192
-2.28197
8.02763
-5.79723
-1.4031
-3.54499
9.10731
3.48823
5.68767
6.48061
-7.96195
0.715518
-3.92759
-4.93028
8.90319
4.76334
9.57982
-5.81836
6.86537
-3.36765
9.08465
-2.81629
3.32552
3.91833
0.799012
-7.0782
-3.26491
-6.66825
2.20907
-1.45532
4.59078
3.58285
-3.23042
-7.0661
-7.73007
-5.97169
1.83877
-7.73565
-9.77091
5.97617
-2.83435
7.63711
8.6611
-1.8494
-7.72876
-6.46157
-8.6624
7.49222
-6.12502
-3.6241
-2.99559
2.01165
-9.21746
-2.95238
2.45152
8.69027
1.47325
-4.54378
2.75143
-0.601755
7.3709
5.76491
-7.68065
-3.827
0.782566
8.89455
6.27699
9.05775
3.36517
-2.68355
-7.8912
4.81954
5.38955
-1.23427
-9.20714
5.28188
-9.95713
3.58864
4.08889
2.68647
7.53839
-4.45577
7.29585
-3.40774
9.66768
4.67572
-4.1191
-1.05433
3.52806
8.60258
-1.36729
9.72544
-7.28322
2.08005
0.617446
-4.53169
0.986229
-6.65777
-2.03125
3.85176
-6.16125
-0.0948128
1.88377
-6.90849
5.47508
7.21531
-8.07213
5.06633
-4.61373
-4.02396
1.63538
-0.104236
2.6138
2.8049
1.73855
-9.13273
-8.62268
4.90131
-9.44229
-9.21706
-0.968163
5.16602
-0.678261
6.24588
6.30988
8.61117
-4.62795
-7.75394
1.49375
5.33412
-6.17179
-0.123662
-4.02802
1.14237
-1.21013
5.29991
9.24746
8.26835
-7.04637
7.03614
-9.32031
-3.62228
7.89498
-4.40185
-4.88429
-4.82822
3.65371
2.93837
-9.77201
7.76234
4.35981
2.68534
8.10924
-4.21605
1.2971
8.2824
-4.46951
1.71682
-1.57892
-5.95897
9.67784
6.09579
4.84061
-0.243789
-8.79644
6.45553
7.01988
6.8313
-9.3076
8.14894
-3.55831
0.437399
-1.63179
2.85461
6.27072
-9.77227
4.96934
-3.04663
4.40594
-7.25145
-4.24875
-8.73143
9.99289
6.96363
4.47345
-5.61718
4.6046
-4.32214
3.49573
-1.32502
4.02875
3.18189
3.1899
-8.73452
-5.70332
-8.37699
3.6177
9.00023
-5.79069
9.57987
9.82589
5.35365
5.36719
-3.96341
-3.98824
5.88416
-7.93361
6.93311
-3.64194
1.64125
9.37389
-3.88301
-6.0747
-1.22655
5.13679
-4.91915
-4.75972
6.28464
9.03296
-6.20686
0.692332
2.03333
2.1017
-2.09182
-1.68816
1.18364
2.29349
0.24999
-1.55041
4.40258
-9.76004
4.51238
-6.30531
-2.37975
1.436
7.14548
8.97881
3.57676
0.657726
5.65362
-7.04202
0.107361
7.47325
-8.99756
4.35009
-0.983066
4.20246
3.50276
4.22087
4.21491
-1.74801
5.2935
-4.48741
-1.55369
-8.16771
-6.17705
-6.2643
-2.03667
-3.00827
-1.50691
-6.52484
-6.90912
1.6018
-0.606166
3.81262
-1.51838
1.03763
-1.6398
-1.69895
4.26276
0.108892
-5.97247
5.68063
-0.253078
-1.11401
-2.24692
5.09632
4.01722
8.59558
-8.69097
3.85588
2.86277
7.79767
7.38401
1.82253
-1.36378
-7.12415
4.67262
1.23763
-9.97217
1.85139
-7.47099
5.64426
5.11362
-8.16113
3.00992
9.2162
-2.43723
2.51055
3.19149
6.21637
-2.0885
-4.41158
7.71775
2.12133
-8.80052
8.7705
-6.51977
-4.98817
-2.87872
-0.983399
-0.50991
-2.48602
-0.347687
8.95533
9.875
-2.46259
-0.390869
5.53713
-0.128558
9.90535
5.49123
6.49542
5.85314
-9.44001
-3.2885
5.2015
6.03824
-5.18043
5.92351
-2.01857
5.03864
-8.93689
7.70159
-3.92043
-5.26173
-6.67249
-9.27782
-1.72071
-2.96521
9.06807
3.88221
0.600966
-6.11097
2.6389
3.79443
8.41693
-0.490875
5.02734
0.701799
9.96222
-8.81038
-6.90264
-4.05499
-4.96413
-1.4562
-0.499606
9.4978
5.78553
-1.60478
-3.04434
6.77301
-0.29415
-3.94006
7.48728
2.87728
1.5008
3.36747
1.54042
-8.78661
-4.4236
-8.13667
-2.56936
-2.87931
7.70796
4.31111
8.03503
2.87428
-3.29855
-2.32443
1.58739
9.14306
6.23555
1.88292
-2.93615
6.84161
7.74395
1.56946
-3.01974
0.345843
1.71093
-7.7198
-1.18378
-3.72512
-2.7164
9.25083
8.26573
-0.844224
-2.74916
8.22296
-7.46523
-8.83008
7.88489
9.2348
-3.2253
6.82122
-6.68966
3.84641
4.00445
8.62157
-4.59079
-2.52018
2.05946
7.58919
7.5097
-3.31208
9.18662
-5.69844
0.346583
0.245378
0.286746
-6.24255
-6.26337
-0.0262478
2.65039
-4.55632
-5.43454
-7.17275
9.58063
-5.58021
-3.33421
9.16299
-5.04809
0.957881
-0.622081
4.5803
-7.98876
0.288602
-2.82379
-6.54831
-4.2324
-6.47414
-4.42161
-0.8013
5.41163
-6.59237
9.99255
-8.0703
8.29138
0.839914
2.46857
5.70661
7.87209
-9.89448
4.99523
-7.26521
7.90461
-8.4107
-0.604405
2.11886
0.868833
0.872226
-5.9525
6.4742
9.57531
5.19276
4.84116
8.66695
-9.89452
-1.04877
4.17832
3.27094
-1.23002
-2.29898
-6.32544
-3.43382
6.48777
6.52667
-0.233827
-8.71877
1.41623
7.84448
6.58268
-5.75441
-1.56803
9.30101
4.05817
-4.5183
-9.60052
2.47878
-4.33162
-6.19956
-3.22153
2.24127
8.55006
-2.2044
2.65831
-9.14711
-4.99868
8.62898
-6.66349
-7.28538
9.33294
-8.7458
-2.22037
3.82534
-9.7576
-4.27248
-9.81291
5.41595
2.13451
1.13532
-0.0532739
-0.0731899
7.56587
5.83922
-2.04556
-7.7855
-2.67944
0.929429
9.83935
-4.9482
-7.22565
-0.000281955
-1.99698
7.02958
-4.9339
-0.719221
-8.31383
-1.86535
6.4069
-7.64463
5.41256
-9.45663
8.7507
-9.31116
0.0044655
-2.90799
-3.33219
6.99813
1.5081
8.04772
6.33041
1.84072
6.24312
-9.81558
-5.40024
2.74058
8.49304
3.6617
4.8028
-7.29728
-5.08855
-2.90565
6.64314
8.03462
-2.0939
-3.02747
5.01316
8.86748
-6.87202
5.22578
5.45427
7.91695
8.4876
1.76877
3.73941
-6.03554
-6.32262
-0.220056
-1.05667
-0.651108
4.33383
-2.91001
-9.51318
5.32121
1.95623
6.08203
5.44307
0.340452
0.205475
-3.70299
5.32399
-1.12585
-1.02581
0.0987753
-5.58606
2.17198
3.9839
-6.94509
6.4763
-6.60731
-8.84677
-3.5567
-5.45682
4.6793
-2.79684
6.16807
5.31903
-1.18652
-2.13125
-6.9763
5.24423
8.72392
-2.95798
-5.09607
4.70666
-7.44563
-4.18257
-9.95932
-1.00293
-0.28357
2.63458
-9.07665
-8.04999
-0.22988
1.03301
-5.18799
-5.4254
4.53246
-9.87418
-3.61701
-4.98583
6.55469
0.988977
-9.59906
-8.85375
-9.62035
6.19143
2.50398
4.24424
1.01264
9.83024
-2.52556
-8.61611
-5.19082
-5.85729
4.68894
5.51012
-8.87729
-3.76954
-2.56763
-2.56159
-1.72492
3.57192
-0.650279
-7.40587
1.68208
-7.09303
6.1178
-3.54845
5.20477
0.687374
0.516201
2.24865
-0.700958
6.70817
-0.194441
3.26267
9.33584
2.16757
-1.77897
6.0744
-2.87117
4.62588
0.97618
6.96869
9.66833
8.29265
-4.24827
-7.49422
-9.46728
-2.04176
2.93913
-0.023786
4.75267
3.74723
3.7337
-4.53943
2.62319
8.56432
1.87047
1.91715
-2.18182
-3.83013
5.3618
-6.0304
-9.37666
-1.44561
-8.76533
3.13834
2.50846
9.32356
4.21585
-5.3837
-4.4702
-7.70807
6.25176
2.20188
-9.95908
-9.37858
7.23548
-0.154116
-3.15923
-1.24419
6.72016
-9.78868
-3.34174
-7.89108
5.57094
-2.44603
-4.63521
-7.58283
2.77536
3.95081
3.92787
-5.70158
4.64138
7.91468
-4.06152
8.63654
5.17868
-5.8137
-2.69534
-6.43592
2.84758
-6.76668
4.1179
8.83951
-4.87304
6.7011
8.30375
1.57978
3.32232
7.93928
-9.73994
6.10127
6.29924
0.438034
1.62723
5.62116
-7.79473
-9.01883
-1.34959
-1.3758
-0.172036
-0.288374
-9.27358
-8.77492
0.693604
-4.00014
9.59238
4.32343
-3.93109
2.92928
-2.85925
-5.4722
-0.215937
-7.89743
-9.61189
-6.42946
8.08193
-2.50359
5.44606
6.22592
-9.95037
-6.12532
6.83444
-2.96471
-6.11154
-6.76178
0.650836
-1.63854
-2.60598
9.37989
-3.64148
-4.10227
5.49605
-4.13154
-4.44407
-5.08699
8.52037
-7.28022
-7.24514
3.51048
4.18637
5.35806
9.58159
-2.91398
9.13493
7.50936
2.51225
5.64268
-1.30501
3.08102
-9.59395
-9.6321
2.54975
7.27719
4.24246
4.29775
7.22233
-8.99439
0.245506
0.932496
-4.52989
-3.40205
8.87975
-4.04475
3.73667
8.16077
-1.08078
-0.866851
8.21404
2.61597
8.39057
-4.11373
8.3508
-4.35381
-1.73228
-1.61971
-3.77128
-9.0035
6.65123
-8.62476
2.34675
-3.92878
-5.71668
-0.853133
-1.35379
-1.15223
-8.35251
6.95666
6.7728
-7.18674
1.18337
1.55588
6.30037
-5.32457
0.584216
2.85001
0.0106448
-7.21365
4.79712
2.22349
-8.72392
-0.126472
-5.46066
-9.36018
-4.89865
-4.97348
4.07215
7.7231
-2.85114
-2.88447
9.94701
-1.42686
-1.43894
-6.23583
6.14087
-3.94199
8.29374
1.06659
7.74334
-6.75468
-7.7672
-6.95676
-5.51695
-1.87805
7.66645
7.90505
-9.30468
-5.40414
-4.7628
5.03907
5.1408
-6.04861
7.81669
-0.401829
-4.4418
9.245
8.25114
-7.59782
8.94114
-3.47956
4.69596
-0.665624
-2.39621
-2.37309
4.71007
6.07372
6.71149
7.22647
-6.53028
-4.83066
8.76281
-6.51858
-5.68
0.339593
9.40157
-7.82109
1.54977
8.85886
-7.38464
9.96785
-4.64297
3.87601
-6.72858
7.5723
-0.122138
3.96433
-4.96352
-6.53854
-6.48783
3.74199
-9.84456
1.20398
0.739139
9.69743
-1.77256
-6.85415
9.1069
-7.82944
-0.114467
-8.31452
5.29663
6.7195
-7.4619
8.39011
8.29666
-6.8431
-4.38502
-4.00038
0.4681
-8.10534
3.70255
1.71213
-2.4533
-4.21195
-9.3897
7.69207
-7.95699
-3.58283
10.033
3.4898
-2.84547
6.02958
-6.00931
1.34785
2.88593
-4.31529
-2.73987
8.77834
0.891497
-1.40615
-1.37541
-3.95294
-1.96067
-6.00169
6.32042
7.61589
-9.51995
-7.48939
-3.7328
3.50135
9.52858
0.000754266
0.00648853
0.0219938
9.04609
-1.22779
-1.24691
-9.32145
8.71688
-0.844479
-4.68728
9.25841
5.58256
9.07095
9.65008
8.94681
6.57885
8.17948
-6.25917
6.36371
-2.35123
-9.27799
-1.59193
-1.80291
5.89938
3.41735
-4.10833
9.7236
-3.49149
5.13285
3.92814
8.34874
8.64944
3.10976
-3.15668
9.00944
-9.10648
9.87789
-8.48443
0.18566
1.20279
4.76413
8.38724
0.686973
-1.93555
7.04702
-4.45955
0.189778
-0.246201
1.72433
-2.23431
4.14121
9.45682
-1.00643
0.171548
-0.950055
-9.86016
-4.21357
-1.17216
9.24123
5.03837
7.51795
-9.35442
-1.05633
-3.75671
2.62639
-7.69935
3.57866
-8.21411
-0.263305
6.83534
3.56529
9.81199
1.87239
9.57133
-6.62834
-8.45278
6.87336
-8.5143
4.59081
3.13173
6.75551
-8.2284
8.91536
4.28899
-1.50366
5.7498
2.64532
1.11389
-1.01128
-6.08033
6.87937
9.94817
-9.73572
-6.47487
-7.02145
-5.25381
7.32111
5.24966
6.788
-2.59582
6.90516
-7.02046
-0.234238
-9.83633
4.68783
-1.51616
-5.46284
8.80255
-4.46616
4.30065
-2.06541
-7.01112
-2.39056
-1.13247
-8.03606
-0.293346
-8.85994
9.01044
4.95619
5.21836
-5.38002
6.12124
-0.357046
-0.346291
6.86925
7.14185
9.36819
-8.59441
-2.51848
9.21192
2.6391
1.12829
-6.89069
-5.80191
-3.94742
-1.82516
8.21071
-0.90826
-1.1561
-3.60372
0.801448
-2.15711
-8.76408
-8.64968
6.7202
-4.29417
8.96787
3.96274
0.142365
6.29532
9.20303
5.81631
-6.96915
-2.28338
9.09868
-8.08326
0.495299
-9.40222
2.47798
-8.30925
4.97924
0.722581
-1.63698
8.91105
6.81327
2.69893
6.13833
0.542251
-1.00999
2.7347
-9.7747
3.56324
-3.14071
-5.60855
0.258079
-8.68164
-1.28339
-0.303072
-4.68368
9.632
5.86716
0.270273
6.97447
1.52988
-8.6127
-4.32936
1.29384
4.00436
-5.32082
4.28064
6.44459
-0.974066
2.36265
2.36692
1.70617
1.72396
9.24771
4.15213
-5.46016
-1.69122
8.68003
9.91478
5.49499
7.82162
-3.56432
-6.83507
-1.80239
6.32169
8.79281
-4.30767
-2.72277
9.11168
-9.08881
0.971392
9.57166
-6.14608
8.73525
-0.92544
7.89441
-4.71914
1.51746
-1.11194
3.03666
-2.04496
3.09478
-4.85004
-3.91407
7.71713
-3.91836
-4.11415
-4.12143
0.0451013
-5.48505
2.6177
-8.52268
0.83211
8.00559
7.54116
0.946036
-0.273773
0.735314
-4.1263
6.08972
-3.16774
3.12806
6.86021
0.529716
-5.8678
-8.78031
-4.71915
9.27979
5.25957
3.75666
-1.06659
-2.90763
-7.27824
3.26795
-3.17048
1.10908
0.00160378
5.82637
3.18852
-6.77485
4.86627
5.34261
-2.06381
-5.21814
5.31915
-5.23899
-6.93888
-3.21038
7.4047
-7.46755
-4.60298
2.12936
4.87079
-6.29115
9.79425
9.60082
4.8733
8.54019
6.13314
-9.73391
0.837311
-0.6778
6.84878
-1.75405
0.463723
4.88176
-0.852144
-1.65984
3.2195
6.13739
-3.77892
-5.06992
3.71427
4.70789
-9.12269
-7.63851
-3.0987
-3.09806
9.75635
9.39062
0.914542
-2.68764
3.25495
-6.4233
-6.09712
7.8096
-6.33991
4.56413
-8.77757
0.678348
-2.52299
-5.20554
0.776652
4.07161
4.25976
-6.11779
-9.58611
-4.80283
7.17075
-2.32641
6.45894
6.05968
4.5168
8.64592
9.68758
-8.14556
2.9028
-5.95461
5.87541
1.73211
-9.81719
5.87225
6.398
7.33802
9.98847
3.20481
-1.31266
-8.72376
2.88157
1.54019
-4.04979
-6.39582
0.817102
-0.585785
1.40458
-6.57045
-0.737816
9.87237
5.79941
0.64221
7.62094
8.26045
7.80645
6.41818
4.52876
-8.83399
-1.27446
-7.3821
2.30535
5.84881
-1.12245
-0.958342
3.34117
-2.68491
-2.11086
-8.25958
1.2679
-8.5719
-7.10946
1.49506
-5.47034
5.64733
-1.99834
8.6301
-3.47189
-9.83973
3.04265
6.54914
-2.29441
0.850764
8.90389
-7.44639
1.53764
-4.48018
3.02046
-9.03308
-9.45398
-4.44869
2.2698
-3.55141
2.14243
-7.21926
5.5862
-8.23014
-3.04355
-3.03895
6.5679
1.32879
-3.3867
-3.37791
7.53838
-9.43254
-0.0455985
-9.49866
0.0272221
0.673835
-5.11146
7.74307
2.0412
2.0583
-6.29529
-8.87833
2.90291
5.68721
-0.0311256
-0.0396205
0.772596
-0.650595
7.40773
-1.40362
-6.98827
-0.423554
-8.5802
5.25168
-7.42032
4.89454
1.38567
-6.15271
-7.99076
6.61154
0.951431
8.18056
5.82426
9.01482
0.34855
-5.28031
-3.92908
7.42529
5.29866
-2.59839
-0.685776
-8.44187
-6.10584
-1.12934
3.23847
-8.75896
-3.50814
7.26884
-7.44464
-5.44668
1.54378
5.20411
-4.84418
-5.09422
-8.42295
0.225177
-7.39219
-0.552599
-9.46001
4.66248
0.98134
-1.15404
1.19414
3.54465
8.52451
3.19796
3.20413
-5.87031
-6.85461
-0.988222
-1.40664
5.26978
-4.52131
6.66944
-0.0439436
-7.0914
4.73349
-0.958445
-1.96196
-3.31372
0.430857
3.47892
-7.39822
-3.96683
-2.75248
0.865321
-3.87674
9.82166
0.35201
2.67203
4.16121
8.40327
-2.76269
-4.08892
0.509661
-5.99965
-8.52924
3.25185
-9.10034
-6.21596
8.61667
-1.12775
-3.9956
8.7371
9.42004
-6.37208
2.31094
1.68353
6.36998
-5.63612
-5.07973
3.30972
-0.692074
-8.59767
-9.93636
-0.903347
0.659624
-1.93716
-8.60464
7.59241
-0.815179
5.66097
2.73082
3.97694
7.56802
2.66125
-2.09629
-3.04671
-9.47653
-3.47692
0.0865378
-5.67709
-4.33276
5.8069
-0.0123823
-7.16429
5.08462
0.936921
-2.29386
3.74617
-5.08593
4.69306
-0.098423
-8.02045
0.946456
6.59327
9.90833
-7.31097
4.93681
4.94007
3.73781
8.92048
-9.33009
-0.315482
-6.35329
0.0931208
-4.28114
4.86658
-6.66275
-4.4378
-6.10932
7.87742
-2.19799
9.15077
-8.46637
-8.12204
2.74666
7.138
-4.71322
3.9786
-5.09001
-8.10215
-1.89885
3.3449
-3.17216
-5.25823
-5.0211
-2.51167
6.42856
-5.27822
5.59789
-5.69773
-3.78134
-4.15273
0.973359
-0.458873
-5.12649
-4.12389
-7.9189
6.80261
-5.80513
-8.52309
6.07214
-9.98715
-7.31501
0.191927
-1.61244
-0.692833
-2.38067
-4.07629
7.23356
-7.87328
-2.31976
8.29498
1.2559
1.32488
-0.710205
2.11457
-0.458128
7.84664
3.18215
6.40668
1.74048
-1.29296
-2.83535
-5.81958
-1.83498
8.00974
2.07597
8.00597
-6.54558
-0.526827
-9.11476
5.16256
-0.541364
6.65123
0.120449
4.30415
-4.29355
6.06167
7.28065
5.1907
5.83401
-0.864059
-0.0377897
-9.03036
-7.65387
3.28784
1.11613
-5.3645
6.16668
-5.28313
-0.287079
-4.88556
-9.30548
5.83841
-5.09283
3.38519
3.84863
1.16365
-5.53432
-9.76633
-8.59778
8.67338
7.35464
-4.82236
1.61338
-2.81347
7.24185
1.46976
2.21021
7.8858
9.66473
7.50151
8.72714
9.88353
7.34259
-1.79073
1.85839
-4.29024
-8.5351
6.34956
-6.79558
-7.86396
2.394
1.23856
5.51654
-6.72758
-2.08254
-8.04195
1.74919
-2.24186
-6.50129
-1.36039
-9.02892
7.40844
0.304121
4.84146
7.16084
-3.67833
3.70289
-6.43481
-2.72434
-0.770709
-5.97914
1.78721
-7.46542
-6.52209
7.53634
-2.86592
-7.19497
1.70883
1.74326
1.72584
7.99451
7.66087
9.97982
5.95118
8.78895
3.15372
-9.08759
-6.49774
-3.05148
1.94028
4.5519
4.27932
8.96164
0.880412
-2.14568
-2.12676
8.79633
9.20732
7.14521
-0.474239
-1.2593
1.37328
5.11149
0.427665
0.412909
9.83745
-3.96254
4.62323
1.93008
-2.88368
-3.97436
3.08483
7.14909
0.754652
-1.849
-8.99764
-5.48509
7.53466
-9.8555
-5.57075
1.85209
2.86769
2.70245
-6.21058
-7.26555
-7.50992
0.279442
0.260956
-7.36469
0.0613363
-4.65138
-4.33755
-5.04627
-3.7012
4.75905
4.71583
8.91886
8.98037
-5.53056
-1.20167
-4.4644
-5.44184
8.37272
7.56772
6.96148
3.232
7.30017
2.96991
-3.32478
-7.50097
-4.59316
0.747533
1.63929
3.03563
4.70136
-1.33764
5.56603
-0.33694
-4.64147
-7.47009
6.64087
-9.66218
5.9582
-4.45877
-2.49296
-4.78711
0.715208
-2.42074
-6.71712
6.46201
7.11879
4.34164
-0.816832
1.341
8.66732
-1.03576
-5.31708
-9.8499
8.41495
6.8883
8.39536
-0.736048
-0.749785
6.96035
8.89555
1.25235
2.5436
9.52304
-2.66575
-3.45772
-4.59713
3.50263
1.86061
-8.70098
-0.125598
6.10074
-8.58542
-2.21823
2.00826
-4.23618
-7.44748
7.47968
-7.29695
-7.14527
1.03707
5.02656
8.53181
0.019158
-8.9134
6.04295
-4.8687
-8.63071
0.0755685
6.21812
-7.36213
-1.73117
2.29267
9.87452
-5.15287
-5.30246
9.62334
7.67172
-6.91669
9.94609
-7.09601
7.57043
-4.32942
-4.35518
1.78169
-3.73918
-3.29237
-7.62951
6.14577
-8.7573
9.30973
-9.96606
-4.94328
-9.71674
-5.47392
-9.96415
-3.1184
1.15627
1.09578
-7.72517
-2.52293
5.81703
-7.06176
-7.82702
-4.20112
3.11243
0.0656626
4.55521
9.92385
8.15439
4.09261
-3.37953
-7.52098
9.94934
0.110951
-1.07225
-7.60148
-8.14393
3.45249
9.88133
8.40224
-2.15211
5.24531
-9.57567
7.99889
-1.62083
-2.48342
-4.51179
-4.79278
2.2002
9.48628
0.981264
-3.31692
-8.75908
1.87963
-4.97708
0.576173
1.39295
-1.31028
9.60309
-8.76557
-9.29412
6.07654
0.68793
-3.84728
0.28596
-2.02487
-9.18704
-2.57441
-4.52132
7.05477
0.856457
-1.08385
5.25822
0.610609
2.96348
-1.84879
1.05441
-4.67915
6.20653
1.33698
-6.3983
-8.65978
9.97891
-3.85364
8.88874
5.78468
-3.03837
-3.03079
2.8381
-8.04885
9.00587
-2.81511
1.70767
7.75032
6.42833
5.83424
-1.44526
-0.0691165
-2.82535
-5.34907
-8.50785
-4.02105
-7.58226
-9.52394
9.45223
4.98856
1.74622
2.98579
-9.82237
-8.03216
9.49071
0.062824
0.661353
-1.50823
6.49592
-7.24005
-6.82255
-2.34376
-2.37928
-3.06053
-1.72947
3.59819
-5.82188
6.39317
-9.70383
3.43603
6.47029
-1.03216
7.71281
2.14047
-3.79941
-4.85588
3.20252
5.81625
0.667072
-3.94637
9.75481
4.03627
-9.07055
-1.55216
-1.5415
7.8121
5.06566
-0.0598532
-0.0569147
-1.60724
-4.02519
9.28205
0.457138
-5.07351
1.47624
7.98976
2.11459
7.79122
-3.04587
-6.74565
-2.08666
-5.67451
4.7952
-7.61738
8.22683
8.40097
5.7634
8.81455
6.61599
-2.06989
8.42703
4.27671
8.04679
-4.14213
9.57704
2.44096
7.81114
-3.55978
-7.69675
2.24967
5.34456
3.08685
-0.255883
-6.61129
-2.1306
-1.57296
-6.57012
4.15093
4.25788
3.22511
1.39206
9.77068
9.37201
3.95389
-8.94295
-4.86136
6.04372
3.3753
3.39113
-4.63353
-2.25599
8.73149
0.487826
-0.15345
5.09615
-1.94596
-5.40205
-6.24569
5.82442
-2.97129
-4.80761
0.770352
7.25033
-6.21368
0.215095
-5.5123
0.893801
1.84213
1.15736
-0.23308
5.11032
-5.11736
7.05614
-2.69991
-9.82063
-0.283034
-5.06553
-6.17522
9.01258
8.60229
8.9357
1.89194
9.22225
-6.58677
9.32619
-0.474649
-4.68778
8.52539
-8.50259
0.946236
0.0529918
2.70268
7.24301
1.4692
8.17297
-3.86304
8.58301
7.12325
9.8771
-3.78267
3.53829
8.44336
8.9293
-1.25997
2.09439
2.23357
1.95395
-2.37914
8.40196
0.651597
-6.59513
-4.93406
-2.58189
-3.41959
8.21051
6.50369
4.49402
5.68577
-9.82048
2.93741
-6.13317
-7.14955
3.16805
-4.27693
-6.66681
3.96735
-4.51204
8.53032
5.89226
-4.63572
-8.3142
4.43434
5.41956
-8.85996
-3.21791
8.42618
-5.4273
-3.31067
-5.30477
2.79717
-4.02453
0.333917
6.03458
-8.36068
0.666143
-7.14993
3.84103
0.527958
3.95653
-2.88884
-3.51735
0.0622523
7.18534
-1.12031
-7.83128
-1.17341
4.0734
0.662096
5.42354
-8.96871
-8.65663
4.99693
-0.722184
-8.26968
3.3202
-8.1395
-1.06643
4.51223
-8.5015
2.73032
-8.98517
-6.74549
2.04949
-5.45701
-5.42987
0.302853
-8.7108
-7.05772
-2.1824
-4.06592
-8.46588
-5.71633
-1.51727
-5.3306
-7.7782
1.47388
0.192434
2.56856
3.9067
0.0635584
-7.98331
3.13881
3.17967
2.86079
2.99974
2.81673
-8.15432
2.41392
-4.56647
-6.06702
-6.77638
-9.94612
-5.37581
9.56043
8.82469
-6.50134
-5.94725
-3.10593
5.16202
-6.57918
-5.67194
6.18191
7.21937
3.75276
2.83263
-8.51437
0.147224
-6.14331
-6.68108
-9.9636
-5.19804
-0.147177
-4.45537
6.82367
6.14297
7.19524
-0.916017
7.38395
4.69976
7.52866
-8.34005
-1.07093
-7.51806
-7.90536
-3.40274
8.80947
-3.77622
0.275247
4.97295
4.44131
-9.56983
1.69112
-0.176424
6.12777
9.27672
-0.265453
-7.60043
-0.40252
-6.2577
4.0059
-9.22665
1.564
2.8002
-7.04248
1.80567
8.84262
8.43002
-5.98514
-2.89903
-6.13337
4.15749
5.53426
7.46253
-4.63494
-5.74698
-9.08706
6.30707
-8.52268
-9.9788
-7.31589
-9.12585
-9.7721
3.87039
-2.87203
-5.323
0.333365
6.66713
-5.87278
-7.19766
7.71716
-0.636355
-4.00205
4.67304
-0.202454
0.758945
-8.09632
1.84587
0.297606
-4.85137
8.61755
0.198663
-2.14362
7.06983
2.83313
-2.3558
-2.73647
-0.68456
3.33161
2.16493
5.30555
-2.1852
2.48387
2.48817
8.19898
-3.44684
-9.27569
8.56165
5.63637
-7.78842
4.16322
9.25646
8.72125
0.136666
-7.56909
-5.17816
9.90787
7.54312
9.1655
3.47799
7.60397
-8.34212
-8.49839
-1.36287
8.98102
-5.95209
8.62161
2.0988
-0.772029
-9.83219
-0.888157
-6.07295
-0.160192
-0.194958
5.34245
9.81846
-1.16129
6.02857
0.00686496
0.334064
0.335041
8.81129
-7.74985
2.96167
-8.27821
5.99633
-8.55428
2.97186
-1.18004
-0.435175
-8.6125
8.3001
0.574086
3.5051
-6.99896
3.87928
-2.32717
8.08046
1.71455
-5.86614
-6.74472
-7.90968
-4.11525
9.77664
6.88465
0.47101
0.466615
-0.255257
-0.227711
9.70223
0.83135
3.93128
0.807099
4.44259
1.52025
-9.8745
-1.53896
8.09536
-0.0536229
5.70514
2.86171
7.45118
0.196169
-7.5364
-5.24817
-7.42712
-6.41806
4.20446
5.53029
-8.91058
-5.1265
0.29466
3.86979
-2.9154
2.49476
7.0894
2.84117
2.12869
6.91292
2.61334
2.60729
-1.12524
0.706418
5.36698
1.43548
9.48833
0.857922
0.579876
-6.6976
-0.529057
1.81927
-4.36364
9.06496
-4.74195
1.74707
-7.12228
-8.3679
3.50518
-5.50531
-3.85059
-9.19553
4.67616
-5.24835
-9.1221
-3.75407
-5.12081
-4.3985
2.25903
7.38705
3.45701
-2.71908
6.19537
9.07966
9.34012
2.19032
3.7903
7.63134
-9.15356
-4.54512
-4.82153
-1.84364
1.54208
8.02719
-1.40435
4.49835
0.897481
9.00184
-0.144636
-5.03405
-1.99628
-2.21508
3.30217
7.02926
-9.66407
2.33844
0.745006
-4.35748
-9.87547
2.0468
6.9145
8.48845
-8.88167
-5.96547
-2.90738
-1.58781
3.47154
-8.2452
-3.98472
-8.09206
6.35436
-5.13855
-2.90783
-5.89735
9.98477
0.242919
-5.20706
5.3632
8.29471
1.79211
-8.22088
-7.69106
9.50132
-9.93197
-4.95515
7.41121
7.00887
-6.34745
0.693342
3.74484
4.35996
8.38127
-9.02122
-1.6446
-3.06682
3.14874
-3.63639
0.00614576
-2.94447
9.26082
-0.753559
-6.94988
0.21718
-0.720173
-1.13282
-5.8572
-2.00692
-5.81536
1.01958
-3.10622
6.08795
7.80786
6.90915
5.07674
3.19291
-0.583197
-2.97198
-6.82274
6.50013
-0.0320334
3.63175
4.83307
-3.95229
-5.82349
4.24862
-6.36672
5.9371
2.67785
1.37197
6.54712
-7.7989
1.94483
1.95175
-4.6084
-1.64669
-9.17869
-6.90707
-5.26978
-0.180131
7.96827
-8.10836
-6.2121
-3.20387
6.37608
7.3463
-8.12089
-5.1677
5.38428
-7.52482
-0.324322
4.86527
-9.61146
-8.63638
-9.34376
7.16804
0.202141
-5.01982
-8.77544
9.70279
-0.525378
-6.57309
9.50291
4.20011
3.15937
-2.97131
0.300772
2.58426
4.91638
2.28842
-4.34053
3.04081
-6.38122
-4.104
-8.55319
2.37544
-7.60063
-6.30352
1.9351
-4.33102
-3.11622
-7.16843
-9.97519
1.26639
-7.54276
5.57981
-9.28808
0.0553416
-2.73418
-5.39319
-0.942771
-6.22393
6.83058
0.461674
4.2444
-6.7168
-4.01694
9.93109
-5.63686
9.68083
3.41036
0.439123
8.30212
-1.30454
6.40776
3.22609
4.69255
-1.72529
5.69172
-0.408386
-0.400537
8.61985
-0.168732
-9.87383
1.8061
-7.95934
1.43136
-9.85639
0.325997
-4.83685
-4.53743
-5.89162
6.25934
1.01998
5.43112
-0.51638
9.78766
9.49394
-0.953294
0.286442
6.35743
6.63081
-8.066
-9.34363
-3.21804
2.90213
-7.3402
1.33465
7.25478
7.81034
-2.32962
1.93041
-5.35262
7.1982
1.34083
-5.83704
3.01929
3.00668
-7.72515
-2.91467
-7.78559
7.38348
-2.02869
-4.00857
3.70187
-3.67425
1.61413
6.06127
-3.6843
-5.08506
4.83797
9.39784
-3.27069
-4.02264
-4.96359
5.83475
6.68816
3.05802
-2.28801
5.90609
-3.78765
-7.63622
8.062
6.25611
1.87206
-1.62283
-1.62373
6.57499
7.72706
8.77301
9.2243
8.56864
-4.4998
8.77683
-9.11769
7.24453
-9.77047
2.28455
8.82365
9.45687
9.72315
-7.1765
4.44602
-9.50369
-4.07527
8.44041
0.719447
-4.60809
-0.537452
3.525
0.713308
-9.497
7.76684
-3.53511
-6.51289
-2.90712
-2.15709
-4.83219
5.07517
-9.67566
9.87045
1.01988
4.55286
-0.5498
8.3162
7.66205
-3.50417
9.818
-6.67687
-6.77904
6.06514
-3.22677
2.40061
-4.09989
-8.00178
7.16467
5.30804
2.17899
2.1861
6.90535
9.52895
2.91902
-3.69141
-8.02978
-0.837094
8.8328
1.06365
1.04184
-6.63157
8.14198
8.73267
5.81484
6.31324
-8.02429
-2.9616
6.77936
-5.37992
3.21994
8.4212
2.93907
-2.67307
-7.30343
5.41126
-2.7728
0.509323
4.52064
-0.301712
-3.92703
-0.718754
2.14974
-0.571538
4.50219
7.42313
-4.15321
4.78005
0.689136
6.96109
-3.7593
-3.8612
6.9634
1.60083
-5.9547
-1.51405
8.95421
-3.28325
-3.61135
3.7997
-0.00339259
7.73482
2.75055
3.00498
-6.49046
2.62559
-2.80444
-2.09462
-9.93257
-9.45861
-3.65806
-4.31366
-6.88842
4.2412
7.08571
0.479793
-8.73611
-9.74504
-9.30332
6.00174
4.76294
-0.769807
-2.284
4.81254
6.95632
6.90681
-9.24515
2.5014
6.55895
6.55811
1.08207
-9.87948
0.683329
4.04315
-6.05484
4.88093
1.65016
-4.831
2.32711
7.28947
4.80174
-8.08434
-3.0529
-6.11546
-0.0172553
0.99228
-8.62864
6.48423
-4.6595
6.13219
4.23999
9.83007
9.7768
-7.49427
-1.03837
-7.57424
-5.38346
3.7885
-9.4134
0.694479
-9.00022
2.06825
-5.9795
-2.24907
-1.18452
-6.32576
8.15984
9.26509
0.269571
-2.49854
-7.47204
-5.3784
8.37742
6.36563
-9.13596
-7.6566
-0.029827
-4.78186
8.20088
-9.48556
0.354612
5.64111
-7.24646
-5.39186
-3.61581
-0.256318
-8.85813
-2.17877
6.0958
-3.34341
1.62857
7.43368
-0.997147
1.11408
-4.78798
-4.4712
0.0878841
4.91056
-7.80465
-3.33688
-4.68639
0.25707
-6.45505
-8.99451
3.49122
9.71992
-7.1521
9.47818
-3.19538
-9.27234
5.49659
-9.69865
0.276747
-8.39996
8.30729
-9.80016
-0.188542
1.53597
-5.54084
2.21577
-9.34629
3.36373
-0.77323
-8.64725
-5.55036
-3.55762
9.4651
-4.09093
-5.26114
7.23371
8.31049
8.71138
9.60027
4.92866
6.72678
-7.66654
-1.6743
1.54517
8.2106
-9.48249
2.55813
0.609364
8.60525
0.679901
4.50489
-2.26774
-2.23753
6.10917
-0.919847
-3.35335
5.8604
4.75945
2.60361
5.57612
-5.5618
-2.21002
-6.24473
-5.94698
8.80687
-0.197771
-4.58234
-1.92356
-4.23436
-7.11465
2.89265
2.42801
5.34757
6.28402
-7.88509
0.0311608
7.77637
-3.92503
3.17975
7.70288
-3.676
7.9795
-9.73815
1.42401
-1.72437
-1.7096
4.55076
4.56948
-1.78242
4.28861
5.08816
-1.121
-5.97986
7.47146
-4.35108
-6.72866
4.68347
4.34419
-4.8258
-4.37047
6.95841
-2.01648
9.07974
1.1994
3.30765
-1.7963
5.36848
1.41096
7.52708
-0.847695
1.91418
0.190205
0.0417542
-0.297409
4.88844
3.45742
6.68974
7.39932
2.73392
-0.371246
5.88798
1.36356
-7.21203
6.72233
8.5024
-1.84125
7.14341
-2.05403
6.43634
8.47911
-4.74103
-3.04525
3.52855
5.54891
-1.37267
5.65346
-0.761308
-1.05496
0.00597936
-2.99914
10.0101
3.3043
-5.06167
3.89646
5.53473
-8.06163
1.113
-5.1148
-3.22458
7.03949
7.71059
4.04338
4.55892
-6.31918
0.964659
-0.214643
-2.96121
-7.63368
5.49449
7.68598
-6.16299
2.62688
6.39817
7.94149
4.25741
0.715504
5.95536
1.67981
7.06157
-6.90793
-3.94637
-1.79851
1.09012
6.8801
1.84426
5.18488
-0.377002
-3.45556
2.31896
4.97931
1.46411
2.49984
-8.63855
6.85727
7.38697
7.40461
-2.46149
7.11527
0.632811
-0.782564
-6.04133
8.53299
6.10441
9.12052
-4.1463
-6.46653
9.31061
-6.9215
6.19146
-5.7934
-9.13774
1.51418
9.8528
-5.38022
-4.94421
-3.19545
1.58018
-9.96885
-7.30672
5.31752
1.58226
6.81009
2.28935
1.98591
4.28277
3.41578
6.84735
-7.4474
2.18459
-2.86682
9.17288
-1.27228
2.27358
-3.54226
-5.45208
-2.94745
9.15162
8.36921
9.98077
7.24704
6.90206
7.35204
1.83685
-7.90834
-5.57243
9.61101
5.3054
-8.66163
0.573806
0.270103
1.04814
-8.42624
-6.85962
-2.45123
7.09725
6.26608
1.64486
9.38551
1.88431
7.46747
-0.675889
4.26202
-9.58344
-3.01955
-3.10667
-8.65668
5.85473
-6.41914
6.39852
8.85115
-3.26424
0.87622
4.39612
7.01838
-1.23296
5.24224
9.39732
5.98159
-7.19698
-1.24371
-8.90869
-7.19174
9.88627
6.94924
-8.89275
3.72188
4.09852
2.41279
0.388898
0.353102
1.37885
-6.73067
5.73056
2.35712
6.14837
4.93932
-2.86109
2.63638
-0.228971
-5.58862
4.30612
3.09009
8.61365
-2.5332
7.12667
0.742054
-5.0891
2.02627
-1.91725
1.48778
6.04807
9.6979
-1.15923
-7.04127
5.98087
-6.73465
7.33806
4.30314
-1.26476
-5.98322
-5.10146
-9.98853
-2.27569
6.74882
9.60481
-7.66263
-3.59458
2.07816
0.238672
-8.44454
6.1936
4.15094
-9.815
3.1627
7.95468
-0.37504
-6.69085
-0.884727
-5.28791
-5.08304
-5.73979
-6.76052
-2.47679
1.94558
2.59236
8.96987
-3.312
6.91212
-2.87085
6.56388
5.84034
-4.94348
-3.63487
5.8299
1.1552
1.14803
-9.64143
-4.18997
2.2208
-7.75374
-8.1801
-1.92959
5.27245
-4.9644
6.80886
6.04902
2.14121
7.64344
-9.31289
3.40175
7.87983
3.25827
-1.48743
5.02272
7.96688
-2.53891
-1.77037
1.29352
6.389
-5.3433
7.11849
-7.06268
2.31475
-9.11459
2.76009
-2.36873
-3.04321
3.38452
6.56859
-5.00526
-4.20486
6.83493
-2.6618
3.82135
-0.0940862
-1.87861
2.49409
0.047963
7.48594
-7.32444
6.14684
-8.04199
8.11895
-3.01122
-6.27623
-6.56094
-2.59606
2.17261
0.907808
-8.5119
0.568882
-0.946594
6.4045
-2.33492
9.00284
-3.27051
-4.0202
-1.39924
-7.78472
6.81612
8.04372
-0.19362
-5.46231
4.36356
2.46253
-9.36003
0.612752
6.93475
-0.352269
-5.3269
-3.15367
-6.96821
4.22654
4.21931
-8.50008
7.67535
1.02332
0.928534
-5.06288
8.05259
5.34972
9.48906
-0.40859
-0.923742
-0.927344
6.33504
-3.53151
0.779029
5.14202
-4.36501
-9.88022
-0.234717
9.12004
1.84681
-3.75509
-7.52239
2.27184
4.71391
4.71111
6.05333
5.99625
5.6063
8.29971
2.85202
1.00364
1.49596
9.95116
-5.84093
7.19022
9.74069
7.28737
-4.06377
-3.21054
0.79668
-9.32341
3.01767
1.32478
6.68942
-5.40589
4.40196
-4.2368
2.55579
-8.88126
-7.62879
8.44539
4.52647
0.740636
9.46191
4.97904
-9.52406
7.91476
-4.53061
-0.640452
9.31815
-2.14604
-2.34336
5.02747
-7.68751
-2.06882
-0.124544
-8.75329
0.585823
3.77613
1.33739
4.50491
9.01692
-3.53937
-9.19575
7.01891
3.39508
1.25688
-0.762775
6.13135
1.52543
8.06516
-7.86249
5.79193
8.00013
9.30762
-2.07362
-5.59548
7.83159
-9.2599
-8.45227
3.42763
-1.16148
-1.76889
-3.96198
-8.14332
-4.98584
-4.74798
-5.89485
2.09855
2.08381
9.89027
9.79675
-8.84747
9.98826
2.65986
2.65689
9.63247
6.26244
2.35775
-0.90242
-0.899554
7.73614
-8.98307
2.91446
9.31979
7.20609
1.31517
6.44493
-10.0066
9.12014
-0.202988
-6.17935
1.90571
-2.97999
2.02854
-1.94648
-0.00931307
-4.70601
2.46251
2.48434
3.99787
-8.72308
-2.02422
7.57482
1.31758
5.40975
-8.70134
-6.13491
-7.22379
3.33579
3.83953
7.10861
-9.26829
-7.31932
1.16856
5.02446
-6.93521
2.26971
-3.76312
7.33458
5.22745
1.69349
3.31215
8.90406
-7.70402
-2.09823
3.51482
4.7802
4.63735
-2.78273
-1.65711
-3.35818
3.8304
4.1648
-8.66169
-2.13297
-2.36929
-9.40202
-3.51657
0.0210319
-6.59203
4.95002
7.51505
4.75938
4.16459
4.67621
-9.57811
-3.20377
1.43737
-8.96215
6.96555
2.29731
7.5986
1.65483
5.44435
6.91012
7.21373
6.94551
-5.85144
8.06008
4.19069
-4.12924
-0.201531
5.70097
7.92106
6.30722
-2.57172
-2.91409
8.76507
-9.52684
-5.91919
-5.38988
9.41583
0.252359
-6.71164
9.91218
8.31037
0.528676
-3.5165
5.94431
-8.17248
4.05329
-0.50455
3.22863
-5.83553
3.56868
9.25049
-8.61141
-7.8553
9.92992
2.43916
-8.99523
9.13108
-8.49393
-4.9329
2.01357
3.12722
-2.87133
-7.57931
3.74697
-4.04896
8.14398
8.34953
6.25586
-3.31115
-1.9095
7.34042
-4.7767
-8.47395
9.23789
0.853298
-5.92444
3.97978
5.52915
5.97304
5.86625
0.978112
3.61071
2.07215
8.22566
-1.7842
-4.79933
9.73144
6.0342
-7.68206
1.90095
-9.1926
-4.04582
-3.41603
2.07612
9.41226
8.55472
-4.61531
5.14802
1.64767
6.95936
1.23491
2.39826
7.83725
7.79286
-6.40434
6.74847
4.48434
5.36992
-4.30456
6.06272
-7.14664
7.71509
9.61504
-2.92845
-1.24675
-8.16215
-4.26468
4.79127
-8.7095
9.62083
-3.71345
2.65306
-6.17489
3.8484
-8.52864
6.96871
9.18669
5.87681
4.97978
1.48206
6.84353
5.61474
0.615414
-1.23675
9.97163
-0.557143
7.44305
7.81554
-2.45467
1.46978
-0.618774
5.89166
-8.29855
9.60389
-2.84657
-9.58466
9.54791
-0.780804
0.770237
0.771475
-7.56001
1.31709
5.77655
-0.0246307
7.04468
-2.29525
-1.81716
8.85274
0.609142
-0.858373
10.0037
6.46041
-1.44439
-6.41444
-4.54631
-9.17869
-8.06887
-5.14776
-3.99231
4.76569
-9.89468
4.87632
4.88182
0.063329
5.79202
9.27276
-2.64808
7.28361
9.31547
0.546975
4.2932
-1.75003
-9.33366
3.78874
4.63125
-6.26791
-4.95443
8.04643
7.74968
9.46681
9.25613
-5.38876
9.44345
-7.35638
6.96016
7.45736
-2.5858
-3.24391
8.39661
3.6588
4.84564
-6.83132
-4.0166
-1.70661
-3.78662
-6.82335
-2.11649
-3.99057
-8.42545
-0.206388
-6.12438
-0.336565
4.49242
7.50882
7.25787
3.86983
-8.94931
-2.37464
-5.01257
-9.23312
-6.79885
-1.6988
-6.76615
9.01635
-5.42749
-9.75936
7.50037
-0.864055
6.51379
-4.28207
5.23332
0.312024
6.85593
-2.07498
5.62894
-0.187463
-6.16949
-5.67245
-2.55008
-8.5152
-8.5712
1.40442
8.28094
0.537019
-5.45622
1.29443
1.22553
2.99595
-8.32417
5.39096
-5.3928
4.27896
4.56401
3.87934
0.395775
6.56183
-7.66284
1.86248
-9.10426
2.53619
1.25755
6.21724
6.20585
-5.66468
-5.5225
5.87
5.20827
-8.12748
-8.64094
8.93912
-5.69218
4.07405
-7.48596
6.97762
-0.998689
2.04573
2.39564
7.14983
-6.43901
5.49177
0.642445
-0.823026
-1.60394
-6.39632
-4.61891
-4.4697
-3.95664
8.36966
8.4448
-3.60483
-0.538632
6.62693
3.61432
5.85437
9.6354
-1.48402
-4.09565
3.23022
-7.02237
-8.59991
7.47325
6.11541
-1.38131
-0.190302
2.67647
-6.2165
8.69206
-8.31449
-8.49354
6.23274
-2.60808
-8.27253
3.8055
6.17822
-0.144831
2.80102
-3.32373
-7.72458
-3.15252
-7.78299
-2.80731
0.520423
-1.76006
2.34602
9.82198
8.27053
-0.68944
-5.73668
-8.58853
4.48805
-6.78098
4.04934
4.64594
6.21275
1.4738
-4.74539
-8.39238
8.3884
-0.806539
-0.818976
1.82524
7.53891
-3.34888
-2.60891
5.4172
3.64055
4.09416
3.1412
9.00114
-0.171349
-3.52664
-3.90895
5.01042
1.82254
3.06388
-2.86605
-1.63972
3.83868
2.082
-3.67226
4.04448
-0.949891
4.02288
0.614954
8.12732
-7.51784
4.61941
-6.03398
9.07018
-1.22613
-0.839722
6.45736
9.5298
4.94345
0.025074
-7.06593
8.29922
3.87881
-4.16765
-0.999868
3.69105
9.23451
6.22368
-4.96841
1.81613
7.36003
-0.552979
-5.80447
4.61959
3.30027
-3.09378
4.94531
2.70478
-6.86825
5.34397
-0.661857
2.67269
2.67246
-1.97761
4.20498
-9.0545
1.88929
0.942671
4.46051
-2.90952
-2.34049
8.77072
9.91863
5.8351
-2.97621
-1.69882
-9.46134
-9.92954
3.65407
-0.466156
0.603943
4.60263
-2.03094
9.91184
7.10009
8.05226
-1.08094
0.477242
4.44411
-6.15702
-9.67102
-5.47856
7.43748
-2.62229
-7.68017
4.64266
-8.12864
6.34433
-8.1278
2.73961
5.03735
-9.95074
-2.06476
-2.82856
-6.35919
7.72885
0.148276
0.543608
0.713484
0.386587
0.388212
1.25582
7.57629
1.45198
-5.90796
6.37459
-2.01777
3.48355
-6.30102
-8.60261
5.82984
-0.0845079
-0.105814
5.66741
-8.27307
9.39503
4.12657
-9.94047
-7.03904
8.44036
-1.18024
-2.56204
0.316292
3.97586
9.53666
-6.98121
4.66496
-9.37065
7.22664
3.10377
-4.9453
4.57268
2.54579
0.771134
4.07147
9.17933
5.18362
6.37211
3.87037
-5.14784
1.26189
6.51112
-3.36843
4.98495
5.35664
-7.00093
-1.45296
-2.33481
1.7083
-2.27512
-9.41488
4.98194
5.78077
2.92573
-3.70915
5.03101
-1.49377
6.69914
5.99678
9.1115
-4.50401
-3.14293
-6.91404
-6.3372
-4.82316
-1.17871
-9.1334
6.38595
5.31726
-4.26376
6.70582
-9.54498
3.03322
-7.9101
3.51494
3.49607
3.21184
1.58719
1.59518
-1.81
-9.28376
-5.80163
5.38841
4.93857
-1.03115
4.40365
-0.0603404
6.23329
-6.7247
-5.24281
-0.497267
4.30943
2.56466
2.54832
5.68547
-7.99794
0.623604
0.634774
5.35076
-3.75322
2.54051
-7.27621
-3.57833
3.18535
3.01416
5.49333
1.01118
8.66308
-4.7367
-1.27274
2.11202
-0.53436
-3.31966
-1.33924
3.9946
-5.24719
2.91714
-5.14964
-2.81727
7.2133
7.09362
3.47104
-2.53324
0.931617
-3.547
-6.30363
-2.20891
-6.10395
3.68433
7.78555
6.38384
9.63455
1.81171
7.28645
8.34347
-6.27216
6.58225
-7.45326
1.50793
2.09675
-0.82583
-7.78399
-2.18993
6.54998
4.65474
10.0257
-0.840936
0.0912558
-2.59081
-8.26882
-1.8692
-6.85221
-4.86714
8.24592
-0.963733
-3.98454
-5.78378
-4.02003
-6.6919
6.33122
-9.60311
8.77342
-6.0307
-6.91483
9.26936
-4.00818
-3.99297
9.62992
-4.05145
-8.86139
4.22526
1.95281
-0.267414
-5.30546
-7.61493
-0.653792
6.65534
-8.43193
-0.145964
9.05532
-0.895946
7.04009
-5.64297
-8.01168
-7.4416
1.06435
6.3142
2.75327
0.886776
-9.02934
4.99155
-0.498802
4.74096
-4.45781
7.01033
-8.5761
1.25805
-1.5991
-3.13358
-0.718694
-7.60417
-4.29813
-8.7625
-3.99187
-6.64001
-1.04704
-7.70863
1.2201
1.39454
-5.06972
4.70914
6.44638
-3.65914
4.64943
0.0550004
-6.47879
1.82519
-6.7896
-4.44963
-4.48174
-0.314232
9.81217
-9.41803
9.94205
1.24013
-5.36411
7.17395
7.66142
-8.15554
6.37071
6.67693
0.54108
8.92641
4.6718
5.21179
-2.17813
-8.60333
-0.823139
-5.1782
3.84908
6.44294
4.47728
-3.04362
7.7169
9.28731
9.78166
-2.17045
1.80828
-5.17568
2.70464
-3.28729
-6.43088
-8.51358
4.18158
1.96592
-6.72899
8.43541
-9.56769
0.0367085
-4.30533
-8.4666
7.09276
-0.959763
0.260232
-1.06573
8.09074
-8.59991
-5.86641
0.793487
1.97829
3.68447
-0.714775
6.25892
-7.27761
-3.9937
-9.59514
-5.28945
-1.38666
-0.181441
-0.163682
1.32948
7.81657
-3.20757
1.07955
-1.36908
4.03963
0.0629789
-1.33833
2.57857
-0.920619
-6.56679
-0.9912
-4.03624
7.8451
-5.83396
7.28624
-4.56978
-5.44779
-3.56646
8.76886
-0.86873
-3.51889
5.50433
5.32475
-5.75784
-9.08403
-7.083
-2.16722
-2.02685
0.0869583
-7.87515
-7.7107
-9.75827
7.75489
5.91715
-3.25961
8.05398
3.28661
-8.55651
-7.49763
8.5511
-6.20363
-7.2511
-0.40942
6.25031
-6.51994
-7.81321
6.17271
1.5766
-0.611696
8.02773
2.611
-7.43037
0.745243
8.41484
-1.93524
-1.42068
-3.30551
-4.45638
-8.535
-3.74456
-8.38807
-3.76982
5.77509
-8.0235
3.9725
-5.38667
-4.52612
-6.29546
-2.94455
8.27726
-0.768857
-5.50977
-9.05896
-4.29448
-7.82198
7.09371
7.98113
-7.51338
6.37485
-10.0067
0.0237048
6.69721
-5.79994
6.87895
-8.11502
-3.47283
-8.40028
2.76526
-4.85198
0.222242
0.312072
8.14455
1.9795
5.523
7.14881
6.35719
-9.48076
5.59192
-0.0554702
9.14956
-1.8201
-7.99756
3.90501
3.2275
6.60695
-8.14026
5.06549
-4.15531
-4.69043
1.60123
-7.08605
-6.25965
6.59743
6.16146
8.55682
-0.660587
2.82219
-6.14546
4.72565
-2.86122
9.71613
4.6861
-5.68628
3.31037
-6.10733
-6.41035
2.27576
-7.46389
0.591328
0.0415722
0.868187
-5.33844
4.37151
-9.15108
-1.2946
0.63006
3.1451
-9.79104
1.46465
1.45949
6.93379
7.33698
-8.72898
5.6569
-0.0794085
3.73599
6.65831
7.5764
-5.37526
8.70212
4.52779
3.71471
-6.69898
-9.22975
-3.33859
-6.54148
-4.18712
-6.99973
-1.09719
-8.52293
-8.66772
-4.25015
4.37012
-0.214021
-0.69169
8.75972
-5.68942
7.80333
9.61249
8.79192
-5.73603
-4.02619
6.80183
-0.631924
4.56641
4.01768
1.90946
-4.99816
-6.19137
-6.6492
-0.038732
-1.70923
-5.02067
6.00228
8.1249
-6.52922
4.12329
6.19498
-2.64285
-3.64724
-1.77303
-3.40088
-5.84841
2.31638
5.81154
-4.85965
-1.20904
-6.33332
1.36981
2.55835
-5.31043
8.62569
4.39233
-7.70201
2.39701
5.98727
-3.48769
1.95862
-6.05322
4.99287
-5.42186
-0.312487
4.17011
-3.14177
6.38672
8.63671
-6.94171
1.05581
1.23976
1.25037
-8.86809
3.68959
-6.71313
2.35274
-8.98299
-6.23755
-1.45988
2.21233
5.80014
-9.3271
2.93133
1.2257
-5.32836
1.1135
5.81404
-6.66449
1.18715
1.18761
-1.83315
-2.57401
0.904923
-9.95523
2.35592
-6.88791
-6.1449
-0.917171
-0.505456
4.49355
-7.35335
7.97302
7.32337
7.52244
9.02627
8.72726
1.13281
6.87699
-3.52124
-0.523999
2.54592
-3.9609
-1.55269
-1.5565
-1.01408
-2.48488
7.8004
-0.134279
-3.11381
-3.13193
7.88902
4.68656
-7.22662
1.01503
-5.63692
5.09488
-6.07198
-3.61711
-6.12135
-0.729505
-6.27095
6.12336
4.01478
5.46513
-8.71729
-0.208798
-1.11138
-5.19133
-0.399247
-7.95569
-7.46164
-5.39373
2.52891
4.30215
-1.2083
-8.84454
3.59374
-3.54303
-7.12203
5.65813
5.92577
5.59891
8.1748
-5.89019
8.78349
-0.328088
1.66377
-9.61765
-0.410879
-4.91489
4.07486
-4.53984
8.18291
-9.73492
-1.22249
-8.12701
9.89275
-6.67132
-1.53854
-7.8231
-3.71457
-3.04341
3.04592
-4.32934
7.91782
0.509455
2.0683
-9.45483
-1.71589
6.88776
4.29754
9.96958
-4.46146
-4.46138
0.316545
-1.04265
-4.52771
8.19037
5.24292
-6.8299
6.55174
9.20516
-8.89223
5.71688
-3.76798
-3.90476
4.30491
-5.93754
-2.2775
-9.52238
-6.55826
4.57471
-9.61265
6.79839
0.579025
-3.97909
-7.55475
6.71351
-5.54575
9.31213
-4.80624
-9.57759
2.50546
-7.9174
5.77888
-3.13642
8.0586
-2.1436
-6.9226
2.34764
5.73344
9.91497
4.85631
-2.51245
3.90344
6.57532
1.24018
4.74339
4.76192
-3.60738
0.345961
-6.93325
-0.10456
-5.95085
-3.58865
5.71045
3.55063
9.21093
-4.62626
-8.62375
-2.62579
-8.88301
-0.368399
-8.3581
-0.752086
5.02095
3.39593
9.02615
-2.92651
0.176497
-8.18237
-9.4467
6.08441
1.54029
-5.23831
-0.328873
1.99508
-2.92463
3.86122
9.71943
3.48098
9.76732
-5.57866
-7.39196
5.89141
8.80647
-4.04342
3.81528
3.83248
8.57309
9.84014
5.45845
-3.55684
9.47874
-8.74685
8.64646
6.49002
5.68452
5.07809
-5.37014
0.246855
9.25755
1.3607
4.01022
-8.20676
-9.3136
-4.67313
1.8069
-2.28262
-7.80202
3.53064
-7.06421
6.42935
4.24137
-3.03922
7.66257
-4.29784
8.9767
3.48502
0.0837293
-4.00166
-9.88624
-4.32641
1.11413
8.2892
4.06906
5.75701
4.00635
3.12769
5.3673
8.84675
-6.42957
0.575836
-7.6186
-1.9011
-6.23497
-3.11632
-3.12308
-5.96627
3.40628
-3.06314
-5.55952
-4.11788
1.83181
-8.57371
1.88204
-6.17877
3.21882
-8.61535
3.06313
5.20316
8.17388
-2.5554
-0.622811
2.176
3.30253
3.30496
1.90605
3.44383
0.628222
-2.94924
-1.78802
2.17003
7.88777
-4.94018
-3.42219
-6.50755
9.20603
-6.7283
6.44173
3.75108
4.00465
-2.70416
-9.44578
-1.27851
5.44687
0.884122
-4.91585
6.6936
-6.01062
7.62474
-2.33723
7.55951
8.57176
-8.79463
4.99011
0.790397
-4.58033
-6.45087
-6.07201
4.82766
1.43086
-4.06257
5.54115
-0.656932
8.76649
-4.83007
-2.9128
-4.94596
-6.30445
-3.10616
-4.55196
-9.7292
-5.45239
9.38763
6.8178
-0.930767
-7.99496
9.49017
-6.49942
-3.12637
3.66288
-0.307201
-5.08279
-8.97409
-1.21594
-0.177592
0.795989
6.97718
-8.10655
-8.37854
-6.67326
-6.29998
-4.55099
-3.33929
-3.33848
-7.73997
-8.72159
-0.150634
0.704256
3.41309
-8.71945
7.83006
0.60575
-7.04877
-5.26478
4.92721
3.57378
-3.73558
-3.75822
3.33508
7.47258
-4.74094
2.70667
3.4218
-6.98268
-2.46425
-2.47269
-5.28773
-6.34535
-0.765771
6.21186
8.42753
8.29258
-1.48084
-7.23511
-3.46642
-1.14569
4.3675
-7.49977
8.37728
-4.01078
-1.44166
-0.0748809
3.88043
-2.28014
-9.84819
-9.94193
-0.271236
9.54465
-7.41956
3.76588
8.72501
7.56774
-7.26498
2.14515
-4.60777
-3.28449
2.72822
-0.394448
-0.345937
3.21426
3.21914
-2.05062
5.89744
-2.58083
3.9782
8.97271
-7.81475
6.16457
-0.524798
-5.58234
9.56857
0.0175432
-4.29783
-2.35088
2.00388
3.6674
-5.1398
0.310312
-6.00037
5.73911
4.28703
-8.31835
-0.728504
4.97245
5.35479
2.8313
0.104057
-2.23637
-5.10591
6.46445
7.46865
-1.75051
1.58515
-5.28334
-0.573775
1.85345
-8.17064
0.496448
3.89542
-1.36787
3.11787
0.283263
-3.52933
-3.95127
-0.63147
-7.84419
5.58585
-7.42788
2.56687
-9.43261
2.29782
2.29489
5.9472
7.9604
-0.859663
-3.24331
8.01683
9.25194
-6.781
-0.163889
0.515761
5.8124
-9.52366
-9.01638
-0.681394
-8.14786
-9.01337
-5.15447
4.45805
5.23648
-3.09859
6.74581
-5.0711
-5.57779
-1.41106
2.18913
8.40745
4.65619
-1.54215
-4.95816
-5.26925
0.629517
-1.53016
4.01895
-0.112574
3.36186
6.54812
-8.97647
2.14424
-0.0307266
4.79235
-2.62757
7.75388
1.96143
6.05948
-6.60547
-3.94296
0.699703
1.90074
1.91832
-2.03393
-1.77927
-9.73848
5.69139
4.8465
-7.28388
9.80457
0.325711
-1.22768
-5.75163
8.34532
-1.33861
1.75783
1.64635
1.64853
-6.16963
5.90102
-3.52823
6.73495
-8.96428
-6.11015
5.00258
5.47468
8.87958
5.9908
-9.64333
8.54801
-1.80749
-6.8451
-4.10679
-0.846412
-7.85321
1.5365
9.77126
-7.66718
6.75434
-6.4651
-8.39495
-8.03413
1.996
-9.23293
4.21403
8.67225
-3.88154
8.62282
-4.37691
-0.463981
6.60439
-8.54301
-0.361252
-3.08105
9.75416
-1.33118
6.53269
-2.33076
-2.32066
-5.14544
4.78513
-3.00533
8.74665
-7.45254
-0.445953
5.05653
3.27619
-2.09795
9.6521
5.09005
-2.87516
-6.55675
7.1307
4.45666
4.6944
7.53887
-1.13561
-2.32455
-2.3292
9.99147
9.42771
-2.52996
8.06302
-1.43888
6.14471
2.66003
3.99136
3.95113
5.32947
3.55999
0.516326
-4.61163
-6.2245
6.61566
-0.098402
-0.518601
2.21391
6.88912
4.14632
-5.25339
-4.03567
6.87003
-2.32741
6.12674
6.90989
-6.27988
-9.51365
8.61406
3.47134
1.35367
-2.25666
9.39891
5.39578
-0.568818
2.88549
9.36761
-1.6151
-6.59263
8.12152
2.54597
-4.869
-4.99308
-3.15091
4.36289
1.15182
0.687677
5.58406
-2.85329
1.19273
-2.48059
5.79609
-6.21563
8.06213
6.95536
-0.259571
-1.08183
-8.47361
7.12741
-9.8593
7.86121
-4.14856
-5.20695
-7.75527
8.94338
3.67542
-3.21985
6.19787
-2.92468
-1.51965
4.07927
-3.8436
6.99425
-7.80877
7.61858
7.75089
8.51735
-7.34208
-9.00771
-3.10916
-6.48603
-9.41058
-7.32554
-5.84304
0.404532
-2.70138
-7.98328
2.33793
-7.34941
7.1282
-6.03373
-9.56273
2.60344
-0.047262
9.64313
4.77076
-4.89589
-4.9076
-2.51559
-7.81597
-3.14668
0.8022
-0.30614
-0.143709
4.24715
9.97076
0.698988
-0.0170336
7.90676
-2.57979
5.61987
2.43116
-7.35951
3.56576
-3.46885
-3.45408
4.64173
5.77839
5.7225
-4.0721
2.14483
-7.00089
1.42747
-6.68259
-2.01634
-7.96729
-4.32635
9.68051
-9.73883
-8.59782
4.42134
-2.5297
4.93453
-7.62045
4.11976
-5.02628
-9.99309
-8.01546
7.73756
6.73642
-1.00473
-7.05889
2.43934
0.503694
0.950538
8.94799
0.289528
9.85297
-4.44184
2.13647
-1.80405
-6.30442
-9.47864
2.68883
9.7834
1.67683
-9.80221
-5.34429
-8.34533
-6.56307
5.59838
-7.54482
3.59458
3.58301
9.06822
-5.55845
-1.52269
6.81167
-9.93965
3.30224
-2.11379
-0.871293
4.69747
3.47107
-8.48871
-9.99845
2.09544
-2.37998
9.71344
-1.29891
6.78756
0.0685135
6.02133
9.92805
-9.34881
3.96665
3.91134
9.71116
5.06587
-8.11076
3.5017
-6.89918
-8.14665
7.73622
8.24105
-5.39545
6.00712
-3.78072
-0.271061
9.50239
-0.195162
-8.37288
9.41056
2.65235
7.79884
2.79834
-4.19076
0.118078
-3.59016
2.84521
6.89576
6.12228
-4.61206
0.736675
-7.37035
-6.76081
-3.12169
4.40787
-3.95236
-0.0112722
9.22433
2.50395
7.96462
1.45087
-6.27301
-7.30959
2.66097
-6.47773
0.562814
1.73266
6.89618
3.07426
0.942575
-8.52168
4.20921
1.67228
5.58824
5.00527
-7.9948
-8.88105
-4.97859
-8.04473
0.225976
5.29289
3.74721
-4.62164
-4.86795
-4.22124
4.56489
5.52692
-8.21603
-4.11245
3.64599
-9.6276
-7.89779
5.2913
-8.221
0.202388
-2.64491
-2.65872
8.03052
-1.79731
2.94253
-2.86253
-5.94913
-3.18787
-6.00763
-6.10566
3.88208
-0.0629706
-7.18734
6.23431
7.53145
0.563755
-9.69316
-6.33193
-2.13907
-6.75318
7.44239
-5.98015
-6.28321
6.59019
-4.50762
-2.5273
0.137155
-1.39629
-2.66908
-8.08354
-5.55452
-8.92693
-3.3407
-3.32458
6.53066
9.9158
-7.0801
2.55534
4.82031
8.98332
1.68657
3.93407
9.13599
-5.47709
3.7036
8.09065
3.54602
-6.64248
3.40785
7.53588
-0.182622
-4.23778
2.67617
2.33516
3.77426
-3.07033
-7.74371
-7.57056
-1.42967
9.7584
8.401
-4.27908
-5.49034
4.8975
0.663379
-4.01006
1.58024
-5.0183
-2.67783
-2.67204
0.631608
3.16791
9.76248
6.21168
2.39621
-6.71962
-5.46305
-1.64114
-6.42129
6.25194
4.58408
6.93212
-0.226076
5.18204
4.29119
1.1405
-4.99102
-4.0015
4.30119
-6.08323
2.13262
4.29948
-9.71032
-2.68447
-5.05561
2.37266
-5.41663
7.95717
-9.45732
-1.14944
-5.35825
-8.45165
5.00513
-6.9337
-9.85899
-8.64536
-6.89259
-6.07671
-0.0796468
9.01037
-1.60245
9.84303
-6.21509
2.25211
2.04001
7.18767
-7.00997
-3.54808
-7.62797
-0.980297
-6.17543
-3.43367
1.19943
-0.173009
-0.244016
-0.760006
-8.40068
-8.08854
2.51547
-2.11814
-0.910315
-3.29455
2.6599
-4.00971
-4.28474
-7.82629
-3.8884
-7.67831
-8.24896
0.754893
-9.57562
8.86581
8.75829
-7.83404
8.94717
8.20266
2.70842
-3.73965
4.13991
4.58745
6.20521
8.75311
1.0508
-6.8873
9.59517
6.48056
8.178
7.71241
-4.67629
8.37661
1.38324
2.68855
-7.88189
-6.02151
5.91248
1.05384
8.31036
-2.9944
6.1274
-1.75068
-3.66078
5.76842
-1.42143
1.00902
-4.74034
2.35821
8.88824
3.13323
3.13299
-7.3402
-5.22338
-3.25289
4.78087
2.53994
-3.09743
0.762815
-9.2423
2.00801
2.85101
-7.16676
-8.69448
-4.49391
-0.529621
4.93773
-2.73165
9.01599
3.10732
8.18493
-7.76792
-4.80167
2.02822
-5.32832
4.93664
-4.93108
-7.83764
1.20745
-8.48197
6.29572
-2.65607
-1.47495
5.86547
7.39933
-9.55785
0.558786
0.552699
-5.74055
-4.7799
2.16679
3.69396
8.84147
-7.28683
3.5387
3.69931
-3.28155
2.32882
0.0213003
-7.63878
-0.777708
1.55824
7.90891
-6.30136
-1.98939
-8.47091
-5.78273
4.06818
-8.33269
-3.27721
-3.60338
1.23164
1.22404
-5.72673
4.16177
-9.14655
-0.122521
2.71818
-1.16848
9.3038
8.70116
-3.15237
7.86749
3.82597
-0.728927
-6.88097
-6.06252
-0.053848
8.16491
2.64139
-8.98067
-9.86971
6.77479
-3.08756
-5.33173
3.7185
7.35612
2.37081
5.92672
-4.19384
-2.48575
7.41255
-7.80183
5.04501
-7.8181
-6.17393
-4.13321
-7.47468
-2.02497
-7.02357
7.11432
-2.6807
-9.40974
1.90983
-8.42157
-4.694
-7.55382
5.74235
9.60654
7.89497
-9.25881
0.137921
-8.05845
3.46144
7.19411
-8.07568
6.3854
-8.5611
-4.95258
5.77573
7.69757
2.49488
2.26007
-8.82001
-0.772778
3.87437
9.95406
2.12791
-6.4522
-7.70359
3.57136
0.55661
-7.92799
-4.96427
-7.67667
9.74335
7.65512
1.34024
9.42572
1.92219
-2.20713
-9.69606
-0.465234
-2.77361
-2.79096
-4.99456
1.48825
0.767715
1.06549
-9.95913
-7.9701
7.47684
-3.81422
-8.74078
7.1992
1.98669
1.9265
-1.16059
5.83765
8.25716
8.71983
-1.73865
-8.92671
-8.08281
0.588906
-0.953653
-3.84364
4.5907
9.03936
-4.55939
-4.55344
6.78133
-7.74347
1.70719
-8.74132
-8.44881
2.22681
-1.72318
1.38822
1.90701
4.7706
7.30704
2.05314
-2.72601
-7.17551
0.86177
-0.0551549
5.78053
-3.89873
9.9277
-2.36217
-2.32504
-9.14571
-4.94695
-9.49507
4.3755
8.86588
-6.09939
-3.8009
-3.78539
-3.05562
-5.4769
4.99158
-8.01014
8.86422
-9.13495
9.97297
3.29315
5.53489
5.69549
9.31752
7.26554
7.0302
-4.29878
3.70645
-9.01409
6.17153
7.38031
-9.55885
-3.84388
3.34557
-8.74737
0.489949
-1.80264
-4.04755
5.14224
-9.95119
5.23695
-9.20642
6.44711
8.43776
9.44923
7.78773
-9.06353
2.32984
-1.89603
9.60042
5.05354
4.79733
6.37435
7.53044
7.75183
-5.93001
7.55269
1.49441
2.55123
-3.88457
-2.97842
-5.40112
7.56813
-9.25454
-4.11235
6.68246
-3.642
0.0333409
-2.81907
8.46312
2.24028
1.20236
1.22931
7.07143
1.05342
-8.29214
-2.12986
-5.87081
0.466631
-1.55219
-8.03505
-1.28911
1.0386
1.04367
1.67562
0.48145
-7.93506
1.24083
-1.64603
9.59379
0.827459
-0.0874551
4.34152
-0.806139
9.08469
-4.25763
-0.86664
-4.10827
-9.79767
8.12225
-2.20604
5.13057
-9.00177
-3.7211
1.03305
1.63606
3.09939
-6.4464
4.48457
2.0982
9.61239
8.99306
-3.06663
2.87817
-3.66812
0.11894
9.34955
8.98429
-1.82453
-1.71833
5.28658
-5.10793
3.49507
4.31255
7.39348
0.938242
-6.42609
-2.84529
4.71676
-1.82515
8.43616
-3.76091
-9.47174
5.3174
-4.73264
3.12454
-9.10895
-3.9103
-2.54301
-3.50452
3.4576
-1.75936
9.929
-9.52194
-7.5003
1.3234
3.91959
1.57655
-6.51857
-2.30778
-2.3832
9.69972
2.13477
1.14971
-1.25536
3.16108
0.185559
-9.84027
4.47568
1.81874
1.7443
1.77027
-4.12212
-1.20645
-4.90111
-4.85682
9.92793
7.14852
-8.32908
6.33195
9.66295
-7.36538
-3.60137
-3.69744
-7.9513
-8.54571
-0.16953
8.49802
-9.01223
3.97288
-5.42279
-5.69464
3.98534
5.29861
4.81413
-8.14096
-0.951674
3.55511
9.90712
0.496078
0.227524
5.17042
-2.75106
2.58336
-4.52661
-9.63682
7.30849
3.42736
2.35156
9.58027
-1.49022
5.08498
3.74544
3.75259
-6.34918
2.51054
6.11462
9.3767
2.52398
2.52981
-6.36635
4.98529
3.06565
4.26893
-2.4524
5.12464
-2.48002
0.596286
-9.16737
-8.61004
-3.43253
8.39865
-7.4274
9.05338
7.12312
9.62905
-0.869054
3.6945
-4.04373
-8.22998
8.96035
6.75216
-0.287715
0.0029256
0.0132634
2.61533
0.15714
2.4458
-6.57218
-8.55367
-5.09145
-3.82145
-7.92706
-9.73538
1.24671
0.988287
-7.04449
6.16428
6.428
3.51302
4.67873
8.94922
-0.366579
-1.14773
6.71402
1.44611
-9.34763
-1.08571
-0.616619
-7.35535
-7.06994
-6.97474
-9.80831
-6.02843
-8.32219
1.75966
5.41999
-6.23786
-3.47671
-3.35224
-7.25652
8.30504
5.12153
5.88868
2.10823
1.42698
4.23692
7.73298
1.03111
0.33483
4.21034
-3.99813
-2.38394
3.89734
-1.12442
-2.74593
-7.93176
-0.199412
6.87566
-8.57521
-6.41129
-1.80738
7.69958
-9.21784
7.45297
-9.81359
-1.60977
-1.60462
7.82316
-0.59324
3.46803
4.2908
7.11769
8.13365
-1.90839
-3.1843
-2.45571
7.76245
-7.01917
2.06103
4.29972
5.30659
-7.71941
2.18342
-1.71132
-3.1447
3.71764
-3.04886
9.48073
-1.01387
6.78654
-5.909
5.43944
-4.3838
1.93888
-3.6725
4.32108
9.62343
-5.6966
5.28688
1.98725
3.11551
8.24371
-3.34678
1.16014
0.0232396
-8.10357
0.409828
6.02199
5.1943
0.184085
-7.47854
-5.51014
1.21931
-3.29215
-5.15984
-5.54107
6.47723
-4.62807
2.71857
-5.52527
-3.876
4.21495
5.53425
7.90722
-1.76337
7.58903
7.29771
-3.5883
8.52797
-4.7425
7.74514
-9.46222
-4.5756
-3.39582
6.65579
1.42134
5.73695
9.84666
5.24454
-8.88363
-7.45285
-5.96549
-9.73509
-5.41959
7.4346
7.2334
-1.43014
1.22377
6.5887
4.97998
-9.23702
2.93824
-2.67026
3.2018
6.37268
-7.12616
9.58169
-2.12084
1.57745
-1.31589
-1.29302
-9.76618
-3.13702
-3.1552
-0.316362
8.40796
9.99161
-9.51302
0.0332337
-6.10479
-5.2768
-2.32427
4.21494
5.78722
9.09599
-7.77799
8.03374
0.370379
-4.02806
6.45862
6.33062
-6.39103
-0.613817
-0.478554
6.04326
-1.47072
-6.80855
-0.106202
7.52823
-2.50108
0.1325
-1.82623
-6.48211
0.982484
1.36591
-0.62236
-6.17176
1.42962
3.874
-2.19379
-9.77122
-1.04622
-4.78874
5.11799
2.79356
2.83447
-3.8758
1.4145
1.39879
6.10833
-0.0115132
-9.28266
-3.35218
6.25515
8.26242
2.27184
0.611436
0.609582
-9.9624
9.96288
2.5325
3.20845
3.2026
2.94885
-7.97748
-7.94508
3.0043
2.98816
-3.97678
-2.34475
-8.02298
-1.54273
-1.229
-2.25289
0.589521
5.36957
2.46281
8.62326
1.00528
6.03798
0.764532
-1.98263
1.95563
-8.76421
9.47451
-3.04386
0.714616
0.67088
-3.07454
-5.5959
-7.51397
1.70291
-8.45813
-3.64916
-7.62256
-8.94736
9.66653
6.38631
-9.08472
4.04488
-4.24694
5.34053
-4.58174
-8.50239
5.41837
-2.12211
-3.24431
9.6164
6.0363
5.33792
8.53448
0.0852195
-8.78734
1.16786
-6.53738
-8.63918
7.25036
-3.93096
-8.88333
5.47125
2.69133
1.43946
1.44906
-1.70443
-0.236595
-8.58988
0.571282
-3.36915
6.87264
-8.37841
-4.65105
1.50436
-7.89776
-2.1206
-5.26415
4.70768
0.627448
-8.66035
1.73559
0.953229
-4.87688
5.8769
6.84044
4.3154
-0.22743
-0.250782
-5.43355
-7.7504
-9.57203
0.351024
-9.96514
8.35968
-5.72518
-6.80342
-4.78748
-6.99002
2.88239
8.10235
7.98367
9.06104
4.67865
9.14448
-0.83707
1.29108
5.72939
-9.4788
-4.12238
-8.2456
7.65716
-2.15384
-4.61834
-4.88716
-1.97316
-4.88964
-2.006
2.37474
2.36143
4.26114
1.10433
-7.07471
-5.343
-5.61816
-5.21658
-8.89517
-8.4341
7.65727
3.19281
5.89513
1.50713
-7.79998
-1.90596
-9.90769
-1.21782
-4.23947
7.53661
4.40326
-5.44842
-8.6633
6.61228
-6.58778
8.07896
-9.22144
4.10525
-5.34354
-3.1515
-9.21742
4.14314
8.633
-8.62668
5.71563
-4.82783
9.65742
3.68257
3.64708
-9.79678
5.11757
-5.76244
-8.67076
3.38297
7.558
-0.568163
-9.28699
-6.59937
-1.27965
5.91848
2.64488
-5.44921
-2.23406
4.54277
6.70515
-8.16979
6.76435
-8.17947
-5.83686
0.948916
9.3114
-9.31051
0.363614
5.20034
3.06011
-6.23216
2.51104
-1.62072
0.896504
-7.84214
5.35424
-0.975662
-2.77321
-7.34751
8.37919
5.39001
6.92714
7.10661
3.05107
4.62823
1.46615
2.52828
-4.70801
9.67927
5.55792
-9.6389
4.94062
-1.36887
0.687192
8.32636
4.01203
2.83937
1.58575
4.83656
9.47506
-6.18504
4.40926
-8.10428
-4.82723
2.25659
4.24421
-0.278454
9.07836
6.55223
-3.49748
-3.49137
-0.573823
-8.34332
-4.02717
1.89113
-5.36786
-7.85712
7.86748
7.17784
-0.514153
-0.51309
-1.4008
-4.84783
-9.56318
1.58788
0.957072
-3.95659
3.40947
1.0601
3.52891
2.99808
1.8356
-2.18475
7.97832
-6.04959
3.99483
-9.33156
3.51391
3.52782
-3.31275
-4.41231
8.17117
-2.35356
3.21088
-0.874353
7.66278
-0.691974
9.29673
-1.29161
-1.80891
-1.80077
-5.79344
-7.37043
-8.92076
-5.17935
2.97174
2.4139
2.5554
4.94535
1.15268
-6.26038
6.58622
-0.0982155
4.96456
7.76267
9.32922
1.3192
2.30218
-6.09094
4.04921
-6.42165
9.98559
-0.471217
2.06402
-2.95505
0.503567
-6.4079
7.39087
0.700656
0.132305
0.690968
4.26084
4.29313
-7.78787
5.21693
-0.1969
3.97847
1.76183
-2.21717
-2.23501
-9.41501
-9.6181
7.58735
-2.37593
5.51394
1.73997
-0.558124
9.50817
-2.96581
-1.50901
0.422712
-0.0294339
-8.56146
4.96308
8.95644
-8.34166
-2.73109
-2.74709
9.85231
2.93034
-7.97798
5.05392
-9.4308
-2.09011
6.47222
8.89269
9.91342
5.20941
2.77134
5.90859
-9.07281
-4.05652
9.24213
-2.60286
-2.6024
5.50294
-5.05083
9.90241
-6.65623
3.78299
-5.27887
-3.44703
9.40026
9.6165
1.51707
6.23939
6.27543
8.10143
0.0579199
-8.11849
-7.05174
-4.05985
9.96682
-2.91383
-7.47562
2.58498
-2.03115
8.16142
7.89657
-1.17177
-2.60094
8.81215
-2.56454
7.88413
0.422777
5.16585
-7.03476
7.50412
-5.55289
2.51642
1.23323
1.38254
5.77041
-2.87008
2.30677
8.29166
3.89843
-6.09127
6.49704
4.25176
-6.09049
-3.49739
1.44241
4.12344
-5.43775
8.0352
5.06947
4.12302
-1.518
-8.36013
-1.21058
-2.33183
0.0687987
8.63928
-8.53526
-6.10662
5.46545
-2.58435
-2.58846
7.96217
0.892403
-6.12299
-7.63104
-8.81446
4.63911
-5.17098
-5.57053
-0.608198
-4.2594
3.73761
8.2618
9.51535
2.61993
0.832013
0.819433
-4.61937
-0.948669
-6.79093
7.0152
-6.92858
0.859647
-9.02296
-3.09831
9.49919
8.2731
-9.3695
3.4016
-3.96139
-3.94351
-8.27564
7.87509
7.59501
-9.85363
5.82761
-6.92711
-0.879054
7.72481
-2.98146
-0.266133
-2.44159
-2.01368
-1.26893
-4.58154
8.48857
3.62503
7.91902
-6.42446
0.330186
0.364366
-6.78377
0.500507
-4.87531
-1.19393
-0.839592
-9.6372
-7.13222
2.39126
2.39054
-6.08687
-1.26345
0.292763
-5.34438
7.52885
-3.73143
9.02215
4.11645
-0.862687
9.77731
-6.83999
3.88767
0.252796
-2.2268
-2.21224
9.21584
0.828326
-1.07084
-4.68937
-4.80218
9.39221
-8.80969
-6.8315
7.61537
-3.30476
-3.76027
4.26459
0.124283
1.92724
1.63734
3.10882
-6.12131
1.45234
8.62113
-4.3571
7.61375
3.73093
8.57937
8.55624
5.38632
-8.48175
-9.49515
3.04759
1.6404
1.65297
1.65067
2.63931
-2.54942
7.91184
7.32868
2.62549
-8.56891
-7.74736
-8.32401
3.77024
-9.29389
4.40271
-8.4384
3.39787
-5.12584
-9.9089
9.75896
-5.85552
-8.06767
2.0851
-3.50919
-3.48904
-2.95944
-6.71715
4.99315
-1.76268
-4.96244
-3.98616
5.13926
-4.18188
4.78643
9.92828
-3.28364
5.31228
0.856288
-8.80452
-0.932374
5.95272
9.95218
-9.51366
-2.03808
-4.4481
3.81683
-1.41456
-2.15059
5.48622
3.80372
1.91787
8.09074
-8.90146
8.08369
0.112146
-5.0259
3.70897
9.53573
5.21793
-3.40812
4.57606
5.68468
-7.69438
-3.59145
7.5502
7.52334
-9.74551
-1.95567
5.45229
-4.84891
-0.341148
7.7109
4.80463
4.7801
7.08946
-4.08997
-0.537766
-3.81693
9.36719
6.65531
0.827866
-5.0969
8.06078
8.74897
8.64041
-3.94011
2.61689
-6.81808
-2.0738
1.90531
2.82154
-9.84212
4.75598
-1.25542
-7.12566
6.7942
-0.241665
-4.17386
0.565465
7.28297
-9.82678
-3.32007
-6.48512
-3.16595
7.35094
-3.76674
-9.72317
-5.05521
4.20848
-6.81741
-9.17277
-2.59479
1.10872
-6.98934
-5.95059
-7.08633
5.53881
-5.77258
2.16668
-4.80551
-4.70502
-1.8441
-6.86085
-8.11619
-9.80814
1.20541
-1.51456
-7.82317
1.54792
-2.94726
-1.02091
3.89255
8.78957
3.37117
6.88166
4.30694
8.53826
0.18523
1.68366
-2.65851
4.19733
-9.8971
-0.0418831
4.03154
-1.81771
5.04842
5.00798
-1.79626
-8.86273
-9.03133
-7.56554
-5.53446
0.182002
-5.71285
5.05017
4.69489
3.41309
1.79164
1.7866
-2.81716
2.50597
3.54317
-6.16195
5.97452
8.46627
-9.18605
4.47788
-1.39584
6.15843
8.75721
-1.42071
8.83103
-4.96242
7.4944
6.06655
-2.28892
8.59153
-5.29285
4.6785
-8.68408
-9.05458
-9.64779
9.79017
9.90757
9.08656
-1.28066
6.85406
7.79683
7.08066
-8.09005
-9.24584
-1.79328
6.01068
2.03667
2.02542
9.87173
6.66096
8.41216
0.126682
-6.80815
-4.23494
7.09827
7.11009
4.12028
1.86725
-9.70103
4.84216
-6.34941
7.90071
-6.83797
7.49674
1.82458
5.55884
-9.7295
0.654575
-8.49908
2.65883
-1.90071
-1.64453
3.29302
8.76024
0.620069
-4.34076
6.61375
9.62959
0.476029
-7.82075
3.73779
7.68594
-4.30724
0.706135
8.93995
5.26363
-6.15074
7.6418
-7.08627
4.8409
6.21909
7.48336
0.598313
-5.2397
-2.89552
-6.01185
-6.20713
6.43455
-5.17883
8.8175
-3.57904
1.51926
-8.96991
-2.76549
-2.73877
-1.84087
-5.66351
-1.83699
-4.28782
6.94254
7.55166
-8.18907
-5.49511
-0.632978
-4.83027
-1.19208
-0.365505
-1.3082
-6.91798
-9.39522
2.9914
8.66209
-6.35061
2.50921
-9.05374
-2.72631
-8.43769
-0.585516
0.505195
6.2894
1.12328
5.88834
5.28497
0.236873
-8.47886
-6.86977
4.72601
7.17216
9.58056
1.89759
2.35589
8.62078
-9.67794
1.22828
-6.2211
8.32617
-4.68532
-3.1717
8.93331
-8.39474
2.57388
-1.64504
0.167369
-4.52533
-2.77223
6.5311
1.67051
0.567204
9.24604
-8.29729
1.47241
1.47198
-1.37009
7.11179
8.41652
7.75711
2.70268
-1.11224
7.63875
8.92367
-4.28169
-0.588651
-9.50317
-0.204882
5.57176
8.68969
8.86546
-0.631073
-2.17482
8.83958
-4.5684
-1.86891
-0.329783
-8.33751
5.97319
-3.31748
9.19629
-4.56383
8.99681
2.67158
-7.6238
-7.04345
-6.17269
4.31981
-2.29634
-9.93845
6.2511
7.58977
-0.664858
-8.01703
-4.73673
-0.302293
9.36945
-3.0061
-9.52161
-8.82335
5.09455
-5.20715
6.55665
-1.2097
-8.78954
4.10798
-9.08928
-0.539585
-1.69606
-2.49042
-2.67716
5.41643
6.10959
-4.01207
-3.54352
-3.55149
-3.25198
5.25139
-1.04129
7.65383
-3.53152
-2.13053
-6.77231
-4.8771
-9.78462
1.39603
5.23572
-8.79307
9.32723
-9.68531
-4.99025
-6.96789
-7.00707
9.66127
7.05088
8.30356
-0.452586
-0.290808
-8.58182
5.82737
-2.94337
6.57634
-8.14643
-7.53193
9.0167
0.85629
2.67626
-7.62631
0.494663
-2.96039
0.0334963
1.37974
-3.84117
-0.95175
9.23406
-6.04746
9.20333
-7.38015
7.68814
2.34973
6.0766
-0.0473238
-7.70929
-8.04397
-0.716679
-2.69993
6.23892
-1.37674
-1.67741
4.40783
-1.52369
-6.17894
2.1139
6.62477
-8.81079
1.6003
1.60358
-5.31427
4.9214
-8.76548
-1.2846
-8.26352
1.28609
3.55394
-8.51135
5.83091
1.11743
6.01515
4.05428
-1.98532
-0.023512
1.08701
1.37361
9.96578
5.27879
5.08598
7.86357
5.97002
4.63946
-6.63435
-5.37546
-7.76738
2.83566
6.3952
6.5487
5.90219
-9.74074
1.46827
-5.71725
-5.5211
8.75051
-5.09909
-9.5126
-9.5661
-8.32765
-4.85066
2.31657
2.87373
-9.29321
-6.67391
-6.84778
6.84397
0.483073
7.60187
-4.69972
-1.60304
6.95492
0.340792
-1.09608
-3.7066
2.53118
7.54695
-0.479343
-5.27634
-6.78876
-5.03405
7.2194
4.0972
-5.20007
-1.31167
-4.5058
-4.47213
-5.57864
4.44076
0.680763
-2.90944
-8.31138
1.18441
-3.57025
6.80274
-2.31815
-1.39397
0.868386
5.65284
0.203485
2.66134
4.84182
-2.23733
-3.22541
0.244965
0.256869
-8.19292
7.45902
2.28463
1.20331
-6.55463
-0.251802
-6.03008
7.30977
-2.61576
-2.95794
-2.77413
-1.28066
3.34027
-0.553107
-3.75469
7.76305
7.01825
-4.73058
-4.7572
-8.66939
0.387273
3.81977
3.51775
6.02411
-8.07897
-7.35791
-2.86221
9.31058
4.60679
8.9027
-5.37606
-9.49308
-6.85227
0.193825
2.71473
1.15458
-6.55605
-0.845957
3.35978
9.64711
0.397901
-6.92982
-6.42738
-1.16766
-0.603104
-6.02681
-9.9004
-6.57447
-2.80419
3.77821
2.91128
-8.99137
6.32003
6.87128
1.36778
-4.98275
-4.02071
-6.55505
-5.61569
-0.532903
-2.50576
2.26288
-7.11282
-5.7581
-7.77177
6.83427
-6.33786
9.55941
5.45192
-6.12861
0.221677
2.78775
6.46283
-3.02633
-2.91497
9.2211
3.98995
-4.30062
0.793573
-6.54116
5.9106
8.39272
-0.640557
4.80068
6.43368
9.58412
-4.5197
-4.76991
5.46767
-6.57404
-3.1745
-3.32587
-7.03773
2.99529
9.6922
4.80308
-3.78583
-5.44359
-3.20332
-0.590894
-6.88184
3.46586
-7.27945
-3.82143
8.22099
7.05059
7.18079
6.82135
-2.58421
5.07014
-0.128289
2.0351
8.43717
-5.63635
1.90388
-6.2699
0.105545
5.72632
-3.61786
3.70168
5.27175
1.22397
-2.30335
-6.18155
5.35862
3.40598
-4.09163
-3.27199
-6.64441
1.46418
5.15597
-6.11222
9.99065
-5.65982
8.94199
3.57027
4.26651
9.95687
-9.32722
9.26389
8.7505
-5.33349
-2.09674
-1.21092
-4.57195
-4.16478
-2.22845
9.41491
1.95478
-5.12415
-6.04831
-1.30017
-2.48374
7.20226
-7.62157
-1.23678
-8.15299
-7.78161
-4.48071
-2.24369
-2.24312
-9.26832
-0.761151
-4.03696
6.6097
2.2241
5.17212
-3.82789
0.850054
0.838493
-2.93748
7.87665
-6.34546
7.81007
-9.87578
8.71046
-9.09176
-1.46543
6.64139
-8.46047
-2.4927
5.12377
-5.00789
2.21226
-9.70352
6.482
-2.54003
9.32847
-2.36259
-2.04905
-1.48765
0.736108
-7.59565
-3.50866
4.4213
5.33677
-5.19875
-6.82982
-4.72229
3.97704
7.84862
3.27134
-0.664455
5.33732
3.97424
2.44413
-2.15188
1.74251
-9.41208
2.35435
-4.75684
-8.00857
2.01704
7.50846
9.90716
-4.72375
8.17474
0.0371547
0.0321486
-0.616656
9.71615
-4.14979
4.1917
-7.13188
2.24419
-5.74809
-1.45881
5.23339
6.0759
-6.53313
2.90528
-8.00033
7.78236
-4.12877
4.26349
-5.57618
-9.49192
-0.546622
-4.83963
9.69742
2.2327
-3.00962
6.39196
-0.71286
9.04145
5.58897
-6.38874
-1.09348
-4.94202
-0.948487
8.16934
4.13444
-3.26598
3.85048
-3.97192
-2.31788
3.19881
1.90982
7.236
1.71636
-0.788506
9.65366
0.378452
3.13265
3.0055
7.66963
3.29596
-0.316599
-8.44812
-2.84382
-5.97557
-1.16983
-8.28807
-5.19491
2.15665
-9.59123
-7.32918
9.29959
1.98134
-8.72421
-1.41964
-7.8877
-4.58538
2.76568
-5.71061
-4.20866
7.29067
-2.73884
-7.13698
1.06111
2.26961
9.00838
-4.08869
3.52877
-7.8396
2.95309
-0.751415
-7.77657
8.92505
-7.31476
9.17707
3.28307
0.378128
9.15273
1.53924
9.16404
-0.357612
-0.363758
-7.49256
7.87271
9.79851
3.28316
4.58745
1.86393
9.6475
7.96665
-2.40752
-9.1642
4.20941
4.15358
-7.712
7.64897
-5.07721
-8.49326
-0.0632379
-4.42506
-8.32884
1.60337
9.27304
-7.73546
-9.84331
0.0362797
-6.14444
9.41116
4.84756
5.92554
3.30548
-5.45754
-9.6958
7.13243
-3.18737
-5.19147
9.72393
-3.38983
-6.29569
-3.74698
-4.66633
-7.77771
5.4638
4.00886
-0.306837
2.88628
-3.38966
-8.14073
2.67521
2.69082
3.94643
0.927768
7.10562
-8.40982
3.54111
-1.52726
-4.31378
2.06397
8.75918
-1.59997
0.153005
-7.41102
8.37382
-9.81917
-5.0497
0.0576792
-5.72525
-3.14699
4.98205
-6.87112
4.59885
-7.18814
6.53642
4.95768
-4.27816
-6.05061
4.59943
7.7617
-2.84464
5.1044
-2.27933
-2.28303
-0.488724
0.572964
-5.31856
-3.87099
5.1905
4.86655
0.446562
-2.52178
9.09503
0.0536382
6.9256
1.44468
-0.377425
9.75248
6.34528
5.01753
-2.08232
-9.66012
1.08814
-3.96803
5.00396
-7.0261
-6.47454
8.94849
-2.1008
3.15299
2.34924
0.577766
-7.38695
4.60066
9.35512
8.56081
7.6416
-9.88653
-0.907355
-2.9678
-1.92921
-5.56998
-8.39794
4.68823
-6.13083
8.29182
-8.88777
-1.71036
-5.23687
-5.08165
1.73919
-6.02774
-5.74611
-0.159125
-6.75836
3.21196
2.13489
3.67363
-1.65905
-1.63271
-8.96138
6.78628
-9.83913
-7.85281
1.11668
4.00641
-6.79431
-8.32642
4.88912
-7.4565
8.20141
-1.56109
4.67498
-7.6066
-6.73207
-8.98974
0.22904
4.60075
-0.445296
-4.48344
0.831358
-5.1952
5.21842
-9.77774
-4.72214
2.80576
-6.93201
-7.67733
2.12475
-7.13333
-5.14192
-0.100534
3.35399
8.14731
-8.34495
-0.904972
-2.68476
8.65455
8.80689
-4.73611
8.89952
5.07754
-9.67838
9.20762
2.71551
8.17855
-3.98574
6.06291
-4.37136
7.70741
0.609886
-0.62356
-3.92158
-3.94318
-4.31529
5.56236
-3.6481
7.69566
-4.4247
-3.52036
-4.76878
2.22882
9.634
-1.74137
-5.99557
3.1445
5.51427
-6.65973
3.88081
-0.51325
6.55886
-0.0893794
-9.27393
-0.292171
9.78701
-7.03174
-3.64718
-9.13061
7.60783
-3.20289
3.13506
4.46307
-5.10184
3.56317
-3.08362
9.59109
-5.59169
-9.91173
1.45218
-0.967693
4.05058
-2.91545
9.62896
-5.51236
6.82953
-2.74703
-4.94776
-3.9791
-5.83328
0.916179
0.92222
0.911576
5.89108
0.736645
3.56857
3.53733
-8.54271
-2.89982
5.79877
8.45636
9.78916
6.81987
4.70841
-2.08767
-0.804991
5.2674
7.07034
5.21921
-6.39104
9.0831
4.52996
0.933903
-7.30555
-3.65686
8.5045
-3.21327
-5.82512
5.32463
-7.51086
0.833119
5.84285
1.50589
-1.00548
9.54238
5.5557
5.09035
3.85076
-0.118526
-7.10837
5.37128
2.09618
-3.25821
4.32258
-5.53343
4.05782
-4.24259
1.41461
8.16059
-3.15637
5.59722
8.61172
1.69045
-8.50251
0.550416
9.49183
1.87901
4.51082
