4.51543
1.86801
9.48869
0.538605
-8.50466
1.6819
8.63873
5.6186
-3.16243
8.1707
1.41934
-4.26297
4.06022
-5.53917
4.32068
-3.26946
2.07552
5.38026
-7.10962
-0.110904
3.84032
5.09631
5.5492
9.54492
-1.00973
1.49967
5.83964
0.833192
-7.52853
5.323
-5.82931
-3.21161
8.50397
-3.65601
-7.30238
0.931079
4.52963
9.08352
-6.40068
5.21615
7.07613
5.26957
-0.809917
-2.08418
4.70037
6.81959
9.783
8.48187
5.79594
-2.89491
-8.54641
3.54308
3.59014
0.747651
5.8893
0.924127
0.920544
0.92705
0.922783
-5.84278
-3.97771
-4.93812
-2.74516
6.83552
-5.50636
9.63874
-2.90436
4.03494
-0.958407
1.44766
-9.8993
-5.60913
9.5837
-3.0985
3.56215
-5.09104
4.46188
3.15695
-3.21676
7.59629
-9.12328
-3.6465
-7.04195
9.78947
-0.303829
-9.26486
-0.0993537
6.54431
-0.511777
3.89241
-6.63215
5.5015
3.1485
-5.99884
-1.74859
9.62847
2.24985
-4.7729
-3.52375
-4.42889
7.68568
-3.65265
5.55951
-4.33264
-3.93548
-3.90889
-0.60754
0.610517
7.70102
-4.36988
6.05564
-3.99835
8.16154
2.70964
9.20191
-9.69046
5.06749
8.89757
-4.74847
-4.73783
8.79855
8.65592
-2.68602
-0.905905
-8.33695
8.17732
3.34185
-0.0961827
-5.14789
-7.1391
2.12987
-7.68713
-6.92006
2.81546
-4.71805
-9.76483
5.21221
-5.19276
0.825346
-4.50229
-0.442756
4.59364
0.2456
-8.99243
-6.73264
-7.61137
4.69264
-1.55373
8.2026
-7.44941
4.87849
-8.30536
-6.7967
4.0073
1.11957
-7.83136
-9.82891
6.78676
-8.94999
-1.6381
-1.66912
3.66296
2.15338
3.22321
-6.74976
-0.154033
-5.76618
-6.03344
1.74136
-5.08914
-5.23841
-1.71508
-8.90795
8.30103
-6.12767
4.67375
-8.39062
-5.57039
-1.92499
-2.97829
-0.897266
-9.89682
7.63938
8.55633
9.33884
4.60098
-7.39139
0.567917
2.34906
3.15455
-2.11456
8.92858
-6.4479
-7.03011
5.01228
-3.95181
1.10051
-9.66142
-2.06939
5.02007
6.34001
9.75054
-0.378424
1.45648
6.93108
0.0530866
9.09764
-2.52814
0.439203
4.8745
5.18364
-3.88559
-5.31386
0.565995
0.565665
-0.504822
-2.29361
-2.28227
5.11275
-2.85997
7.77701
4.61718
-6.05913
-4.27009
4.95045
6.54389
-7.1822
4.5945
-6.88307
4.97201
-3.14605
-5.72214
0.0377047
-5.05952
-9.82859
8.36563
-7.41215
0.153163
-1.59886
8.74688
2.05989
-4.30554
-1.51854
3.53258
-8.42071
7.09977
0.926108
3.96073
2.69635
2.66032
-8.14403
-3.39656
2.88503
-0.309076
4.00158
5.45918
-7.7776
-4.6582
-3.74514
-6.31039
-3.37891
9.72288
-5.18299
-3.20606
7.1209
-9.7074
-5.45243
3.30459
5.9064
4.86037
9.41826
-6.14937
0.0379788
-9.84373
-7.73375
9.26624
1.60876
-8.3489
-4.42504
-0.0705504
-8.49283
-5.07335
7.64133
-7.70156
4.16807
4.21417
-9.1669
-2.40916
7.96042
9.65442
1.87669
4.59305
3.28518
9.8051
7.88371
-7.48701
-0.350787
-0.356654
9.17559
1.53598
9.13545
0.377272
3.29441
9.18332
-7.31703
8.92468
-7.79041
-0.763811
2.95352
-7.83391
3.50957
-4.10262
9.01718
2.26497
1.06393
-7.1476
-2.74802
7.29998
-4.20753
-5.71785
2.75396
-4.5717
-7.89227
-1.40204
-8.73973
1.99368
9.31566
-7.33827
-9.59464
2.14192
-5.19486
-8.28059
-1.17932
-5.97599
-2.85118
-8.43931
-0.314132
3.29022
7.66743
2.99884
3.12728
0.378596
9.65752
-0.794202
1.72043
7.23172
1.91104
3.19129
-2.32631
-3.97191
3.84309
-3.26332
4.13208
-0.951005
-4.92972
-1.09131
-6.39114
5.58505
9.05318
-0.692322
6.39065
-3.01132
2.2241
9.71305
-4.8412
-0.54613
-9.49132
-5.58273
4.27188
-4.12533
7.78444
-8.00782
2.90157
-6.54773
6.071
5.23168
-1.44518
-5.72532
2.23557
-7.11311
4.18596
-4.16288
9.73053
-0.616486
0.0286132
0.0457838
8.17047
-4.70928
9.9101
7.50293
2.01461
-8.03262
-4.76465
2.35943
-9.41169
1.74844
-2.15087
2.44471
3.98406
5.328
-0.660963
3.28376
7.84685
3.95865
-4.71541
-6.83327
-5.18648
5.34394
4.41931
-3.50811
-7.61219
0.724218
-1.48948
-2.04337
-2.37951
9.33263
-2.55798
6.48296
-9.69075
2.2084
-5.02039
5.12352
-2.49568
-8.47202
6.64731
-1.47576
-9.08933
8.71297
-9.87562
7.80824
-6.35493
7.8636
-2.92569
0.838338
0.852806
-3.80847
-3.8173
5.18553
2.23923
6.60578
-4.04476
-0.760302
-9.27316
-2.24469
-2.24435
-4.49227
-7.77849
-8.15646
-1.22658
-7.62393
7.21917
-2.47509
-1.30668
-6.03554
-5.13719
1.95609
9.4235
-2.23626
-4.17203
-4.18224
-4.56567
-1.22446
-2.10399
-5.3276
8.75475
9.27182
-9.33885
4.26899
3.54974
8.93271
-5.65716
9.99194
-6.11774
5.16919
1.47002
-6.62881
-3.2789
-4.08264
3.39889
5.36234
-6.18185
-2.29894
1.22348
5.26068
3.70561
-3.61315
5.7316
0.10514
-6.26404
1.88735
-5.64539
8.43103
2.02074
-0.144443
5.05926
-2.59922
6.82797
7.03964
8.21264
-3.80978
-7.2911
3.46738
-6.86916
-0.599247
-3.19875
-5.43823
-3.78154
-3.77422
4.80613
9.6832
2.99536
-7.04603
-3.31854
-3.18247
-6.56557
5.4569
-4.76243
-4.52267
9.595
6.43719
4.8049
-0.650795
5.90337
-6.54821
0.798925
-4.30321
4.0011
9.20937
-2.92057
-3.01725
6.4476
2.78401
0.206208
-6.14251
5.4393
9.56164
-6.33699
6.84107
-7.76384
-5.76727
-7.11507
2.28481
-2.51798
-0.524559
-5.60941
-6.54511
-4.01166
-4.99687
1.36876
6.87836
6.31274
-8.99173
2.9092
3.7821
-2.80303
-6.58546
-9.89832
-6.01948
-0.600393
-1.16828
-6.43224
-6.94004
0.402881
9.64321
3.3647
-0.844366
-6.55326
1.14962
2.71729
0.195368
-6.85328
-9.48928
-5.3801
-5.35092
8.90826
4.60638
9.30776
-2.85239
-7.35929
-8.07632
6.00494
3.5011
3.79386
0.414659
-8.65418
-4.74158
-4.73073
7.01915
7.74937
-3.76538
-0.568335
3.33186
-1.27528
-2.76766
-2.95521
-2.62609
7.29757
-6.03483
-0.263707
-6.54512
1.21403
2.2686
7.46729
-8.18097
0.257851
0.235994
0.239073
-3.21403
-2.22407
4.84109
2.67258
0.207441
5.65341
0.86631
-1.38183
-2.30835
6.80121
-3.55865
1.19008
-8.32173
-2.89892
0.680792
4.4247
-5.59271
-4.45716
-4.50913
-1.31647
-5.20664
4.08975
7.21328
-5.04547
-6.78599
-5.26812
-0.486204
7.54504
2.52663
-3.70096
-1.0908
0.320521
6.96668
-1.61312
-4.69999
7.60836
0.484064
6.85765
-6.84646
-6.67656
-9.27306
2.86931
2.32746
-4.8593
-8.31836
-9.56652
-9.50491
-5.10514
8.73505
-5.51519
-5.70352
1.46958
-9.73421
5.90356
6.54926
6.41043
2.82638
-7.76076
-5.36703
-6.62628
4.64588
5.97396
7.85282
5.08554
5.28532
9.9586
1.36818
1.08619
1.08002
-0.019627
-1.99697
4.05198
5.98736
1.11572
5.83542
-8.51358
3.56354
1.29623
-8.2545
-1.28762
-8.77111
4.92184
-5.32294
1.5845
1.59947
-8.8142
6.61699
2.13122
-6.19551
-1.51685
4.4169
-1.68059
-1.37853
6.2283
-2.69612
-0.71217
-8.06483
-7.72102
-0.0475337
6.06337
2.35104
7.6695
-7.38564
9.18454
-6.05151
9.23262
-0.951053
-3.83183
1.36832
0.043284
-2.97934
0.479441
-7.61942
2.65839
0.861565
9.00795
-8.14139
6.57591
-2.93671
5.83959
-8.58074
-0.304547
-0.466134
8.30379
7.05617
9.66548
-7.03399
-6.95794
-4.99525
-9.68788
9.3207
-8.78275
5.24631
1.39782
-9.77141
-4.88591
-6.7782
-2.13748
-3.5403
7.64903
-1.03374
5.23222
-3.26749
-3.54964
-3.54204
-4.01426
6.10976
5.4154
-2.67489
-2.48428
-1.70491
-0.520863
-9.06965
4.10785
-8.79162
-1.19499
6.56324
-5.2144
5.09558
-8.82816
-9.52092
-2.99776
9.38804
-0.29234
-4.72135
-7.99119
-0.662106
7.58683
6.25587
-9.95558
-2.28221
4.32548
-6.15203
-7.04673
-7.61965
2.67503
9.00109
-4.56332
-3.3343
5.97073
-8.31921
-0.329764
-1.87056
-4.55723
8.83047
-2.18689
-0.633954
8.87038
8.69516
5.56767
-0.198512
-9.52148
-0.593979
-4.28781
8.91836
7.64722
-1.10271
2.6837
7.75355
7.11807
-1.37324
1.47129
1.47505
-8.28773
9.23504
0.575004
1.66594
6.53121
-2.7663
-4.51868
0.188005
-1.63638
-1.64861
2.57249
-8.3955
8.94009
-3.15891
-4.67081
8.32436
-6.23698
1.21583
-9.66172
8.61648
2.35462
1.90444
9.58252
7.17698
4.70915
4.74339
-6.86517
-8.47429
0.241989
5.28906
5.8866
1.10778
6.29545
0.502892
-0.57518
-8.42794
-2.72422
-9.06379
2.5231
-6.36278
8.66514
2.99073
-9.40373
-6.92827
-1.3033
-0.353491
-1.1943
-4.81166
-0.639748
-5.48128
-8.17048
7.54886
6.93198
-4.2805
-1.83627
-5.67906
-1.85411
-2.73655
-2.7884
-8.96913
1.51266
-3.57967
8.81474
-5.16854
6.42917
-6.19249
-5.99259
-2.90236
-5.24305
0.595738
7.47998
6.21218
4.84899
-7.0818
7.62661
-6.16224
5.24811
8.95729
0.701795
-4.30209
7.68335
3.75109
-7.80135
0.496599
9.62133
6.6236
-4.34311
0.632457
8.76013
3.30076
-1.63182
-1.89298
2.67089
-8.49916
0.669652
-9.72551
5.56304
1.84313
7.4943
-6.83432
7.88613
-6.34131
4.84889
-9.71122
1.86536
4.12054
7.12315
7.10528
-4.23323
-6.79439
0.145109
8.40557
6.66946
9.87129
2.01416
2.03348
5.99869
-1.79294
-9.2585
-8.07953
7.08831
7.8078
6.84716
-1.29819
9.08182
9.90555
9.78723
-9.64957
-9.05407
-8.68132
4.67343
4.68423
-5.30307
8.60037
-2.29448
6.0682
7.4847
-4.96534
8.83333
-1.43289
6.15002
-1.40223
4.48089
-9.18574
8.47417
5.97522
-6.1725
3.55861
2.49967
-2.81056
1.784
1.80036
3.41689
4.70556
5.073
-5.72495
0.160811
-5.54032
-7.57489
-9.02989
-8.85632
-1.80963
5.01657
5.04429
-1.81268
4.03207
-0.0435342
-9.87618
4.19391
-2.65508
1.68663
0.180226
8.54259
4.29126
6.88186
3.36818
8.79555
3.89315
-1.03069
-2.93444
1.54875
-7.82201
-1.52765
1.1818
-9.82669
-8.13587
-6.84883
-1.86771
-4.69849
-4.78907
2.16522
-5.76138
5.54969
-7.09658
-5.94409
-7.00431
1.11227
-2.60092
-9.16619
-6.81302
4.22326
-5.06418
-9.71368
-3.75656
7.34642
-3.17785
-6.46295
-3.32751
-9.8356
7.27336
0.570638
-4.17063
-0.237079
6.80254
-7.13635
-1.25984
4.7579
-9.82688
2.82767
1.90724
-2.07162
-6.8193
2.615
-3.93969
8.65042
8.75471
8.0747
-5.08483
0.827445
6.64812
9.36133
-3.82857
-0.540323
-4.07916
7.08526
4.77038
4.80915
7.7183
-0.33302
-4.84888
5.44321
-1.95658
-9.74188
7.52406
7.55451
-3.58546
-7.69817
5.67825
4.58823
-3.40531
5.22665
9.52454
3.69894
-5.03232
0.139296
8.07788
-8.90425
8.09285
1.91372
3.80119
5.49612
-2.14325
-1.41812
3.82916
-4.45712
-2.03059
-9.51015
9.95544
5.93699
-0.926006
-0.917733
-8.79687
0.876871
5.3056
-3.29176
9.93048
4.78505
-4.18582
5.12345
-3.98989
-4.96033
-1.74877
4.99952
-6.7298
-2.94467
-3.49889
-3.49004
-3.51192
2.08268
-8.07266
-5.86796
9.75302
-9.91108
-5.13059
3.39731
-8.44636
4.41438
-9.29457
3.76345
-8.33293
-7.75862
-8.56456
2.61919
2.63601
7.33166
7.90439
-2.54601
2.64095
1.65556
1.62804
1.63906
3.05948
-9.50511
-8.48688
5.38497
8.55067
8.56654
3.7189
7.62819
-4.34626
8.62922
1.43995
-6.12842
3.10266
1.64714
1.93085
0.113832
4.27037
-3.75367
-3.32666
7.63714
-6.82697
-8.80327
9.38878
-4.80212
-4.69281
-1.07246
0.830833
9.22199
-2.23114
-2.21882
0.252493
3.9042
-6.84665
9.76527
-0.858814
4.10944
9.0332
-3.73803
7.5303
-5.35042
0.307981
-1.25894
-6.07222
2.38141
2.39232
-7.14634
-9.63348
-0.842556
-1.18693
-4.87385
0.515238
-6.78149
0.381883
0.330842
-6.41267
7.91629
3.61807
8.49004
-4.58228
-1.28741
-2.02508
-2.43683
-0.269415
-2.97568
7.73056
-0.89391
-6.93253
5.81655
-9.86312
7.5949
7.87221
-8.27532
-3.9548
-3.95425
3.41764
-9.35764
8.26406
9.49598
-3.09097
-9.02676
0.860465
-6.9335
7.00961
-6.77916
-0.940093
-4.62031
0.831636
0.822098
2.6289
9.51873
8.25701
3.75028
-4.26344
-0.618925
-5.55947
-5.18512
4.63808
-8.81657
-7.64588
-6.12281
0.908393
7.97255
-2.58111
-2.57775
5.47301
-6.09921
-8.52237
8.63173
0.0497502
-2.34344
-1.21541
-8.35891
-1.52763
4.12021
5.07216
8.04053
-5.43223
4.13149
1.42977
-3.50107
-6.10854
4.23333
6.4987
-6.09403
3.90715
8.2921
2.31638
-2.88831
5.77679
1.3973
1.24148
2.506
-5.55765
7.50419
-7.03274
5.15567
0.409401
7.87658
-2.57898
8.7941
-2.59975
-1.18264
7.91267
8.16261
-2.02872
2.5899
-7.47368
-2.91766
9.95547
-4.08636
-7.04919
-8.11553
0.0643958
8.09943
6.27695
6.2334
1.53248
9.59646
9.41529
-3.43968
-5.26779
3.78805
-6.66163
9.89654
-5.03935
5.4893
-2.60464
-2.59505
9.25147
-4.0339
-9.06965
5.91355
2.76799
5.2202
9.91089
8.89819
6.46904
-2.08288
-9.42803
5.04285
-7.97604
2.91267
9.85732
-2.73975
-2.71664
-8.33617
8.95144
4.96923
-8.56752
-0.0383789
0.415605
-1.50723
-2.96933
9.5026
-0.561506
1.75773
5.50103
-2.36059
7.5983
-9.61934
-9.41403
-2.24173
-2.2187
1.74864
3.97293
-0.194894
5.22147
-7.77316
4.29034
4.25609
0.680967
0.139973
0.701711
7.39009
-6.41291
0.501131
-2.96629
2.06444
-0.449198
9.97487
-6.43614
4.05278
-6.08366
2.29192
1.32488
9.34764
7.76228
4.9602
-0.0937218
-0.100287
6.59869
-6.25777
1.14041
1.16935
4.94806
2.54427
2.40188
2.97963
-5.1689
-8.9052
-7.37681
-5.80686
-1.8011
-1.81403
-1.29111
9.29507
-0.686097
7.67174
-0.872055
3.21716
-2.35409
8.18937
-4.42846
-3.32514
3.53097
3.49842
-9.31928
3.99784
-6.05323
7.97202
-2.18835
1.82181
2.98747
3.54179
1.05576
3.41479
-3.96019
0.937214
1.59277
-9.53713
-4.8301
-1.38736
-0.53164
-0.509985
7.18135
7.85314
-7.84696
-5.38257
1.87642
-4.03522
-8.33798
-0.573536
-3.50429
-3.49282
-3.49083
6.556
9.06846
-0.290456
4.24572
2.27922
-4.80656
-8.09767
4.40181
-6.17744
9.46065
4.83405
1.60703
2.82288
4.02728
8.33385
0.684303
-1.37028
4.94646
-9.62688
5.55948
9.67253
-4.71448
2.54074
1.47705
4.62876
3.04371
7.12022
6.93439
5.38167
8.38843
-7.34378
-2.7546
-0.981277
5.34008
-7.86088
0.898451
-1.61826
2.52114
-6.23939
3.07276
5.18825
0.356907
-9.3135
0.932471
-5.83665
-8.17777
6.76348
-8.16946
6.71355
4.54315
-2.24071
-5.4451
2.64945
5.9134
-1.27073
-6.59545
-9.28214
-0.571854
7.55748
3.3859
-8.67891
-5.74706
5.10829
-9.80216
3.61724
3.66631
9.67245
-4.81387
5.71627
-8.63621
8.64025
4.15021
-9.20846
-3.15639
-5.35135
4.10296
-9.23447
8.08068
-6.57353
6.59122
-8.66771
-5.45114
4.41277
7.52062
-4.23495
-1.2159
-9.90823
-1.91404
-7.80681
1.50084
5.9014
3.19704
7.66544
-8.43878
-8.87977
-5.21088
-5.62913
-5.37604
-7.07599
1.09589
4.27276
2.35854
2.36011
-2.00395
-4.89752
-1.97814
-4.88942
-4.61594
-2.13696
7.64338
-8.23889
-4.12445
-9.4632
5.7125
1.29159
-0.837732
9.11418
4.66999
9.0721
7.98857
8.09411
2.87563
-6.97847
-4.78789
-6.80053
-5.74092
8.36696
-9.97468
0.342568
-7.7494
-5.41608
-0.257112
-0.217688
4.31226
6.84487
5.87117
-4.87049
0.96503
1.74021
-8.66312
0.615374
4.68901
-5.25253
-2.13127
-7.89456
1.50212
-4.64158
-8.37559
6.87127
-3.3661
0.563006
-8.59024
-0.237222
-1.71035
1.4495
1.44436
1.43583
2.6761
5.47352
-8.88042
-3.93267
7.25597
-8.62935
-6.52954
1.17789
-8.79885
0.0742662
8.54483
5.3403
6.04704
9.61903
-3.23449
-2.13273
5.43401
-8.52001
-4.57074
5.33166
-4.2436
4.02679
-9.07255
6.3714
9.66506
-8.94464
-7.6325
-3.63999
-8.4714
1.71199
-7.49973
-5.60413
-3.08562
0.680193
0.709562
-3.05161
9.46859
-8.76798
1.94899
-1.98757
0.769779
6.06611
1.0015
8.6154
2.45946
5.35751
0.58777
-2.24591
-1.2253
-1.53892
-8.01528
-2.34181
-3.98239
2.98686
3.02255
-7.97917
2.95139
3.19466
3.20565
2.54191
9.97644
-9.97635
0.610895
0.612526
2.26387
8.27058
6.24794
-3.34028
-9.29689
-0.0256994
6.12491
1.39555
1.41837
-3.88339
2.83767
2.78106
5.11914
-4.79147
-1.0331
-9.77244
-2.20034
3.85839
1.43058
-6.17087
-0.631372
1.35091
0.988864
-6.48869
-1.81976
0.143572
-2.48569
7.5168
-0.108212
-6.81244
-1.47943
6.04176
-0.492667
-0.620286
-6.38638
6.34202
6.45692
-4.01866
0.363616
8.03347
-7.78016
9.0886
5.77382
4.21991
-2.31392
-5.28805
-6.11838
0.0275398
-9.50919
9.99907
8.41103
-0.303445
-3.14012
-3.15169
-9.7666
-1.29371
-1.33272
1.58046
-2.10988
9.58538
-7.14359
6.37911
3.18682
-2.67018
2.9365
-9.23995
4.97724
6.59585
1.22179
-1.42991
7.22465
7.43601
-5.42494
-9.74377
-5.97334
-7.46223
-8.89594
5.24796
9.85519
5.74224
1.40889
6.65549
-3.39895
-4.55846
-9.44996
7.74201
-4.74287
8.52604
-3.60038
7.32019
7.60106
-1.771
7.89856
5.53447
4.21401
-3.87924
-5.51142
2.71815
-4.63461
6.48052
-5.55668
-5.14864
-3.28738
1.23231
-5.51423
-7.47858
0.187982
5.20109
6.00656
0.409473
-8.10392
0.02498
1.15125
-3.3279
8.25064
3.13236
3.11166
1.97445
5.28483
-5.70484
9.60916
4.31324
-3.67088
1.92728
-4.38328
5.42854
-5.92147
6.78458
-1.02116
9.49604
-3.05276
3.72265
-3.13832
-1.71052
2.18584
-7.73279
5.30573
4.3079
2.04848
-7.02302
7.76846
-2.45425
-3.18261
-1.91581
8.147
7.13729
4.30051
3.45375
-0.602126
7.82801
-1.60186
-1.60945
-9.8147
7.46357
-9.21511
7.69221
-1.81948
-6.3967
-8.56567
6.85707
-0.200205
-7.92586
-2.76966
-1.12066
3.89403
-2.38671
-3.99175
4.20779
0.339611
1.02585
7.73482
4.24928
1.42626
2.11871
5.90061
5.1142
8.30156
-7.24579
-3.3502
-3.45919
-6.22602
5.44319
1.75603
-8.32427
-6.0347
-9.81052
-6.96405
-7.04663
-7.34852
-0.613915
-1.08218
-9.35152
1.44099
6.70542
-1.13758
-0.373869
8.93672
4.68177
3.51964
6.43398
6.17395
-7.0496
0.998318
1.25033
-9.74215
-7.93319
-3.81087
-5.08503
-8.55312
-6.56335
2.44976
0.151247
2.62418
0.00521992
0.00419665
-0.300776
6.75665
8.9693
-8.21658
-4.06458
3.68292
-0.863281
9.62468
7.12258
9.04475
-7.44133
8.37974
-3.43513
-8.59716
-9.171
0.59524
-2.48733
5.12042
-2.4449
4.27831
3.07057
4.96714
-6.36584
2.53994
2.52944
9.38433
6.08741
2.51854
-6.34495
3.7575
3.74557
5.08365
-1.48036
9.57924
2.36083
3.42931
7.31906
-9.62659
-4.53314
2.58497
-2.76018
5.16408
0.228242
0.484085
9.90484
3.54812
-0.972312
-8.14178
4.80521
5.2846
3.97898
-5.6835
-5.42105
3.97546
-9.00452
8.49202
-0.19132
-8.54143
-7.95715
-3.69368
-3.59881
-7.36523
6.32483
-8.34927
7.15686
9.94468
-4.85303
-4.89713
-1.21336
-4.12106
1.75811
1.75487
1.81513
4.48049
0.19353
3.17671
-1.26336
-1.25042
1.1339
2.14408
9.68457
-2.36618
-2.30181
-6.5427
1.58562
3.9382
1.33076
-7.51403
-9.50979
9.93458
-1.75667
3.4567
-3.48557
-2.55979
-3.92372
-9.11575
3.12584
-4.73879
5.3077
-9.46753
-3.7561
8.43667
-1.81584
4.72207
-2.85713
-6.42565
0.946652
7.39898
4.31133
3.48445
-5.11145
5.30693
-1.73201
-1.82052
8.98993
9.34675
0.116843
-3.67871
2.85689
-3.07606
9.00536
9.60658
2.10211
4.49206
-6.46035
3.08548
1.63899
1.02507
-3.73005
-8.99894
5.13753
-2.21715
8.12037
-9.79629
-4.10566
-0.873246
-4.28698
9.08498
-0.798331
4.34728
-0.0844379
0.82266
9.59712
-1.65479
1.2532
-7.94185
0.482991
1.67003
1.04284
1.04289
-1.28907
-8.02991
-1.53246
0.465663
-5.86916
-2.14382
-8.29326
1.07142
7.08377
1.23186
1.23909
1.19234
2.23712
8.45638
-2.83842
0.0258363
-3.64509
6.67391
-4.11139
-9.26675
7.57258
-5.40911
-2.99162
-3.90353
2.556
1.50261
7.53429
-5.94194
7.76161
7.53741
6.37925
4.78984
5.04751
9.58831
-1.89754
2.32639
-9.04942
7.78606
9.45643
8.43876
6.46199
-9.20595
5.23463
-9.95243
5.13389
-4.05537
-1.80037
0.477881
-8.72877
3.35314
-3.83078
-9.55044
7.38245
6.15661
-9.0126
3.69245
-4.29223
7.01844
7.2615
9.31134
5.6844
5.51196
3.28143
9.96746
-9.12178
8.85862
-8.01737
4.99815
-5.4811
-3.05186
-3.77995
-3.79175
-6.10994
4.37388
-9.49133
-4.95049
-9.13508
-2.31045
-2.35777
9.92086
-3.88988
5.79826
-0.0602012
0.849922
-7.17201
-2.71846
2.0493
7.3176
4.75772
1.89852
1.37377
-1.73552
2.20873
-8.45303
-8.73108
1.71645
-7.76035
6.78536
-4.5478
-4.56488
9.05203
4.57882
-3.83515
-0.937967
0.58276
-8.09419
-8.92276
-1.74821
8.74818
8.26172
5.84021
-1.15268
1.92244
1.97573
7.19674
-8.72732
-3.816
7.47623
-7.95951
1.06132
0.782576
1.48296
-4.99515
-2.78233
-2.76827
-0.470715
-9.69442
-2.21997
1.9387
9.42317
1.33206
7.66129
9.75186
-7.67131
-4.96061
-7.92717
0.564128
3.56568
-6.46056
2.14182
2.16207
9.95986
3.87175
-0.779147
-8.79375
2.25808
2.50402
7.7006
5.77702
-4.94167
-8.55804
6.39207
-8.06473
7.19659
3.44595
-8.06825
0.125536
9.61302
5.75956
-4.7053
-8.41399
1.92094
-9.3958
-2.68679
7.12322
-7.02166
-2.02529
-7.46661
-4.1261
-6.15787
-7.80955
5.0399
-7.80888
7.42251
-2.4994
-4.1921
5.92891
2.36397
3.71209
-5.33903
-3.09145
6.76977
-9.87562
-8.96845
2.6478
8.18197
-0.0540485
-6.07154
-6.86982
-0.72941
-0.730114
3.83096
7.86644
-3.16865
8.70721
9.29881
-1.16955
2.73304
-0.135238
-9.1451
4.1695
-5.73065
1.22473
1.23105
-3.58612
-3.28335
-8.30104
4.05101
-5.77012
-8.46233
-1.98421
-6.30801
7.90222
1.56534
-0.789347
-7.6546
0.0205202
2.35446
-3.28348
3.69887
3.54395
-7.26188
8.83953
3.6899
2.18812
-4.79423
-5.73289
0.557317
0.576404
-9.56703
7.3921
5.86772
-1.48335
-2.64326
6.30613
-8.4718
1.21452
-7.83265
-4.92497
4.93561
-5.3319
2.03607
-4.79514
-7.80656
8.17497
3.10753
9.00686
-2.71307
4.95535
-0.541534
-4.49478
-8.69308
-7.14839
2.84951
2.00579
-9.24562
0.760251
-3.1042
2.54831
4.78531
-3.24921
-5.22814
-7.32548
3.12136
3.14193
8.87573
2.35344
-4.74222
1.01957
-1.42831
5.7561
-3.64026
-1.76287
6.12335
-3.0041
8.30452
1.06051
5.90261
-6.03102
-7.89791
2.67977
1.38767
8.37057
-4.67498
7.70085
8.19394
6.46777
9.60175
-6.87675
1.04772
1.04267
8.741
6.20393
4.57833
4.13197
-3.73976
2.7064
8.20214
8.9445
8.76292
8.84172
-9.57227
0.727734
-8.24864
-7.67176
-3.88443
-7.82911
-4.28451
-3.99115
2.66842
-3.28749
-0.927397
-2.12767
2.52038
-8.08455
-8.40556
-0.735723
-0.248547
-0.16702
1.1818
-3.43533
-6.1681
-0.972651
-7.61252
-3.53622
-6.98832
7.17435
2.04035
2.26244
-6.22276
9.84104
-1.60377
-0.0811149
-6.06238
-6.87575
-8.64491
-6.95089
4.99733
-8.45455
-5.35473
-1.16431
-9.47149
-5.42025
2.36461
-5.04851
-2.68717
-9.72008
4.30706
2.14435
-6.07083
4.29185
-4.00092
-5.00093
1.14636
4.30642
5.18692
-0.224752
6.91015
4.58111
4.58663
6.26013
-6.431
-1.65525
-5.46036
-6.71925
2.39581
6.20494
9.75301
3.15315
0.63289
-2.68098
-2.6777
-5.02402
1.56822
-4.01349
0.66988
4.87541
-5.49304
-4.27669
8.4007
9.76682
-1.43747
-7.55595
-7.73569
-3.06788
3.77816
2.33944
2.69216
-4.2423
-0.187814
7.54597
3.42227
-6.64177
3.54882
3.69125
-5.48317
9.14046
3.92548
1.68815
8.98814
4.81161
2.54947
-7.0645
9.91917
6.53474
-3.31222
-3.35749
-8.9086
-5.5632
-8.09101
-2.65836
-1.40713
0.132981
-2.5285
-4.50821
6.6033
-6.284
-5.97021
7.44858
-6.75519
-2.14816
-6.32669
-9.70314
0.537382
7.52161
6.23997
-7.18487
-0.0511395
3.8927
-6.11185
-5.99886
-3.18541
-5.94485
-2.85277
2.94098
-1.78127
8.01204
-2.64482
-2.64528
0.1865
-8.23069
5.29302
-7.90757
-9.63567
3.64867
-4.11755
-8.23238
5.51617
4.5736
-4.21494
-4.87051
-4.6295
3.73904
5.30201
0.214381
-8.03622
-4.99058
-8.88919
-8.00751
4.99935
5.59141
1.67513
4.20912
-8.50865
0.944439
3.07626
6.90187
1.73935
0.562684
-6.46133
2.65196
-7.31701
-6.2883
1.45191
7.96596
2.50878
9.21976
-0.0163393
-3.9531
4.40797
-3.11589
-6.77693
-7.36471
0.724359
-4.60566
6.13118
6.87677
2.83806
-3.60363
0.126109
-4.18713
2.80065
7.79868
2.64573
9.41364
-8.36606
-0.197596
9.49323
-0.278305
-3.77505
6.01144
-5.39388
8.23857
7.72788
-8.16483
-6.90631
3.49943
-8.11283
5.05524
9.71587
3.92304
3.96624
-9.35145
9.92462
6.01667
0.0672427
6.79593
-1.31497
9.72339
-2.37865
2.10937
-10.0034
-8.48587
3.47137
4.69436
-0.878432
-2.11883
3.28767
-9.94006
6.82221
-1.51936
-5.55188
9.09724
3.5814
3.5807
-7.54547
5.59948
-6.57472
-8.3507
-5.33312
-9.80113
1.69139
2.68567
-9.48442
-6.29784
-1.78856
2.13898
-4.44855
9.85584
0.269192
8.93067
0.947029
0.493692
2.45369
-7.06596
-1.02068
6.73847
7.73293
-8.02573
-10.0015
-5.02943
4.11309
-7.60119
4.9295
-2.5452
4.40659
-8.60513
-9.73628
9.68803
-4.3398
-7.97788
-2.01865
-6.65711
1.42274
-7.00025
2.13691
-4.07973
5.71461
5.76883
4.62812
-3.44809
-3.45013
3.57563
-7.37498
2.42824
5.62832
-2.57401
7.91347
-0.0185344
0.712053
9.97713
4.24835
-0.141353
-0.291253
0.800229
-3.15749
-7.81616
-2.52105
-4.9145
-4.90433
4.7879
9.63281
-0.0474986
2.59608
-9.56417
-6.0155
7.13843
-7.34738
2.34603
-7.97409
-2.69326
0.3989
-5.84583
-7.31943
-9.41832
-6.49654
-3.0997
-9.01523
-7.32615
8.52006
7.75078
7.6054
-7.827
6.98477
-3.85244
4.07787
-1.51734
-2.92695
6.18939
-3.23015
3.68461
8.94222
-7.7517
-5.21072
-4.15397
7.86251
-9.86492
7.13851
-8.48779
-1.09151
-0.26962
6.97799
8.04893
-6.21593
5.78564
-2.47682
1.21023
-2.83997
5.57194
0.700299
1.13888
4.36274
-3.16878
-4.99799
-4.85861
2.54004
8.09996
-6.59028
-1.6068
9.36201
2.88155
-0.562794
5.39897
9.37945
-2.24091
1.34775
3.48161
8.59844
-9.52222
-6.2935
6.91222
6.12719
-2.31569
6.87575
-4.03934
-5.23696
4.14479
6.89855
2.21253
-0.554549
-0.109981
6.59264
-6.23253
-4.59686
0.515929
3.55932
5.33804
3.93493
4.00214
2.67338
6.15894
-1.43201
8.07419
-2.52983
9.42049
9.98704
-2.32158
-2.32044
-1.13518
7.53459
4.7119
4.44291
7.13709
-6.57788
-2.88847
5.07109
9.64435
-2.0989
3.2648
5.0738
-0.443909
-7.44499
8.75068
-3.00101
4.7748
-5.14265
-2.32082
-2.33026
6.53291
-1.33091
9.7511
-3.08058
-0.374811
-8.55054
6.58827
-0.472629
-4.38254
8.6108
-3.88896
8.68596
4.19827
-9.23476
1.98921
-8.03216
-6.46711
6.7499
-7.66296
9.77301
1.54645
-7.85744
-0.861164
-4.1215
-6.81491
-1.80894
8.53996
-9.64644
8.87267
5.47542
5.00563
-6.10902
-8.9559
6.70958
-3.52186
-3.53486
5.89192
-6.16552
1.63814
1.6473
1.75849
-1.34722
8.34077
-5.75451
-1.22176
0.317241
9.80081
-7.2773
4.84592
5.70435
-9.7415
-1.78015
-2.03921
1.91324
1.90172
0.710871
-3.94955
-6.6084
6.05222
1.94947
7.74299
-2.62694
4.80323
-0.036791
2.14688
-9.00299
6.53795
3.34399
-0.114303
4.02838
-1.53176
0.624878
-5.26535
-4.93929
-1.54736
4.6794
8.4051
2.20517
-1.3926
-5.57681
-5.06752
6.74668
-3.09846
5.23016
4.45634
-5.1574
-9.02318
-8.157
-0.688502
-9.01973
-9.51218
5.83115
0.514628
-0.159992
-6.77225
9.24172
8.02826
-3.23698
-0.865882
7.94412
5.93512
2.30604
2.28405
-9.43023
2.56288
-7.42519
5.5708
-7.85893
-0.634333
-3.95328
-3.53101
0.292772
3.12408
-1.35196
-1.3604
3.90556
0.503331
-8.18124
1.85006
-0.574406
-5.28833
1.57718
-1.75849
7.45767
6.46262
-5.11328
-2.23353
0.0941078
2.83474
5.37379
4.98243
-0.747683
-8.31797
4.27976
5.7302
-6.01383
0.314091
-5.13545
3.66399
3.6726
2.01678
-2.35763
-4.27711
0.00987493
9.56936
-5.57839
-0.529373
6.14886
-7.8203
8.9762
3.98513
-2.57359
5.90066
-2.06204
3.21947
3.20979
-0.335622
-0.386173
2.73344
-3.28836
-4.6142
2.15298
-7.26637
7.56799
8.7149
3.7765
-7.40733
9.55171
-0.264237
-9.94618
-9.86173
-2.27142
3.87129
-0.0736482
-1.44344
-4.00841
8.39725
-7.49924
4.38203
-1.15539
-3.46534
-7.24407
-1.49086
8.27777
8.42541
6.22006
-0.763024
-6.3541
-5.27966
-2.47864
-2.4713
-6.98091
3.41678
2.71513
-4.74543
7.46478
3.33739
-3.7675
-3.72728
3.56327
4.93949
-5.2492
-7.05201
0.579524
7.84159
-8.72236
3.41514
0.702603
-0.16457
-8.72389
-7.74141
-3.34408
-3.32348
-4.55221
-6.29128
-6.65168
-8.3828
-8.10932
6.97367
0.805914
-0.166913
-1.21544
-1.21202
-8.96076
-5.08065
-0.300892
3.67192
-3.13692
-6.4913
9.49016
-7.99613
-0.95369
6.8046
9.396
-5.45953
-9.72961
-4.56395
-3.10609
-6.28799
-4.94975
-2.9267
-4.8178
8.78318
-0.667961
5.54242
-4.04428
1.43053
4.83673
-6.07658
-6.45007
-4.58207
0.794025
4.98769
-8.79603
8.56802
7.56242
-2.34527
7.62253
-6.00705
6.70388
-4.92444
0.886137
5.43815
-1.28646
-9.46453
-2.70009
4.00333
3.75835
6.44678
-6.72481
9.20046
-6.50065
-3.41147
-4.9368
7.87969
2.18661
-1.76821
-2.94812
0.644884
3.43068
1.88925
3.28871
3.29109
2.1829
-0.6276
-2.53921
8.16761
5.21702
3.07932
-8.62809
3.22458
-6.19104
1.888
-8.55742
1.8167
-4.10783
-5.56421
-3.07941
3.39865
-5.9706
-3.10861
-3.10993
-6.23612
-1.8965
-7.60491
0.57536
-6.43019
8.85646
5.36671
3.13562
3.99076
5.76459
4.07014
8.28455
1.10079
-4.32122
-9.87937
-4.01824
0.0847595
3.4873
8.96264
-4.29165
7.68278
-3.04677
4.23605
6.4255
-7.07109
3.5275
-7.79368
-2.27379
1.80353
-4.64432
-9.32463
-8.2048
4.01963
1.34979
9.25677
0.249194
-5.37855
5.07396
5.68969
6.502
8.64716
-8.7355
9.48976
-3.5443
5.43835
9.83716
8.58768
3.84103
3.81004
-4.05527
8.82247
5.91225
-7.38979
-5.57967
9.75022
3.45106
9.7293
3.87423
-2.92794
1.981
-0.335149
-5.22965
1.53239
6.08247
-9.4606
-8.18008
0.173612
-2.93947
9.02633
3.39054
5.01038
-0.761236
-8.35114
-0.372892
-8.87382
-2.62917
-8.62131
-4.62792
9.19848
3.55156
5.71573
-3.58731
-5.93683
-0.116669
-6.9306
0.333765
-3.60324
4.76614
4.74779
1.2374
6.5832
3.89696
-2.50724
4.86097
9.90303
5.74147
2.35743
-6.92969
-2.13668
8.05304
-3.1322
5.76281
-7.91963
2.49231
-9.58274
-4.80338
9.31476
-5.56103
6.72518
-7.54822
-3.97909
0.584561
6.79895
-9.60512
4.57025
-6.57578
-9.50419
-2.28017
-5.92689
4.30635
-3.89572
-3.77585
5.70573
-8.8961
9.21398
6.56475
-6.82794
5.24914
8.18218
-4.51453
-1.02883
0.323943
-4.45286
-4.43774
9.9645
4.29871
6.90905
-1.70906
-9.44562
2.07768
0.501616
7.91998
-4.32797
3.03282
-3.04224
-3.05018
-3.70923
-7.83464
-1.54124
-6.66738
9.88158
-1.22015
-9.7228
8.17048
-4.53799
4.08164
-4.89321
-0.400162
-9.61574
1.67387
-0.32761
8.77037
-5.88451
8.16872
5.59705
5.92015
5.62744
-7.12594
-3.53572
3.59997
-8.8357
-1.19706
4.28327
2.53096
-5.39169
-7.45037
-7.96007
-0.409622
-5.19938
-1.11525
-0.196146
-8.72139
5.47185
4.00673
6.13774
-6.26226
-0.720639
-6.12212
-3.6213
-6.06985
5.09391
-5.64444
1.01767
-7.22411
4.703
7.87207
-3.14435
-3.12029
-0.143422
7.80624
-2.47928
-1.02048
-1.55644
-1.55321
-3.94969
2.5503
-0.536668
-3.5118
6.88286
1.13031
8.73001
9.02286
7.52447
7.32146
7.96961
4.50738
-0.499274
-0.925093
-6.13467
-6.88607
2.34879
-9.94166
0.898441
-2.58177
-1.83037
-1.83241
1.20317
1.18532
1.18792
-6.6619
5.80137
1.12504
-5.332
1.22975
2.91013
-9.33422
5.80076
2.20318
-1.44182
-6.23428
-8.9715
2.36334
-6.72305
3.68183
-8.84757
1.26995
1.2615
1.04215
-6.93004
8.63937
6.40116
-3.15502
4.15876
-0.31914
-0.305911
-5.4258
4.97862
-6.04679
1.9416
-3.50412
5.98803
2.39569
-7.69075
4.37977
8.61523
-5.29694
2.55445
1.37121
-6.32603
-1.20597
-4.84928
5.82216
2.30658
-5.87026
-3.39951
-1.78534
-3.65149
-3.65295
-2.64708
6.19564
4.11865
-6.5365
8.11246
6.00359
-5.01878
-1.69564
-0.029405
-6.64746
-6.18429
-5.00545
1.92531
4.03124
4.55872
-0.618842
6.7889
-4.01838
-5.74673
9.62519
7.80926
-5.69546
8.76087
-0.695111
-0.204896
4.37639
-4.24053
-8.67296
-8.53622
-1.10364
-6.97858
-4.18344
-6.53675
-3.33939
-9.24267
-6.70144
3.71332
4.53439
8.71547
-5.36813
7.5738
6.67633
3.73678
-0.0804038
5.68719
-8.73594
7.33551
6.93248
1.45265
1.47319
-9.79326
3.14023
0.631605
-1.27534
-9.1527
4.38442
-5.345
0.87475
0.0429845
0.572465
-7.45621
2.27784
-6.40379
-6.10449
3.33166
-5.68909
4.68622
9.71306
-2.86232
4.73556
-6.14815
2.82837
-0.654259
8.54606
6.15733
6.59088
-6.26034
-7.08382
1.59037
1.60193
-4.70072
-4.14891
5.06805
6.61004
3.21967
3.91033
-1.81327
-0.0578763
5.60245
-9.49258
6.35266
7.15371
5.51264
1.97674
8.12919
0.323257
0.206769
-4.85247
2.76809
-8.39311
-3.47062
-8.1073
6.88544
-5.80474
6.69268
0.0342059
-10.0075
6.36634
-7.50377
7.97946
7.08859
-7.79683
-4.29694
-9.06112
-5.50375
-0.761505
8.26509
-2.96017
-2.93598
-6.28549
-4.53245
-5.37189
3.96232
-8.02972
5.76997
-3.77011
-8.35591
-3.74014
-8.5498
-4.46875
-3.3135
-1.41061
-1.92714
8.41802
0.746801
-7.43467
2.62099
8.0203
-0.612998
1.57372
6.18198
-7.81434
-6.50748
6.25215
-0.393934
-7.24865
-6.20781
8.54255
-7.48321
-8.54347
3.27493
8.04734
-3.26834
5.93133
7.75396
-9.75676
-7.69226
-7.89802
0.0895321
-2.04291
-2.15929
-7.07964
-9.09053
-5.76946
5.33564
5.50242
-3.50245
-0.855778
8.77075
-3.57972
-5.43684
-4.58759
7.28781
-5.83317
7.85952
-4.02167
-1.01709
-6.56855
-0.920556
2.58123
-1.33189
0.06369
4.03683
-1.35817
1.08473
-3.19126
7.82692
1.3415
-0.161461
-0.194867
-1.38894
-5.28801
-9.59476
-3.98834
-7.27632
6.2467
-0.734926
3.67658
1.97909
0.796903
-5.87539
-8.58216
8.09119
-1.06936
0.255112
-0.962301
7.08872
-8.48039
-4.2953
0.039533
-9.57618
8.43319
-6.74237
1.96846
4.19207
-6.42318
-3.29249
2.71133
-5.17733
1.80613
-2.16376
9.77461
9.2741
7.69861
-3.03319
4.4693
6.44677
3.86035
-5.18164
-0.809481
-8.58694
-2.18798
5.22974
4.68383
8.93116
0.531671
6.66938
6.37582
-8.14668
7.68303
7.1793
-5.36984
1.26473
9.95273
-9.42086
9.80793
-0.316353
-4.47135
-4.4306
-6.78163
1.82611
-6.48573
0.0576124
4.66484
-3.66534
6.42665
4.7215
-5.0889
1.40034
1.22577
-7.70072
-1.06194
-6.63705
-3.98628
-8.77064
-4.29264
-4.29421
-7.60952
-0.72454
-3.12522
-1.60303
1.27508
-8.59092
7.00476
-4.44836
4.7476
-0.502595
4.97214
-9.03896
0.897842
2.75579
6.3084
1.07701
-7.43827
-8.01746
-5.64846
7.02599
-0.886224
9.07477
-0.138837
-8.44361
6.65756
-0.644765
-7.63042
-5.29873
-0.270303
1.95208
4.2275
-8.85695
-4.0703
9.62339
-3.98429
-4.0214
-3.99975
9.25952
-6.91153
-6.02472
8.77898
6.32191
-6.69038
-4.01821
-5.77675
-3.98326
-0.962936
8.24545
-4.85802
-6.85588
-1.87351
-8.27164
-2.58727
0.0963374
-0.859781
10.0098
4.65292
6.53316
-2.20123
-7.78923
-0.835681
2.10873
2.11647
1.50616
-7.44256
6.59366
-6.27798
8.34102
7.28823
1.80177
1.81661
9.6345
6.38358
7.79256
3.66466
3.69425
-6.09568
-2.20863
-6.29079
-3.54454
0.935054
-2.53928
3.47296
7.083
7.20449
-2.80081
-5.15533
2.93043
-5.25684
3.99449
-1.33785
-3.32057
-0.548085
2.10486
-1.25265
-4.71674
8.66421
1.02274
5.50788
3.01564
3.20027
-3.57853
-7.27702
2.53615
-3.7673
5.34249
0.638761
0.617722
-8.00626
5.70203
2.53765
2.57532
4.31713
-0.502771
-5.24137
-6.72199
6.23829
-0.0604759
4.39253
-1.04061
4.93371
5.38603
-5.78981
-9.29547
-1.82125
1.59119
1.57871
3.22037
3.48981
3.50565
-7.90292
3.02616
-9.54679
6.70391
-4.27659
5.31418
6.38023
-9.13929
-1.18373
-4.82858
-6.33538
-6.9131
-3.129
-4.51191
9.12036
5.99296
6.70377
-1.49506
5.01815
-3.70186
2.92441
5.7894
4.97869
-9.41901
-2.28962
1.71853
-2.34648
-1.46208
-6.99671
5.34868
4.98437
-3.39243
6.51401
1.23908
-5.14477
3.86464
6.36096
5.18868
9.16947
4.06871
0.765319
2.52977
4.57426
-4.95537
3.10932
7.22738
-9.36001
4.6469
-6.98487
9.53957
3.96943
0.31982
-2.57055
-1.17452
8.45089
-7.01618
-9.93828
4.12901
9.38437
-8.27137
5.67193
-0.102408
-0.097963
5.83937
-8.59281
-6.28692
3.48718
-2.00674
6.35887
-5.91711
1.45447
7.56016
1.24818
0.398831
0.377305
0.697618
0.535072
0.153705
7.70675
-6.37304
-2.81957
-2.80997
-2.04935
-9.96033
5.0297
2.74857
-8.11437
6.35245
-8.13411
4.63814
-7.67309
-2.61942
-2.60308
7.42967
-5.46664
-9.65557
-6.14837
4.44928
0.476377
-1.061
8.04929
9.90132
-2.04494
-2.03822
4.61427
0.593044
-0.461121
3.64815
-9.9313
-9.44835
-1.68779
-2.97286
5.83926
9.90607
8.76645
-2.32488
-2.90493
4.46671
0.941448
1.87829
-9.06221
4.20692
-1.97365
2.66072
2.65049
-0.659723
5.3458
-6.86813
2.68209
4.94419
-3.09973
3.30719
4.61073
-5.80798
-0.559512
7.3551
1.81408
-4.97159
6.24611
9.24014
3.68489
-0.990744
-4.17123
3.89597
8.31185
-7.07317
0.0268353
4.93339
9.53196
6.48101
-0.830586
-1.21822
9.06599
-6.02319
4.62227
-7.52403
8.14335
0.628759
4.02039
-0.968779
4.03488
-3.6761
2.07638
3.8424
-1.64678
-2.88005
3.06382
1.81617
5.01086
-3.91006
-3.53624
-0.173517
9.00334
3.15401
4.09523
3.64078
5.40926
-2.6212
-3.33903
7.5402
1.83402
-0.822853
-0.797961
8.40738
-8.38682
-4.74603
1.48689
6.21013
4.63207
4.06064
-6.78495
4.50234
-8.57126
-5.72641
-0.677479
8.25863
9.81912
2.35616
-1.76709
0.50865
-2.80513
-7.79358
-3.14877
-7.70668
-3.33933
2.80705
-0.137426
-0.145469
6.18106
3.793
-8.2726
-2.62833
-2.60146
6.25126
-8.48436
-8.32958
8.68745
-6.22809
2.67615
-0.175884
-1.3851
6.10603
7.48611
-8.58455
-7.01144
3.23038
-4.08801
-1.48165
9.64095
5.86223
3.61135
6.62989
-0.527484
-3.60186
8.45032
8.34607
-3.94839
-4.47929
-4.62343
-6.3865
-1.58187
-0.816182
0.636001
5.4955
-6.43369
7.15031
2.40346
2.05082
-0.999458
6.98377
-7.47481
4.08692
-5.68461
8.94404
-8.62851
-8.12295
5.21114
5.87488
-5.53593
-5.65736
6.20568
6.21082
1.26226
2.51286
-9.1049
1.8561
-7.64869
6.56442
0.396521
3.86502
4.58162
4.25845
-5.39017
5.40665
-8.30922
2.9857
1.23406
1.27878
-5.45175
0.539742
8.27817
1.41062
-8.57151
-8.51744
-2.53284
-5.67718
-6.17965
-0.200874
5.63696
-2.07205
6.84551
0.323159
5.2278
-4.27045
6.52789
-0.862013
7.4915
-9.7618
-5.43335
9.01581
-6.75935
-1.69622
-6.82255
-9.22813
-5.01142
-2.38329
-8.94973
3.85112
7.27262
7.52038
4.49771
-0.330386
-6.12277
-0.209752
-8.43639
-3.97634
-2.13295
-6.82455
-3.78667
-1.69945
-4.01241
-6.82019
4.85153
3.6637
8.39362
-3.24063
-2.5894
7.45103
6.95118
-7.35716
9.44857
-5.38354
9.27239
9.47135
7.74446
8.04392
-4.9497
-6.27152
4.62571
3.78806
-9.3472
-1.75175
4.29338
0.538254
9.31138
7.28388
-2.66069
9.28432
5.80295
0.0575577
4.88851
4.87915
-9.90918
4.79101
-3.98115
-5.14197
-8.07235
-9.17971
-4.5379
-6.41309
-1.43351
6.45411
9.99691
-0.845944
-0.86535
0.619339
8.85931
-1.8271
-2.28542
7.04249
-0.0282519
5.78644
1.32451
-7.58575
0.765354
0.786209
-0.777824
9.55815
-9.5785
-2.8392
9.58862
-8.30644
5.90199
-0.637176
1.46053
-2.46073
7.80931
7.42823
-0.559433
-1.24497
0.608331
5.62038
6.83302
1.47918
4.97547
5.87994
9.16126
6.9684
-8.5211
3.84862
-6.18168
2.65079
-3.72253
9.62221
-8.70695
4.78914
-4.26638
-8.1462
-1.23831
-2.93145
9.62368
7.73079
-7.13338
6.0657
-4.30501
5.35278
4.47483
6.74777
-6.40572
7.78784
7.85163
2.39655
1.23341
6.95177
1.64423
5.13268
-4.61795
8.55609
9.40383
2.07433
-3.40897
-4.02786
-9.19288
1.8757
1.88877
-7.69211
6.05388
9.75359
-4.80798
-1.76796
-1.79071
8.22617
2.06116
3.6172
0.949636
5.85728
5.98071
5.54727
3.9811
-5.92362
0.859644
9.23815
-8.47628
-4.78017
7.34106
-1.91873
-3.30895
6.24939
8.36474
8.15217
-4.06475
3.7369
-7.58319
-2.86242
3.12947
2.00219
-4.91335
-8.48369
-9.00505
2.42923
9.92968
-8.60881
9.23351
3.56932
-5.83437
3.23394
-0.49463
4.05374
-8.17502
5.93792
-3.5038
0.518179
8.29941
9.90836
-6.71351
0.242871
9.39023
-5.37816
-5.90796
-9.5318
8.77206
-2.90268
-2.56075
6.29916
7.91937
5.70894
-0.194444
-4.12361
4.18542
8.06262
-5.84908
6.94164
7.21094
6.92507
5.44634
1.65295
7.60596
2.28948
6.96908
-8.95743
1.43993
-3.20749
-9.58188
4.66958
4.17863
4.74543
7.50706
4.95334
-6.60785
0.00553415
-3.5216
-9.39508
-2.36767
-2.12646
-8.66968
4.16677
3.82286
-3.35005
-1.65596
-2.79413
4.64351
4.78931
3.51845
-2.09045
-2.08851
-7.70998
8.90581
3.31107
1.67493
5.22254
7.31929
-3.76136
2.25935
-6.91864
5.02753
1.1611
-7.33116
-9.26972
7.1061
3.83941
3.33742
-7.23094
-6.14454
-8.70278
5.41752
1.32652
-2.03003
-8.71895
3.99576
2.49909
2.47442
-4.71341
0.00363541
-0.00540417
-1.94372
2.03563
-2.98648
1.88182
-6.20762
-0.214017
9.10925
-10.011
6.43389
1.33088
7.17717
9.33572
2.90559
-8.99653
7.75454
-0.904611
-0.901851
2.38258
6.25104
9.63396
2.67273
2.65786
9.98734
-8.83179
9.79778
9.89873
2.07009
2.09601
-5.9114
-4.75631
-4.9919
-8.1629
-3.97588
-1.7659
-1.1657
3.41659
-8.44915
-9.26692
7.82549
-5.59693
-2.08643
9.29408
7.98771
5.78437
-7.85924
8.05252
1.53675
6.13275
-0.758779
1.27227
3.3969
7.02031
-9.19758
-3.54779
9.00005
4.49042
1.33416
3.76145
0.576188
-0.129978
-2.06022
-7.70058
5.0352
-2.33896
-2.35506
-2.13521
9.30958
-0.639966
-4.51339
7.92522
-9.51635
4.99666
0.758714
4.52812
8.44701
-7.62729
-8.86728
2.54292
-4.24383
4.40435
-5.40321
6.68008
1.32857
3.00477
-9.31959
0.790288
-3.18047
-4.07061
7.2884
9.7346
7.18673
-5.85293
9.96337
1.5074
0.990915
1.0056
2.85681
8.29578
5.60378
5.99348
6.07042
4.72589
4.72254
2.26111
-7.51012
-3.76784
1.85839
9.10146
-0.238323
-9.89233
-4.3552
5.13461
0.786587
-3.53868
6.32151
-0.934594
-0.90803
-0.419784
9.49375
5.35692
8.05164
-5.06037
0.940049
1.02084
7.68219
-8.48737
4.23044
4.23063
-6.96662
-3.1521
-5.30914
-0.339758
6.95018
0.612669
-9.36973
2.46276
4.3732
-5.46329
-0.205145
8.04316
6.8205
-7.78683
-1.39837
-4.02702
-3.28005
9.00167
-2.34371
6.40415
-0.943334
0.577435
-8.50707
0.916225
2.18167
-2.59595
-6.54688
-6.25687
-3.01183
8.12161
-8.03758
6.15751
-7.33138
0.0386318
2.48667
-1.86622
-0.0903306
3.83157
-2.67387
6.83025
-4.19774
-5.00868
6.58029
3.38495
-3.04129
-2.35896
2.74679
-9.1224
2.32031
-7.06103
7.12974
-5.34142
6.39174
1.28587
-1.76386
-2.53999
7.97317
5.00651
-1.47841
3.24514
7.88193
3.39595
-9.32497
7.63221
2.15123
6.06343
6.81663
-4.97338
5.28035
-1.92048
-8.1837
-7.74977
2.22487
-4.19448
-9.6347
1.13797
1.14558
5.83824
-3.63857
-4.94127
5.8369
6.56672
-2.86618
6.90796
-3.32003
8.9695
2.59382
1.9393
-2.49042
-6.77589
-5.75238
-5.08401
-5.29052
-0.86674
-6.68549
-0.36848
7.95467
3.16723
-9.81611
4.15013
6.17653
-8.44196
0.242419
2.07563
-3.59006
-7.65767
9.6002
6.75019
-2.28151
-5.07613
-5.98928
-1.28762
4.29302
7.36213
5.98521
-7.04365
-1.16323
9.71642
6.05027
1.49088
-1.91391
2.0337
-5.08242
0.734066
7.11523
-2.52932
3.07538
4.30347
-5.59155
-0.223392
2.65063
-2.84352
4.94697
6.15825
2.34896
5.72053
-6.72396
1.36283
0.358189
0.393928
2.40401
4.11263
3.7134
-8.88435
6.95878
9.89563
-7.19339
-8.91379
-1.2556
-1.2545
-7.21399
5.97769
9.40862
5.2214
-1.23374
7.03001
4.40424
0.888098
-3.26558
8.86856
6.40661
-6.42266
5.86062
-8.64124
-3.09068
-3.02208
-9.58737
4.26049
-0.665625
7.45554
1.88584
9.37926
1.64812
6.26628
7.10399
-2.4401
-6.87345
-8.43459
1.04355
0.288308
0.584982
-8.66196
5.31745
9.62521
-5.58869
-7.90491
1.81276
1.84507
7.36596
6.90465
7.24522
9.97543
8.37013
9.14071
-2.9437
-5.44603
-3.5463
2.255
-1.27525
9.17361
-2.85667
2.19556
-7.43686
6.84012
3.39667
4.28362
1.99073
2.2801
6.81356
1.56865
5.33207
-7.30182
-9.97259
1.58658
-3.20463
-4.93666
-5.38511
9.83773
1.50638
-9.1383
-5.78945
6.19753
-6.9299
9.30389
-6.45859
-4.14811
9.13481
6.09724
8.52424
-6.05707
-0.786631
0.63052
7.12394
-2.47013
7.40003
7.386
6.86225
-8.63324
2.48123
1.46101
4.98545
2.31542
-3.46625
-0.394834
5.18307
1.86022
6.88363
1.09967
-1.79331
-3.9462
-6.90676
7.08056
1.67963
5.9264
0.710111
4.2617
7.93452
6.40318
2.6251
-6.14324
7.689
5.50066
-7.63856
-2.9517
-0.200733
0.964736
-6.32559
4.54488
4.0384
7.71979
7.03806
-3.22541
-5.12649
1.10775
-8.05262
5.52899
3.9024
-5.06098
3.29855
10.0343
-2.99681
-0.00593446
-1.06357
-0.754124
5.65516
-1.38299
5.55763
3.5326
-3.02583
-4.72796
8.47801
6.43524
-2.06691
7.13133
-1.84263
8.50078
6.73882
-7.19668
1.36478
5.89034
-0.359823
2.7369
7.39431
6.69067
3.46772
4.89937
-0.298036
0.0759211
0.174445
1.90947
-0.83338
7.5067
1.42813
5.3643
-1.79406
3.308
1.1954
9.08245
-1.99482
6.96233
-4.36559
-4.82863
4.35301
4.68107
-6.72811
-4.36339
7.46389
-5.98544
-1.12855
5.07992
4.28714
-1.76878
4.55263
4.5529
-1.69882
-1.72911
1.42354
-9.74502
7.9814
-3.67364
7.71389
3.19113
-3.93154
7.77672
0.0355711
-7.88404
6.28042
5.34433
2.41833
2.88768
-7.11655
-4.2203
-1.9096
-4.59006
-0.210544
8.78699
-5.95183
-6.24199
-2.20777
-5.54616
5.5718
2.59939
4.763
5.86751
-3.3329
-0.900564
6.10426
-2.2303
-2.26212
-2.25315
4.52509
0.656362
8.60551
0.600968
2.55359
-9.48999
8.20859
1.54518
-1.68358
-7.66372
6.7134
4.95143
9.59495
8.70655
8.3004
7.24412
-5.26314
-4.09968
9.46487
-3.5538
-5.55353
-8.64521
-0.770102
3.36416
-9.35284
2.21959
-5.53057
1.54491
-0.182081
-9.80606
8.31376
-8.39665
0.27194
-9.69865
5.49072
-9.28861
-3.18705
9.48251
-7.14434
9.72465
3.49716
-9.00686
-6.45853
0.254093
-4.69626
-3.33739
-7.81828
4.90852
0.0962063
-4.4673
-4.78023
1.11498
-0.997269
7.42833
1.63912
-3.34561
6.08034
-2.1844
-8.86166
-0.237504
-3.63504
-5.37928
-7.24473
5.63749
0.35578
-9.47406
8.20549
-4.77288
-0.0501134
-7.6475
-9.14201
6.37935
8.36915
-5.37681
-7.46904
-2.49239
0.274461
9.26903
8.15822
-6.33695
-1.17594
-2.24132
-5.99086
2.085
-8.99657
0.693564
-9.40315
3.79678
-5.38273
-7.5712
-1.05332
-7.49355
9.79531
9.84007
4.22873
6.1413
-4.65282
6.48207
-8.62473
1.01743
-0.0247906
-6.13147
-3.03668
-8.08296
4.80112
7.28286
2.32461
-4.83313
1.64983
4.88759
-6.03082
4.03186
0.690524
-9.88259
1.06758
6.55448
6.55541
2.50452
-9.24652
6.90509
6.95583
4.8137
-2.27923
-0.787806
4.76863
6.00546
-9.30675
-9.7514
-8.71647
0.479264
7.0895
4.23121
-6.89938
-4.3153
-3.66725
-9.4574
-9.9323
-2.0976
-2.79872
2.61699
-6.4895
3.01608
2.75984
7.73095
-0.0156046
3.79278
-3.60515
-3.27777
8.96055
-1.5148
-5.94839
1.60688
6.95724
-3.84554
-3.75579
6.96358
0.692843
4.78139
-4.14154
7.40612
4.49841
-0.567521
2.1484
-0.704812
-3.93924
-0.312671
4.53177
0.495403
-2.76823
5.42291
-7.31244
-2.68158
2.93813
8.41231
3.23092
-5.37257
6.78029
-2.94459
-8.01555
6.30762
5.80454
8.74587
8.14478
-6.64736
1.04527
1.0342
1.05237
8.83367
-0.860991
-8.03554
-3.70313
2.9183
9.53117
6.90741
2.18943
2.16597
5.30919
7.16675
-7.9911
-4.09214
2.40623
-3.22998
6.06815
-6.77866
-6.67755
9.82873
-3.5007
7.67447
8.31259
-0.548687
4.55906
1.03861
9.87993
-9.69285
5.07633
-4.8247
-2.16442
-2.90299
-6.51746
-3.54569
7.75809
-9.50323
0.707821
3.52788
-0.542531
-4.6009
0.702689
8.43441
-4.06394
-9.50494
4.46177
-7.18805
9.74122
9.45985
8.82194
2.29121
-9.77153
7.2492
-9.1375
8.76582
-4.51585
8.5726
9.22298
8.76538
7.71795
6.59282
-1.62749
-1.62304
1.86631
6.25056
8.05537
-7.62403
-3.79085
5.91047
-2.29356
3.06695
6.68755
5.83283
-4.96725
-4.02602
-3.2597
9.41184
4.82931
-5.08248
-3.68307
6.04257
1.61588
-3.67976
3.70582
-4.01741
-2.02284
7.3766
-7.78199
-2.92813
-7.72795
3.0041
3.02268
-5.82692
1.34062
7.21561
-5.36749
1.9081
-2.31123
7.81286
7.2453
1.33511
-7.33673
2.89152
-3.2245
-9.34666
-8.08005
6.61541
6.34449
0.317414
-0.95727
9.515
9.77995
-0.518214
5.42075
1.01792
6.27252
-5.89109
-4.53352
-4.84399
0.321421
-9.86672
1.43055
-7.95131
1.79792
-9.87507
-0.176012
8.62308
-0.40334
-0.405819
5.6895
-1.72439
4.67867
3.22495
3.21612
6.41374
-1.30366
8.29479
0.420844
3.40841
9.69429
-5.62913
9.92439
-4.01803
-6.72662
4.24616
0.451656
6.83922
-6.22097
-0.948982
-5.39019
-2.73992
0.0551874
-9.29388
5.59052
-7.53532
1.27326
-9.97839
-7.17101
-3.11565
-4.3522
1.93979
-6.3107
-7.59121
2.36423
-8.55942
-4.1031
-6.37344
3.03721
-4.33075
2.28873
4.91638
2.58602
0.313718
-2.97656
3.1525
4.2089
9.4977
-6.5779
-0.522014
9.69283
-8.76367
-5.02387
0.203515
7.18104
-9.34357
-8.64507
-9.60817
4.87946
-0.334716
-7.52
5.38203
-5.15425
-8.09766
7.36219
6.39308
-3.21635
-6.19905
-8.10639
7.97387
-0.180015
-5.26794
-6.89126
-9.17991
-1.63789
-4.59275
1.96118
1.93911
6.5505
1.35532
2.68975
5.95096
-6.37709
4.26015
-5.81276
-3.94672
4.82054
3.61572
-0.0321498
6.51224
-6.8234
-2.96149
-0.582296
3.21078
5.08803
6.89445
7.80129
6.08836
-3.10093
1.00944
-5.8282
-2.00567
-5.84476
-1.11712
-0.710669
0.225065
-6.95121
-0.754739
9.2313
-2.93481
0.0138883
-3.63052
3.15562
-3.08466
-1.64302
-9.02663
8.3879
4.36162
3.75182
0.718198
-6.33878
7.00743
7.41274
-4.95277
-9.923
9.50737
-7.69082
-8.22328
1.78899
8.28933
5.35534
-5.19239
0.246496
9.97142
-5.90032
-2.90238
-5.1377
6.36983
-8.08896
-3.99357
-8.2553
3.46691
-1.5959
-2.90389
-5.9729
-8.88582
8.48721
6.91314
2.04874
-9.86735
-4.36378
0.769116
2.33913
-9.65557
7.03424
3.32668
-2.22614
-1.99283
-5.02505
-0.166286
9.00409
0.891261
4.49997
-1.41987
8.04295
1.54914
-1.84656
-4.82051
-4.53836
-9.15179
7.63772
3.79497
2.20223
9.34216
9.06429
6.20267
-2.6954
3.4536
7.38403
2.24328
-4.39915
-5.10933
-3.73233
-9.1248
-5.24142
4.6832
-3.84641
-5.50335
3.50381
-8.37306
-7.11515
1.74901
-4.74195
9.07245
-4.38692
1.8249
-0.539823
-6.69425
0.576113
0.857072
1.42942
5.37439
0.698955
-1.11663
2.60782
2.62239
6.9072
2.12212
2.82739
7.0822
2.49272
-2.92061
3.85877
0.298354
-5.10848
-8.89479
5.52076
4.21151
-6.42034
-7.43784
-5.26009
-7.54721
0.205425
7.44368
2.86416
5.70252
-0.070766
8.10658
-1.53912
-9.88839
1.53784
4.44191
0.799035
3.92218
0.829717
9.69335
-0.233334
-0.266972
0.468741
0.464583
6.86564
9.80053
-4.11966
-7.90066
-6.74392
-5.84369
1.70578
8.07614
-2.32021
3.88881
-7.00318
3.51098
0.567013
8.28876
-8.60944
-0.426003
-0.446322
-1.16475
2.9692
-8.5406
6.00152
-8.26992
2.95593
-7.73878
8.81708
0.34266
0.338413
0.0186468
6.02758
-1.14933
9.81114
5.33412
-0.191361
-0.160616
-6.08454
-0.882367
-9.85735
-0.763333
2.08992
8.62466
-5.96291
8.9856
-1.35356
-8.50754
-8.34011
7.57422
3.48484
9.1512
7.5351
9.89331
-5.17763
-7.57321
0.140019
8.72444
9.25574
4.16061
-7.79827
5.63681
8.57034
-9.27319
-3.45729
8.22182
2.48789
2.47626
-2.19566
5.31585
2.18359
3.33526
-0.66383
-0.678938
-2.73305
-2.34944
2.82532
7.07747
-2.14526
0.194173
-4.86697
0.298746
1.84426
-8.07756
0.762133
-0.204907
4.66083
-4.00383
-0.647664
7.70306
-7.17959
-5.86442
6.67072
0.322966
-5.31477
-2.86929
3.86323
-9.76155
-9.13527
-7.29102
-9.96862
-8.50589
6.30822
-9.07287
-5.73364
-4.60774
7.4687
5.54083
4.15451
-6.13856
-2.89358
-5.98614
8.41493
8.83301
1.80468
-7.03275
2.77252
1.56693
-9.22635
4.00453
-6.25818
-0.406042
-7.59646
-0.282292
9.28004
6.14274
-0.169683
1.69574
-9.58279
4.44549
4.97655
0.28724
-3.78581
8.81598
-3.38819
-7.91349
-7.49406
-1.08626
-8.35169
7.53335
4.71118
7.40056
-0.92906
7.18948
6.1483
6.81778
-4.46091
-0.169715
-5.18955
-9.96736
-6.67546
-6.12492
0.145836
0.144336
-8.52554
2.82942
3.75498
7.22731
6.18026
-5.66519
-6.57516
5.15795
-3.10417
-5.96241
-6.50498
8.8318
9.55666
-5.38091
-9.95852
-6.77816
-6.06796
-4.56525
2.41028
-8.14469
2.82363
2.99523
2.8714
3.16821
3.18796
3.1368
-7.98704
0.0566453
3.90879
2.55516
0.173208
1.47487
-7.77728
-5.3456
-1.51555
-5.7277
-8.47907
-4.0538
-2.19355
-7.06944
-8.72068
0.307942
-5.43281
-5.45748
2.05675
2.04838
-6.73211
-8.97797
2.74893
-8.4884
4.51127
-1.07413
-8.13412
3.31907
-8.26828
-0.719261
4.97269
-8.66904
-8.96661
5.40681
0.67338
4.08068
-1.17794
-7.82284
-1.10973
7.17166
0.0749969
-3.51184
-2.88749
3.94519
0.5294
3.83619
-7.15508
0.675352
0.644837
-8.34562
6.03699
0.345554
-4.03257
2.80218
-5.30177
-3.32823
-5.42264
8.42175
-3.22369
-8.85392
5.43218
4.43488
-8.31174
-4.64318
5.88414
8.54248
-4.49853
3.97809
-6.68715
-4.26485
3.18329
-7.15921
-6.14879
2.94608
-9.81281
5.69117
4.48639
6.512
8.20547
-3.42653
-2.57947
-4.92184
-6.59032
0.660469
8.39688
-2.3825
1.95077
2.24737
2.08796
2.08518
-1.25083
8.43735
3.54319
-3.78016
9.87906
7.11878
8.57912
-3.86379
8.1743
1.47253
7.2229
2.69695
0.0511126
0.948473
-8.5083
8.52096
-4.66923
-0.465711
-6.58378
9.21591
1.89625
8.93964
8.59104
9.00445
-6.17431
-5.0551
-0.269659
-9.81557
-2.68902
7.04793
-5.12047
5.10405
-0.238547
1.17252
1.83683
0.89719
-5.51698
0.20649
7.24478
0.767867
-4.81444
-2.96725
5.81572
-6.24483
-5.40334
-1.93611
5.08255
-0.145589
0.490636
8.72477
-2.26278
-2.24224
-4.63577
3.38871
3.38319
6.05443
-4.85008
-8.91954
3.93946
9.3786
9.77309
1.37242
3.21484
4.26145
4.17089
-6.56928
-1.56692
-1.58927
-2.12681
-6.61155
-0.260925
3.06919
5.33708
2.25039
-7.69598
-3.55533
7.80128
2.45009
9.56451
-4.16116
8.06285
4.28166
8.43652
-2.08826
6.60717
8.81311
5.75189
8.4067
8.23138
-7.61522
4.79451
-5.67736
-2.10905
-6.74899
-3.04855
7.79603
2.11425
7.97324
1.4636
-5.08731
0.45779
9.27887
-4.02353
-1.61105
-0.0726899
-0.0612262
5.06663
7.80773
-1.53858
-1.5559
-9.07385
4.04655
9.75922
-3.93108
0.6574
5.82068
3.22074
-4.84814
-3.79896
2.15052
7.70866
-1.02063
6.46976
3.42055
-9.68987
6.40305
-5.82014
3.59008
-1.7274
-3.06563
-2.38041
-2.34834
-6.80182
-7.24011
6.49054
-1.51102
0.650468
0.0515967
-8.04631
-9.79832
2.98982
1.76032
4.98365
9.44825
-9.52109
-7.57351
-4.03333
-8.51595
-5.35226
-2.82353
-0.0676112
-1.44557
5.84246
6.4274
7.76351
1.70327
-2.81081
9.01455
-8.06714
2.83266
-3.02992
-3.04625
5.7754
8.90754
-3.84912
-8.67387
-6.40827
1.32391
1.33669
6.20421
-4.67536
1.05084
-1.85328
2.96184
0.621811
5.25266
-1.08744
0.851884
7.05044
-4.52131
-2.56798
-9.18268
-2.01587
0.264604
-3.84674
0.693368
6.07611
-9.29728
-8.77723
9.59302
-1.29873
1.39188
0.582727
-4.96023
1.88141
-8.75816
-3.32189
0.991297
9.48192
2.19361
-4.80806
-4.51319
-2.47793
-1.62446
7.99285
-9.58647
5.24294
-2.16343
8.3884
9.88812
3.45057
-8.14354
-7.60099
-1.08578
0.105867
9.95705
-7.5306
-3.37282
4.09797
8.15576
9.92035
4.55136
0.0650645
3.1303
-4.21072
-7.82864
-7.06228
5.81299
-2.52092
-7.73992
1.10222
1.14752
-3.11725
-9.95916
-5.45596
-9.73419
-4.91862
9.31253
-8.76328
6.13665
-7.61187
-3.29481
-3.74794
1.76885
-4.34202
-4.32123
7.59142
-7.09338
9.93859
-6.93044
7.66361
9.6371
-5.29656
-5.14449
9.87116
2.29577
-1.70774
-7.37576
6.20891
0.0656068
-8.62624
-4.86221
6.04543
-8.91655
0.0127986
8.53486
5.03001
1.04103
-7.14259
7.48691
-7.44525
-4.24543
2.00387
-2.21823
-8.58207
6.09821
-0.13534
-8.70768
1.87604
3.49754
-4.60962
-3.45552
-2.67215
9.51415
2.53298
1.22472
8.89907
6.9588
-0.758692
-0.741741
8.37202
6.88804
8.42363
-9.8547
-5.31182
-1.02933
8.65365
1.33362
-0.825466
4.34441
7.11446
6.47709
-6.72383
-2.41703
0.704237
-4.77564
-2.49171
-4.45377
5.95601
-9.6664
6.6482
-7.46543
-4.63801
-0.337983
5.5491
-1.34434
-1.33992
4.68952
3.03855
1.63167
0.765874
-4.59545
-7.52715
-3.32093
2.96614
7.30678
3.23218
6.96271
7.5649
8.38201
-5.44464
-4.46998
-1.21178
-5.54397
8.98376
8.9241
4.71352
4.76555
-3.6919
-5.03542
-4.33449
-4.66737
0.0405806
-7.37313
0.251271
0.285305
-7.49289
-7.26996
-6.21991
2.69123
2.88253
1.85495
-5.56286
-9.85135
7.5371
-5.48557
-8.98417
-1.8467
0.7472
7.15987
3.09138
-3.97996
-2.88593
1.93843
4.60857
-3.94776
9.83225
0.418648
0.419806
5.11316
1.36774
-1.25225
-0.480127
7.12568
9.21516
8.7972
-2.12272
-2.14361
0.875325
8.95503
4.26553
4.54158
1.9463
-3.03778
-6.49494
-9.08088
3.16394
8.78613
5.95265
9.96727
7.66262
7.99126
1.72086
1.75684
1.7011
-7.18757
-2.86673
7.54118
-6.5157
-7.45671
1.79607
-5.98709
-0.763371
-2.72651
-6.42557
3.70881
-3.66946
7.15168
4.83724
0.305951
7.39307
-9.01452
-1.38406
-6.49211
-2.22454
1.75362
-8.02997
-2.09386
-6.72807
5.52955
1.22788
2.41694
-7.8601
-6.79422
6.33895
-8.5474
-4.2727
1.85523
-1.78572
7.34528
9.86808
8.72565
7.51994
9.65933
7.89554
2.21731
1.45178
7.26464
-2.838
1.61015
-4.80953
7.35925
8.69036
-8.60383
-9.77829
-5.5263
1.15347
3.84121
3.38902
-5.09255
5.85147
-9.30623
-4.88377
-0.286394
-5.29571
6.16525
-5.34898
1.11813
3.29697
-7.65862
-9.02718
-0.0382401
-0.879053
5.84382
5.1992
7.25749
6.06609
-4.28722
4.30394
0.127529
6.66459
-0.540397
5.14327
-9.112
-0.499393
-6.55341
7.99738
2.08877
8.02
-1.83311
-1.85313
-5.80838
-2.83149
-1.30488
1.73753
6.4079
3.18021
7.84471
-0.456681
2.10817
-0.709098
1.31076
1.27385
8.30371
-2.30164
-7.86465
7.23704
-4.08115
-2.38142
-2.3832
-0.701248
-1.6134
0.163471
-7.30816
-9.98794
6.06209
-8.50739
-5.7928
6.80059
-7.9289
-4.12702
-5.12214
-0.455977
0.98294
-4.13812
-3.79558
-5.7036
5.5842
-5.27312
-5.26617
6.41128
-2.50515
-5.01413
-5.26926
-3.16335
3.34066
-1.92053
-8.10037
-5.07875
3.98324
-4.69773
7.12409
2.74424
-8.12363
-8.46807
9.15553
-2.20365
7.87251
-6.09818
-4.44263
-6.663
4.85333
-4.28309
0.120629
-6.34993
-0.321011
-9.33098
8.91437
3.75481
4.94995
4.91939
-7.31714
9.90462
6.59023
0.943891
-8.02039
-0.110036
4.68972
-5.079
3.75045
-2.3081
0.94083
5.09909
-7.15156
-0.0244407
5.8072
-4.32576
-5.69492
0.0857386
-3.48171
-9.46962
-3.043
-2.10809
2.66521
7.58384
3.96247
2.72537
5.66227
-0.817048
7.57688
-8.61102
-1.95861
0.645962
-0.894158
-9.9242
-8.58352
-0.695677
3.31018
-5.08185
-5.62242
6.38225
1.66704
2.30972
-6.3678
9.424
8.73194
-3.99766
-1.11652
8.61761
-6.22796
-9.10636
3.26508
-8.55368
-5.99141
0.512115
-4.0789
-2.76263
8.42477
4.1552
2.66525
0.348991
9.81785
-3.8773
0.858307
0.885005
-2.7574
-3.95494
-7.39337
3.47904
0.428567
-3.30547
-1.94802
-0.947641
4.72849
-7.09637
-0.0543559
6.66137
-4.52607
5.27298
-1.38502
-0.975391
-6.87268
-5.86929
3.19719
3.21018
8.5161
3.56732
1.19912
-1.16129
0.975396
4.67025
-9.45273
-0.545791
-7.38974
0.225146
-8.40345
-5.08379
-4.85456
5.20263
1.53578
-5.43102
-7.44272
7.27664
-3.50693
-8.76074
3.22675
-1.12193
-6.11676
-8.4533
-0.688725
-2.57636
5.29758
7.43254
-3.92339
-5.28249
0.351786
9.02459
5.82382
8.18976
0.930219
6.61438
-7.9721
-6.14879
1.39187
4.88097
-7.41809
5.26979
-0.409366
-6.96143
-1.41304
7.40373
-0.64895
0.782247
-0.026832
-0.0269792
-0.0278903
5.66923
2.89718
-8.89034
-6.31363
2.05978
2.06843
7.74662
-5.11732
0.660508
0.0107519
-0.0323704
-9.43201
7.55188
-3.3765
-3.38753
1.32636
6.56237
-3.0184
-3.0365
-8.2365
5.58713
-7.22208
2.12448
-3.55284
2.28333
-4.43825
-9.45848
-9.03238
3.01569
-4.48731
1.53597
-7.43848
0.848067
-2.29948
6.55256
3.03566
-9.83494
-3.47497
8.63783
-1.99577
5.63812
-5.46583
1.49351
-7.10561
-8.5707
1.25617
-8.2575
-2.12292
-2.69504
3.35278
-0.977689
-1.12646
5.86081
2.28803
-7.3836
-1.27844
-8.84025
4.53772
6.41688
7.79893
8.25783
7.59275
0.633858
0.646072
5.79137
9.85877
-0.726747
-6.57173
1.39512
-0.584038
0.807343
-6.40246
-4.03167
1.54396
2.89232
-8.7249
-1.31251
-1.31671
3.21767
9.99437
7.34801
6.40645
5.85793
-9.81274
1.72658
5.8727
-5.94527
2.91908
-8.14016
9.70855
8.63945
4.53121
6.0596
6.46092
-2.32843
7.16008
-4.79787
-9.56611
-6.11497
4.27577
4.07529
0.781233
-5.19832
-2.5296
0.686987
-8.78691
4.56543
-6.34417
7.80083
-6.09958
-6.42407
3.27893
-2.68308
0.908267
9.40104
9.75476
-3.09655
-3.11511
-7.64475
-9.12122
4.70788
3.69037
-5.07012
-3.78282
6.12906
3.24479
-1.667
-0.841643
4.89089
0.467251
-1.76524
6.85155
-0.681669
0.843861
-9.73118
6.12648
8.5367
4.87221
9.59677
9.78223
-6.30972
4.87343
2.12228
-4.60495
-7.46035
7.40548
-3.22261
-6.93906
-5.24305
5.31378
-5.22504
-2.0606
5.35816
4.88003
-6.78676
3.18884
5.82388
-0.0171084
1.11593
-3.16051
3.27691
-7.27386
-2.90095
-1.05831
3.76912
5.26761
9.27026
-4.72796
-8.78529
-5.8681
0.523986
6.83801
3.11002
-3.16718
6.09442
-4.11451
0.719512
-0.291049
0.943535
7.55638
8.01386
0.82108
-8.52258
2.61949
-5.47511
0.051183
-4.12584
-4.11481
-3.92062
7.72451
-3.89214
-4.85374
3.09769
3.08498
-2.02263
3.0332
-1.1147
1.53067
-4.72261
7.91321
-0.942318
8.74
-6.14852
0.955009
9.11103
-2.72556
-2.72222
-4.30328
8.7866
6.32118
-1.78912
-3.55717
7.8051
5.48211
9.91938
8.67881
-1.68931
-5.45438
4.15176
9.2423
1.73362
1.70759
2.37645
2.3654
-0.967495
6.43814
4.27534
-5.3325
4.00877
1.28094
-4.33895
-8.60609
1.54635
6.97862
0.269694
5.8651
9.63537
-4.68909
-0.330128
-1.29579
-8.68428
0.257511
-5.61504
-3.13567
3.55822
-9.77271
2.74871
-1.00257
0.536233
6.14808
2.70192
6.78817
8.92402
-1.63914
0.720074
4.96952
-8.316
2.46578
-9.41531
0.482795
-8.08544
9.11586
-2.2847
-2.29426
-6.96885
5.81301
9.21329
6.29562
0.141188
3.96057
8.96261
-4.29408
6.72851
-8.76923
-2.16017
-2.16209
0.781002
-3.59473
-1.15358
-0.909241
8.20487
-1.81916
-3.9466
-5.79376
-6.8893
1.11396
2.66214
9.20605
-2.5235
-8.58548
9.36561
7.14635
6.85892
-0.349297
-0.344484
6.11714
-5.37925
5.22874
4.94366
9.01504
-8.86077
-0.295476
-8.03308
-1.12914
-2.3995
-7.00056
-2.06487
-2.04707
4.29582
-4.46043
8.81306
-5.46534
-1.52575
4.69311
-9.8435
-0.223166
-7.03451
6.90921
-2.58896
6.79716
5.26424
7.32767
-5.24701
-7.03017
-6.48052
-9.74942
9.93027
6.881
-6.08051
-1.0179
1.11876
2.63588
5.74396
-1.48959
4.29375
8.92556
-8.2464
6.76155
3.12131
4.60964
-8.50286
6.86825
-8.45334
-6.6294
9.56303
1.87353
9.82505
3.56893
6.85659
-0.248565
-8.19605
3.58912
-7.70653
2.6363
-3.77407
-1.06247
-9.3483
7.52701
5.04339
9.24504
-1.16711
-4.21146
-9.84881
-0.950404
0.172401
-1.00337
9.4699
4.12072
-2.23963
1.70933
-0.248288
0.182422
-4.46849
7.03892
-1.94033
0.67932
8.38239
4.75789
1.19298
0.194576
0.169303
-8.50211
9.88335
-9.11397
8.9999
-3.15834
3.12183
8.65126
8.33807
3.91047
5.13609
-3.48812
9.74636
-4.11292
3.43415
5.89125
-1.79273
-1.57174
-9.26797
-2.34475
6.37238
-6.27038
8.15648
6.5803
8.93716
9.64671
9.07667
5.5847
9.24614
-4.67002
-0.824048
8.70693
-9.33725
-1.24173
-1.22766
9.04564
0.00815413
0.015541
-0.00637568
9.51706
3.50364
-3.73811
-7.47832
-9.51693
7.62274
6.31031
-5.99932
-1.95114
-3.94819
-1.3907
-1.41091
0.887886
-2.73164
-2.72499
-4.31997
2.88203
1.34633
-5.99891
6.0371
-2.84933
3.47524
10.0229
-3.58147
-7.99343
7.71111
-9.39126
-4.22234
-2.44183
1.71839
3.69222
-8.0843
0.464015
-4.01132
-4.38916
-6.8292
8.30691
8.39276
-7.45111
6.71591
5.2964
-8.29568
-0.108212
-7.82102
9.07849
-6.85659
-1.75041
9.69616
0.726912
1.20764
-9.86594
3.74461
-6.49175
-6.53471
-4.96465
3.96368
-0.136235
7.57039
-6.73695
3.88873
-4.64977
9.94502
-7.38329
8.86679
1.54494
-7.80519
9.39574
0.328448
-5.69056
-6.52656
8.74119
-4.82776
-6.5297
7.22332
6.71053
6.06642
4.7206
-2.37944
-2.39374
-0.677739
4.69417
-3.48703
8.93339
-7.5827
9.25002
-4.44996
-0.411401
7.83058
-6.04592
5.13529
5.03983
-4.76395
-5.40942
-9.2947
7.90734
7.68298
-1.89294
-5.50887
-6.94264
-7.75171
-6.76381
7.74018
1.08563
8.2734
-3.92222
6.13452
-1.43933
-1.41529
9.95154
-2.86685
-2.87264
7.73571
4.05945
-4.95128
-4.89721
-5.46447
-0.126443
-8.72606
2.2151
4.80986
-7.21643
0.0216713
2.85933
0.60214
-5.31659
6.28117
1.56204
1.19601
-7.19252
6.77537
6.96386
-8.3632
-1.15575
-1.18494
-1.35962
-0.862753
-5.71535
-3.93998
2.34516
-8.63684
6.66223
-8.99642
-3.76432
-1.62376
-1.746
-4.34265
8.33982
-4.11135
8.38402
2.62067
8.2073
-0.853704
-1.08817
8.16772
3.73119
-4.05829
8.89172
-3.4031
-4.51729
0.940518
0.243974
-8.97763
7.23038
4.31187
4.21934
7.26861
2.56147
-9.62196
-9.58727
3.08666
-1.29104
5.63241
2.50968
7.50148
9.13421
-2.9195
9.58197
5.37162
4.18435
3.5168
-7.23444
-7.29041
8.51502
-5.09958
-4.45506
-4.13003
5.49409
-4.10413
-3.64286
9.38706
-2.61823
-1.62255
0.645367
-6.75406
-6.11436
-2.96691
6.817
-6.12607
-9.96438
6.22994
5.46795
-2.50465
8.08663
-6.44489
-9.60856
-7.90384
-0.208426
-5.46447
-2.87631
2.92836
-3.93621
4.32078
9.59389
-3.99541
0.685886
0.684642
-8.7614
-9.2646
-0.288401
-0.17652
-1.38634
-1.33117
-9.02658
-7.80144
5.61941
1.62909
0.432084
6.30071
6.10563
-9.72241
7.94166
3.30783
3.30699
1.57244
8.29206
6.6881
-4.87452
8.86406
4.11829
-6.77092
2.84842
2.83001
-6.43409
-2.7024
-5.80543
5.18408
8.62605
-4.04208
7.91984
4.64961
-5.71371
3.92631
3.94782
2.77243
-7.58827
-4.62883
-2.45382
5.57802
-7.88339
-3.34754
-9.79481
6.71332
-1.25086
-3.16217
-0.156912
7.2261
-9.37508
-9.97083
2.21668
6.26991
-7.70904
-4.47627
-5.37722
4.21345
9.32698
2.51893
3.12872
-8.78282
-1.44205
-9.3681
-6.0178
5.3663
-3.83646
-2.17129
1.91368
1.87416
8.56098
2.62163
-4.55218
3.72217
3.73481
4.75203
-0.0246182
2.93926
-2.0572
-9.47703
-7.49352
-4.2462
8.27265
9.66955
6.98263
0.96429
4.63176
-2.86045
6.07772
-1.77056
2.14933
9.33582
3.27178
-0.184436
6.72266
-0.690856
2.24947
0.518411
0.472687
0.686439
5.20054
-3.55014
6.12578
-7.08916
1.6811
-7.41636
-0.642281
3.57578
-1.73581
-2.54913
-2.56756
-3.77418
-8.87859
5.50945
4.70449
-5.86364
-5.17312
-8.60627
-2.5385
9.8273
1.0057
4.24264
2.50647
6.21563
-9.61869
-8.85064
-9.59506
0.978456
6.56264
-4.98664
-3.62665
-9.87647
4.52342
-5.43955
-5.18033
1.03634
-0.239669
-8.04914
-9.10052
2.64395
-0.291303
-1.01711
-9.94983
-4.18204
-7.45946
4.69069
-5.0799
-2.9676
8.71727
5.24764
-6.99919
-2.13911
-1.16983
5.32567
6.1712
-2.80206
4.69644
-5.45561
-3.55312
-8.84523
-6.61269
6.48854
-6.94809
3.96973
2.17631
-5.57702
0.106163
-1.041
-1.1262
5.33651
-3.69637
0.183109
0.340353
5.44338
6.10739
1.95052
5.30555
-9.51815
-2.90174
4.31925
-0.638906
-1.03981
-0.22157
-6.33119
-6.02714
3.73551
1.76124
8.47675
7.93884
5.43283
5.21657
-6.88779
8.85809
5.0198
-3.02247
-2.08722
8.02439
6.64699
-2.90885
-5.09937
-7.28506
4.80085
3.65585
8.47735
2.75623
-5.39353
-9.8155
6.2627
1.82509
6.33899
8.02053
1.50368
7.00294
-3.3368
-2.92492
0.0130847
-9.29721
8.76718
-9.46947
5.42253
-7.64096
6.40953
-1.85012
-8.31161
-0.727767
-0.72523
-4.9272
7.0273
-1.98351
-0.0108717
-7.21421
-4.94532
0.940007
-2.68861
-7.78026
-2.0413
5.84857
7.58152
-0.0666389
-0.0403989
1.14508
2.15081
5.41324
-9.79015
-4.27444
-9.75851
3.81426
-2.22277
-8.7418
9.33222
-7.30368
-6.67942
8.63167
-5.01257
-9.16262
2.64894
-2.21437
8.55631
2.22617
-3.20744
-6.2072
-4.3451
2.48612
-9.60884
-4.5311
4.0623
9.30963
-1.58127
-5.74886
6.58661
7.84148
1.42639
-8.71561
-0.23476
6.54821
6.49892
-3.43081
-6.31498
-2.31505
-1.22469
3.25292
4.17713
-1.04985
-9.9035
8.66031
4.84175
5.17989
9.563
6.48962
-5.96824
0.882848
0.87681
2.09366
-0.614783
-8.40451
7.91535
-7.27384
4.99547
-9.89059
7.87223
5.71261
2.46331
0.848243
8.29092
-8.065
10.0058
-6.59612
5.40839
-0.805472
-4.42427
-6.45856
-4.23662
-6.54495
-2.83009
0.273052
-7.98856
4.55949
-0.607207
0.940932
-5.05316
9.18262
-3.33817
-5.56352
9.58032
-7.1729
-5.4198
-4.54587
2.64612
-0.0225206
-0.0344687
-6.26288
-6.24959
0.285289
0.249122
0.354871
-5.70979
9.18884
-3.31038
7.51625
7.58941
2.0665
-2.5278
-4.59379
8.61658
3.99521
3.83228
-6.70428
6.84223
-3.22944
9.22205
7.85295
-8.84063
-7.45175
8.22325
-2.76945
-0.858438
8.26731
9.24267
-2.69938
-3.734
-1.20762
-7.7196
1.70215
0.348038
-3.02852
1.58459
7.74064
6.84876
-2.93556
1.87711
6.23168
9.13911
1.60392
-2.3202
-3.2928
2.88108
8.0517
4.29966
7.72595
-2.88328
-2.56682
-8.11958
-4.42443
-8.77971
1.53489
3.36501
1.50485
2.86342
7.48943
-3.92949
-0.277321
6.77444
-3.04355
-1.58954
-1.61182
5.79267
9.50111
-0.511572
-1.47442
-4.96897
-4.04625
-6.91295
-8.81273
9.95224
0.713701
5.01396
-0.492516
8.41144
3.77901
2.63814
-6.12026
0.619933
3.88194
9.06444
-2.9837
-1.72113
-9.28097
-6.66627
-5.27145
-3.92199
7.70676
-8.93541
5.04094
-2.01443
5.9302
-5.18251
6.04084
5.20407
-3.28524
-9.44067
5.86596
6.49473
5.47464
9.89488
-0.141089
5.54234
-0.395556
-2.46741
9.8733
8.94802
-0.339495
-0.350888
-2.46576
-0.498213
-0.994227
-2.88659
-4.97863
-6.5383
8.7739
-8.80467
2.11944
7.71221
-4.40638
-2.08591
6.22442
3.18932
2.5123
-2.44845
9.22335
3.00997
-8.16116
5.10369
5.62841
-7.4563
1.85191
1.23478
4.68264
-7.12275
-1.36938
1.81794
7.3891
7.79563
2.85641
3.85004
-8.69778
8.60145
4.0145
5.0884
-2.24817
-1.11155
-0.244914
5.67241
-5.97687
0.104635
4.25948
-1.70252
-1.63965
1.02539
-1.50535
3.81596
-0.603876
1.60194
-6.91457
-6.53569
-1.49406
-2.99353
-2.0458
-6.27255
-6.19703
-8.16489
-1.57399
-4.46773
5.28783
-1.7344
-1.76258
4.23648
4.20384
3.49798
4.2123
-0.994855
4.34944
-8.98797
7.46335
0.100787
-7.04201
5.65972
0.64662
0.657722
3.56648
8.97503
7.1578
1.42585
-2.37732
-6.30365
4.49993
-9.74281
4.40283
-1.53556
0.245918
2.29089
1.18153
-1.68467
-2.10229
2.10327
2.0319
0.691758
-6.21251
9.02408
6.26942
-4.77413
-4.90716
5.14908
-1.23141
-6.0819
-3.8708
9.38427
1.64786
-3.62366
6.94143
-7.94086
5.88415
-3.98997
-3.96261
5.3794
5.36223
9.83766
9.56608
-5.79883
8.98961
3.60959
-8.38657
-5.72176
-8.73487
3.19871
3.18313
4.03191
-1.33033
3.48485
-4.33125
4.59542
-5.61095
4.47155
6.99399
10.0036
-8.73525
-4.24645
-7.24598
4.42013
-3.05913
4.96113
-9.78584
6.26434
2.85193
-1.63412
0.440846
-3.57091
8.16007
-9.32534
6.85165
7.01545
6.48191
-8.79968
-0.246694
4.84288
6.08472
9.66115
-5.96029
-1.56964
1.70276
-4.45936
8.30279
1.30233
-4.20741
8.10494
2.68234
4.35634
7.7629
-9.76432
2.95659
3.64359
-4.83572
-4.8811
-4.4183
7.89219
-3.6162
-9.33097
7.02654
-7.05159
8.27691
9.23017
5.29653
-1.21073
1.14661
-4.02219
-0.0949925
-6.17166
5.31483
1.48992
-7.75003
-4.61741
8.63297
6.31888
6.24713
-0.683071
5.16072
-0.967276
-9.22062
-9.43668
4.90242
-8.62247
-9.12302
1.75517
2.82033
2.61169
-0.108302
1.64682
-4.00516
-4.60382
5.07797
-8.06145
7.20911
5.49291
-6.91047
1.88302
-0.100759
-6.15739
3.86165
-2.02104
-6.67121
0.994396
-4.54406
0.616361
2.08083
-7.28437
9.71588
-1.37929
-1.3539
8.59501
3.53883
-1.04934
-4.11385
4.66975
9.6609
-3.41407
7.28366
-4.47036
7.53446
2.69633
4.08784
3.60314
-9.95334
5.26372
-9.19712
-1.21914
-1.23629
5.39986
4.82043
-7.88915
-2.68492
3.36947
9.07122
6.24167
8.88742
0.780497
-3.83829
-7.6937
5.76385
7.3752
-0.601147
2.74344
-4.53859
1.46663
8.6986
2.46277
-2.93138
-9.21893
2.01433
-3.00618
-3.60782
-6.12418
7.50045
-8.6724
-6.451
-7.72674
-1.85862
8.65434
7.62135
-2.848
5.98607
-9.75527
-7.73933
1.84691
-5.95619
-7.71354
-7.09498
-3.22742
3.56962
4.57832
-1.46298
2.21091
-6.65732
-3.27815
-7.09153
0.802957
3.90502
3.33957
-2.80285
9.0925
-3.3672
6.86507
-5.83563
9.58715
4.77749
8.87926
-4.91435
-3.92331
0.712331
-7.95644
6.48184
5.70786
3.48975
9.10991
-3.54772
-1.39664
-5.7963
8.02032
-2.27065
-2.28979
4.96625
-4.25962
-8.97052
-7.31714
-5.16175
9.53068
9.7294
1.32409
-0.274109
-8.37168
-4.96031
-8.09747
6.64587
-7.944
-9.94622
-9.86994
4.21598
-5.81549
0.867482
-9.47926
6.65553
9.7557
-5.57379
-4.21187
-5.27449
5.92704
5.83321
3.72116
-1.80081
5.51459
3.15981
-2.26357
1.86024
-0.598817
-6.51516
-0.39931
2.15032
-0.587346
-0.56281
-7.54824
2.53523
-3.36344
-4.14768
-9.2805
0.576389
-3.61066
1.42125
5.98161
-8.13351
-9.11246
-2.57945
6.27362
6.28803
-5.41414
0.261577
0.294817
8.08294
-2.29613
0.561322
-5.23064
-5.1929
-0.455618
-2.41013
-7.98236
-5.50375
-7.33287
-2.58852
-1.40786
-1.1479
-1.83196
7.47118
8.14234
-7.83287
4.76384
-6.55489
-0.270302
9.56646
4.37535
7.01902
1.40717
-1.04221
6.04726
-8.30171
4.8952
-9.22428
-6.7041
5.18191
-4.9663
-4.33063
8.94009
1.24761
8.26678
4.10811
-3.53099
-6.12189
1.01753
4.26154
8.77722
1.2061
0.833161
2.72787
3.26352
3.08879
3.08746
-0.0583944
-8.85213
0.881234
-0.628713
7.21782
-3.75959
-2.53064
-2.46587
-0.0811111
8.93482
8.24808
-7.19827
7.0653
6.65277
9.24833
-7.49606
-2.16334
4.37615
9.35796
-5.83154
7.44791
6.30729
5.99277
5.03118
-6.17163
5.25473
-0.340052
-6.57679
-6.74419
-2.19688
-2.17455
6.89292
-9.39211
-0.779756
-0.787199
-1.20846
2.40446
-7.38875
0.0226055
1.93792
-3.93129
-5.5586
2.38827
9.28259
6.91009
-2.23912
-2.22237
6.09678
1.43955
-8.6093
-0.494916
6.21912
4.13588
4.25133
-9.15286
-7.18042
6.8369
-5.64123
-5.61555
-0.189513
0.0882781
-3.82518
-2.89228
-2.90883
8.44903
1.18447
-2.00849
-2.0014
-1.97656
-1.97556
3.60601
-0.0572162
-8.73433
3.01108
-2.83561
8.10917
7.45042
-7.61972
3.56084
-7.98007
0.92635
4.18856
-1.13157
4.56501
-3.45708
-8.02466
8.75313
0.923179
3.12099
3.68049
-1.6981
-0.500512
1.69343
8.11364
-1.75832
-6.72018
2.36877
5.5131
-4.04305
-3.83818
-9.52146
-1.50287
-0.0332984
4.72862
-8.20024
-2.87943
0.438083
-2.02257
8.41125
-1.36969
8.24301
-1.82631
6.06455
3.96161
-2.28939
-0.910365
-3.25938
0.48722
-4.24381
4.08144
4.10582
-7.5512
4.76361
-4.64316
2.17894
-5.77385
-2.62182
4.39528
4.23644
2.36418
-4.84259
9.07723
-6.47106
1.83282
-2.7345
-5.87708
8.7135
8.16758
7.86112
-0.878095
-3.15558
-2.69627
-6.09846
3.04978
7.86132
-6.33608
7.41037
-5.87436
6.68705
2.66458
-2.08589
8.93673
-7.0646
3.28692
9.80938
8.25576
6.44978
-1.59739
0.247082
0.253194
-5.43379
5.47458
-3.19881
3.50463
2.40359
3.14722
2.95497
-3.73712
9.24153
-7.2162
1.10525
5.84473
1.90617
8.65316
-0.636513
-2.67416
6.84513
-8.21568
-8.29949
-5.22506
-5.66277
5.01261
3.57295
-6.36337
-1.00979
6.23337
2.19621
-0.530915
-3.42748
0.856944
9.13536
1.56668
7.6135
4.7339
-3.93789
-5.85597
8.38117
9.7077
9.22017
-6.86839
-2.48205
5.1479
-9.23631
-3.65479
7.09748
-5.4961
5.08365
1.34955
-1.75643
-6.74294
-6.34748
9.68455
-2.60195
-1.99789
-1.38867
-1.32941
9.73365
-1.57446
-5.94977
-5.45843
-7.87057
-0.458195
3.71292
2.98885
1.41039
-5.70028
-8.38572
4.21499
-0.156904
2.1349
8.78938
-4.94269
2.81822
1.5619
-2.14529
0.796504
-1.94666
-6.90295
-2.82233
-4.78116
-4.96112
4.33353
5.727
-8.93728
-7.64887
8.27809
-7.50272
1.61194
0.604132
-1.35918
2.7769
4.70151
-5.41652
8.3201
0.772298
-2.59402
5.15047
5.89322
-8.14002
-1.26255
9.24502
-8.77424
7.66254
9.15401
0.461256
7.41277
4.12994
-7.92371
7.696
-2.6282
-2.61948
8.93921
-4.75474
-6.02775
-4.54019
3.17097
6.98409
-9.55851
-5.95635
-0.191784
-0.192519
-0.23159
-0.510949
6.31088
1.97078
7.08394
1.36714
0.379024
5.00069
-5.23567
4.42933
3.31714
6.72713
-6.00857
7.01338
6.79524
5.31512
6.9367
-6.44191
8.30664
-2.93831
6.1997
3.32865
-8.54514
-5.32989
-9.94489
-0.176931
9.95594
-3.66573
-1.92837
-7.20499
6.39734
2.72549
2.4437
9.02544
-9.22507
-2.45904
7.41426
-6.39243
1.9154
-2.65419
-6.40203
-3.79723
-3.82587
-8.94055
8.67983
7.40032
1.19682
-3.25274
-9.56701
0.894526
5.68995
4.9946
-2.48129
-6.03307
-3.47924
2.11873
6.77699
5.86641
-3.45935
-1.38699
-6.88247
7.37277
-0.0153796
-1.67167
-8.60621
1.94143
2.92304
7.78164
-8.39946
-1.43954
9.27743
4.33782
-9.01546
0.526349
0.504316
3.18153
9.52042
-0.325878
2.5956
-0.403269
5.5814
-8.73276
2.67476
3.72228
8.7556
-5.60385
2.16035
-8.48332
-5.91529
1.2106
-8.72515
0.999386
3.3479
-9.57829
-4.85642
7.75444
-0.735785
-0.750296
3.60707
-4.78359
-3.77916
5.32417
-1.58145
-1.59893
-5.50075
1.60917
1.41681
-5.142
-7.27857
6.91788
-8.8686
2.04532
0.819389
-9.37062
-6.79989
-5.84149
-8.6594
3.02953
3.06286
-0.353481
-6.45437
-7.10103
-7.44451
5.57739
-9.47203
-0.493746
0.689474
6.72895
5.7218
-9.03282
-8.80849
-7.86735
-4.75156
-9.41675
8.11839
9.28076
-2.83367
-7.85126
-2.26739
5.18191
9.60774
3.19137
-7.91315
-0.748884
1.37955
-7.75185
2.8376
8.78844
8.94956
-9.03506
-7.91622
-7.42087
-6.08641
-0.954307
-6.91379
-8.97165
5.65443
9.12994
3.14432
-8.7374
4.65673
-4.04474
4.05592
5.35882
-7.69271
6.83726
-6.47265
6.57277
8.97715
0.0793005
5.225
-8.42581
9.46225
1.57605
-1.9457
4.30222
-3.75511
9.0836
-0.447824
7.47674
3.69231
3.9911
1.47192
1.51132
4.7011
-7.37964
5.91232
-7.49074
1.41277
1.3974
3.40122
-2.53856
2.25414
2.60269
3.11384
7.62893
5.59518
-8.63521
-1.99476
-9.58776
0.332791
-7.50022
-6.01622
-2.77958
-5.00591
5.08824
-3.76267
9.85846
1.39092
0.514413
-1.24026
3.88251
-5.3059
-6.73984
-2.98131
-2.31089
7.63429
-0.107407
-3.60395
-8.72177
9.90898
8.09773
-6.93841
-6.63933
-5.15271
3.27771
6.38216
9.2203
-3.47523
5.57927
5.37531
-2.50231
0.536051
9.78476
7.73646
-0.0852597
-7.11175
-8.31428
6.26129
-9.12656
-8.59978
-4.66496
5.69737
7.54215
9.49071
3.67793
6.8376
1.50961
-8.99416
2.31922
4.68656
-7.10168
-1.21148
9.21725
9.36896
1.05256
-3.78871
-3.32785
-6.49167
-4.64235
-5.24761
-8.6704
-8.23896
8.33462
-9.19188
8.80416
-8.94814
-6.10218
-3.88198
-3.74014
-4.84727
0.221338
7.36266
7.55292
-2.54059
8.58634
-3.05429
-3.1217
-4.00703
0.535328
6.71017
7.99399
8.49897
8.74451
9.38603
2.36109
5.93042
5.3736
-0.519655
-8.50005
0.483501
7.59687
0.85607
-6.42024
-6.66088
6.49191
-8.02092
-6.06999
-9.58988
-9.83343
8.91768
8.04261
-3.50036
-0.370775
-7.99998
-5.58754
-8.96216
2.56023
1.90701
-8.79559
1.26429
-4.14933
2.14188
2.14852
-1.88767
-4.70565
3.09927
1.91436
7.39314
-5.30895
6.89704
7.87744
6.68289
8.6851
6.45499
0.368177
3.68915
5.70942
1.53785
6.60197
6.73185
-8.86734
-8.9323
3.3507
3.34576
-3.94646
1.63883
-2.64284
6.51921
5.13206
5.06021
-7.81303
-7.30511
8.52394
-0.903686
2.37616
-4.44696
-5.29765
2.59806
6.9376
-4.00657
-2.13111
-2.15669
6.80387
-9.68321
-8.80461
7.15928
-5.80743
1.52855
6.91078
2.59076
8.13602
-0.273284
4.19557
-2.46391
-8.25968
-0.066782
6.64649
3.07836
-2.72804
-2.99064
-7.74957
5.98557
8.09817
5.88261
-6.74865
-4.44329
-3.28726
-1.27446
-7.17287
-0.953989
6.61455
2.50612
9.33095
7.94622
5.68406
-8.74891
9.64744
2.27402
2.2861
-4.97668
-2.5575
-4.36782
-5.07508
-5.25124
6.15351
-2.20655
-7.25437
-4.51223
5.50035
0.85868
3.2641
-8.37746
5.66254
-6.76994
8.5842
9.45414
-1.23277
-7.73944
-2.05468
-1.26024
1.02602
8.46755
8.94165
-4.38561
-7.52069
-1.55256
2.62048
7.00094
-0.660701
-2.2686
-2.54456
-2.99916
-7.09412
-1.24863
-6.34823
2.05094
7.88323
7.63109
1.52028
6.97111
0.393007
-9.31697
-8.97709
-4.5726
-7.0394
-6.87669
4.15584
6.28073
-3.86615
3.73285
1.07777
7.12885
-2.03663
9.86745
7.73691
-5.80914
-8.11639
-7.77642
0.147438
-5.24661
1.09655
0.914669
3.72498
6.06734
-4.93255
3.86126
-2.00169
-2.25938
0.270311
-6.49399
5.19885
9.91492
0.484391
-8.49368
5.80747
-6.61328
6.52234
-2.8195
0.124091
2.38852
-2.74948
-6.80238
-1.99391
-0.12166
-2.65564
5.03468
5.9239
-6.89018
2.48934
8.79804
-7.93696
-2.76013
1.23252
-3.23928
-6.14851
-4.78744
-4.67632
8.05354
-7.90913
-0.237849
5.02749
-4.98246
-5.16551
4.40722
4.4875
2.4453
-5.43443
1.63975
-1.76249
2.94505
0.848922
2.00533
0.791615
0.804105
-6.09636
-9.71113
-8.25633
-1.0396
-4.44879
-0.457601
9.69619
3.61318
3.7986
9.21023
0.802303
1.05105
-8.6086
-3.2599
8.5032
-1.94126
7.50815
-5.15463
2.55958
3.49454
-0.485383
-0.496857
-1.16576
-0.769553
8.63901
2.96747
-3.19916
-4.04053
9.92844
-8.13997
8.44178
9.83928
-8.2225
-7.06716
1.86402
7.35791
-3.07357
-1.50511
-5.20839
-5.94808
-4.98709
-6.40419
-5.34627
6.48626
-5.98922
6.65184
-1.06657
2.66195
2.75552
-3.75775
5.04673
-7.07275
0.521611
-4.7784
-3.00429
6.03932
-4.86771
-0.947054
-6.81205
-0.462248
5.48165
9.39239
-6.05809
-4.25473
2.09799
8.38124
5.88997
-7.63443
-5.20247
-5.18878
5.65455
-3.1255
-5.89128
-2.02685
-9.8644
5.1517
3.97953
-8.63285
3.97681
2.15554
4.86312
-3.98797
4.98863
1.37541
-5.94722
6.49033
-8.62333
2.67702
-5.14906
3.4088
-2.08501
-1.72966
-7.71221
-9.06435
5.70591
9.70117
8.7565
-2.60938
8.44884
2.39622
4.68069
-6.98985
1.12008
3.88781
6.6734
1.74239
8.16138
-8.72733
-1.75424
-1.08879
8.22887
9.38247
0.548308
-9.00081
-4.48291
-4.08508
-0.0899467
-4.20826
7.35829
-8.86694
-4.88321
6.60054
5.4474
2.47993
0.968378
-0.179789
-1.27163
5.37048
-8.69683
7.79571
5.51773
-3.28336
-9.45695
3.99671
4.65752
-3.35474
-4.91942
-8.48947
-8.54119
-8.05621
0.208204
-1.89974
-7.92809
-8.6465
1.4325
5.49203
6.64888
0.532539
-2.02844
-1.39348
1.47641
1.23109
1.23251
1.79916
-8.57265
-4.75305
5.62359
-8.86498
-3.56806
9.58006
-4.94432
-1.67808
8.26877
-0.48228
-6.34215
2.59633
0.895161
2.52383
1.00257
5.34251
-7.21762
5.16154
-9.77224
5.81793
-8.08116
-4.5346
-2.45536
-5.0008
-10.0035
-8.66522
-1.31486
-3.72715
-1.97627
8.31104
-0.468807
6.54238
-5.37431
-6.0548
-2.21406
-8.55378
4.37959
3.27085
4.87987
-2.62377
9.81942
0.0350651
-1.46744
-8.0971
-3.82844
-4.72521
6.56775
7.60782
-3.33223
3.96428
-6.23537
-2.1549
0.0656957
-2.14357
8.63044
-2.72207
-9.24662
-1.00142
0.746656
0.555575
9.30769
-6.99892
-7.55751
-4.34426
3.19809
4.35469
-8.89507
-1.2327
-2.89636
2.742
1.3254
-2.50312
-3.83997
-6.7239
-0.264896
-1.6715
-5.84343
-8.88731
-4.62564
9.31822
9.81292
-0.331466
-9.38159
-8.57133
3.60496
5.81534
-6.8279
8.77504
-7.2313
-5.22329
0.893498
9.12023
-8.49597
2.88093
2.53802
-2.32702
-2.31538
6.92826
-7.52162
7.37163
9.95088
-3.31896
-2.26405
7.05312
9.48925
7.54478
7.01431
3.3637
-3.05326
3.51207
-4.86266
7.90598
8.89611
-2.58621
7.54171
-2.06647
-5.81558
3.3182
2.00362
-4.41512
8.5076
0.675239
-3.91403
4.6512
3.88981
-4.52344
-3.89272
9.17416
-8.61902
9.34659
0.276
-5.88309
3.19925
3.20506
-5.97821
7.52163
-0.60937
8.79471
-4.45668
1.47457
-9.95561
-2.33392
7.25979
-6.17886
-0.120275
9.20648
9.1698
3.14376
-5.90344
-2.686
-7.96379
4.44507
7.82694
-5.4273
-6.52444
-8.14248
5.68585
-3.72525
0.292987
-7.48162
-1.8896
-6.80193
5.92822
-6.14661
0.609496
6.70601
-8.15658
2.46106
3.38231
9.94137
-5.47946
1.40035
9.95458
7.17914
-9.51453
-7.91128
7.7524
8.30999
8.63986
1.3649
6.17032
7.47775
2.82889
0.00917817
-0.383323
0.323481
-2.86508
6.31694
2.47774
-3.55672
-3.52718
9.61393
5.39191
-8.86854
0.429433
-9.33709
-9.77655
-3.30838
-4.94195
-5.64598
-2.73675
-4.97599
8.64994
-2.43369
-9.11953
9.19692
-3.25042
-2.32999
-6.3714
5.27085
1.09984
-9.18428
6.62473
5.58591
4.50876
2.225
-3.33485
4.72501
8.71738
-5.0169
-8.75639
6.54583
-9.35466
-4.12152
4.68555
0.0105828
-9.36113
-3.51157
-6.12785
2.45784
2.35733
2.35073
-9.95207
0.89016
1.28796
-0.376161
-8.30566
-4.44857
0.896915
5.51673
1.05223
8.91792
-7.162
8.76821
-3.77153
4.78201
8.47092
7.81719
-0.842518
0.946044
9.21502
-0.366913
3.10707
7.40679
3.95796
7.12684
6.0406
1.87001
-0.571731
-4.83972
4.91193
-8.52991
3.84987
-2.95552
-5.65312
9.04069
1.00876
2.72295
4.98077
6.28324
-9.81137
6.98335
-4.75108
2.64174
-7.73353
-4.95763
-8.34627
8.28846
-6.01609
-6.74065
-0.167458
3.70068
-2.85905
0.590619
8.13107
6.09759
0.873567
-5.84344
-2.18144
-2.99822
8.48174
-9.60719
-3.97624
7.33396
-4.67407
9.64535
-1.29393
-7.4119
-6.70292
-0.397785
-7.95832
-5.63255
-4.54581
-4.42227
4.46706
2.91929
6.36795
2.87335
2.8574
2.86206
-7.38419
-7.19881
7.20629
-0.654905
-4.79275
1.96103
3.30528
2.21978
-3.31056
-6.12562
7.10498
-9.48361
-9.64604
-1.97557
3.49616
4.33999
5.42801
7.18363
-0.666233
8.35237
-6.08665
-3.08636
6.32723
9.44833
-2.96317
-2.9672
9.13896
-3.67566
7.8927
8.16036
9.44402
-6.8246
-0.430015
-4.2334
-1.54508
1.97148
-3.05763
5.49316
-9.47469
-8.60012
7.75634
-3.75524
-6.51897
-5.1414
6.5234
3.64803
2.44781
7.92898
5.75427
3.32667
5.74384
-9.33193
-2.53411
-2.8688
-4.92672
-5.00394
2.98704
-2.17205
3.59011
-0.66671
8.60724
3.93209
7.78186
-4.4006
0.744693
2.10693
5.3698
-2.27511
2.06914
-8.58559
6.26248
-9.21287
9.03656
7.18733
6.02268
0.305689
-4.73638
-7.06116
3.46988
-2.15067
-6.23008
1.08536
1.08603
1.78076
-6.47942
-5.52781
2.74603
6.79085
9.09079
-3.46396
-1.16866
4.87342
-1.53668
4.54279
9.49178
2.3299
-5.92074
1.90613
-1.75109
-7.18861
-9.6775
5.30959
0.796372
-8.32773
-0.127013
-0.132928
2.08056
5.69333
-0.101358
5.84204
1.98096
-9.74326
3.91688
3.87235
3.09341
-2.69601
-7.62235
9.84516
-0.945783
9.32084
-1.19863
1.04946
-1.4845
1.75173
-9.18099
-5.16202
3.73323
-0.290284
8.44558
-1.78739
-4.19963
-8.8828
-4.66559
-0.691651
-0.57307
1.35653
5.62755
5.01098
4.65207
-1.97939
-7.54534
8.14009
9.00748
-4.54863
8.85563
6.12062
6.7393
-4.99745
-7.4667
-4.46201
2.97323
8.20953
1.82046
9.68164
6.18212
7.1474
7.52411
-5.91448
4.30438
-0.0286397
1.99385
2.89272
9.36669
-1.00418
0.760771
3.50809
5.93641
5.64321
6.13128
-3.30222
0.695411
8.34042
-1.4475
3.58662
9.1084
2.15213
2.13471
-2.78254
-3.07405
-1.26537
6.548
-8.79951
-7.14489
-1.30802
2.0057
5.05682
-9.11629
-3.07331
9.7201
4.77668
-5.66881
-0.619125
-1.2581
1.50119
7.12061
4.17045
4.18599
-2.95632
-4.89462
-7.59184
-3.76375
1.6702
-1.29785
-3.58229
-8.39437
-4.61251
5.05395
2.95368
5.94436
2.09145
-6.2537
-2.88392
-5.75906
1.96668
-0.567958
-0.879583
-3.87839
-2.89712
8.16156
0.314164
-9.01129
-2.03898
4.46107
-6.96603
-4.02984
6.2331
-5.00424
4.67316
4.62719
1.75942
1.40186
8.44762
8.80277
-0.588332
-9.82134
-4.46667
-0.278078
4.86417
9.22639
-6.27369
5.56567
-9.67113
3.1923
-2.38857
-2.37407
-1.10113
-1.09762
-1.13105
-0.931992
1.0293
-7.46608
-6.20782
4.08257
-4.82965
-4.26962
3.47862
8.07282
-6.83415
-4.50929
-0.660437
-0.608256
-2.61013
5.93184
7.60011
6.01579
-7.80141
-0.461829
-9.27151
1.97227
-6.21933
0.776905
-3.22875
-5.70136
2.75598
-6.39276
3.48823
3.50813
7.93075
-6.91989
-1.44971
4.56535
-0.779465
4.42215
1.96826
0.714367
6.27591
-8.18341
8.93827
6.05277
0.191561
0.176386
5.55401
3.75795
-1.02707
-8.57747
-8.19996
-5.26377
-2.20125
6.88426
4.69852
-9.84655
-5.15253
-1.17553
-6.90029
-1.39774
-5.98432
-2.74606
-4.47196
1.98836
-3.5028
0.72035
9.98881
-7.99755
-6.73003
-3.33405
4.63306
4.1551
-5.8069
4.33689
7.08191
-5.82753
-3.25369
1.65949
4.56343
-1.85635
-1.08807
-0.407096
-2.53395
9.03331
6.45802
-1.35419
-2.06819
1.12634
7.25906
-4.71357
7.51288
-1.33482
8.66198
-7.89712
1.39876
1.05998
8.09417
-7.83618
5.54345
6.33301
9.61604
-5.81215
8.2445
2.13068
4.11809
5.88628
-2.63679
-8.52789
4.7933
-4.69355
7.79795
-2.54439
8.93498
8.46558
-3.09106
-3.00098
3.23374
2.29552
-7.05429
-1.4835
2.45203
-8.99465
4.78693
-2.13857
7.33372
-2.14177
5.15754
-2.37889
8.80813
7.43946
-1.06713
-6.3508
-0.275178
2.28785
-9.14458
3.45235
-4.73007
-5.44294
-5.65776
-4.95203
4.11358
-6.69502
7.90633
2.28518
7.78376
8.97604
-4.96447
-7.25242
5.20737
2.68958
-9.31129
-8.92144
-6.37996
4.13761
-8.52543
-3.63476
0.730722
-4.77978
-0.844087
3.71148
7.97433
3.86248
1.29918
8.76255
-6.13204
0.0778979
0.0758725
-6.3209
-7.1697
-8.32221
4.68387
8.8454
8.10979
0.930161
-4.87193
-9.65031
7.08583
-2.8503
-8.69654
3.80461
1.17452
-5.42921
4.65171
7.89536
4.82401
-3.4415
-0.458702
-8.18708
-5.04301
6.36632
8.24353
-0.898484
5.69865
-1.98662
9.38759
-8.48702
-9.16841
-3.92659
-4.4804
-2.53805
-8.5936
-8.62357
-1.67583
0.615099
-4.15159
-9.06949
-7.2837
6.03501
-3.27858
6.16272
-4.73318
-3.34697
7.61322
9.4767
-2.58663
-7.64073
2.59903
7.83712
-2.04852
8.24175
-3.96669
3.65998
3.75393
2.74907
4.68997
4.56015
-8.09301
-4.87836
-2.64504
-2.64707
-4.53708
8.24953
7.43496
-7.56451
-5.56443
-2.18635
7.50551
6.84744
-7.18283
-0.510301
-7.28064
1.5415
8.05252
3.27016
-5.75544
4.11352
-4.0414
-9.4422
-4.5951
2.59926
5.54418
5.55091
9.25866
-9.63901
-4.61647
-1.33377
1.61422
-6.63128
-0.863486
7.83869
1.22111
7.42313
-6.76672
-4.36281
-9.32439
4.49674
6.60213
-7.29514
-1.90714
6.04172
7.51895
9.50828
6.52602
7.44442
1.38821
1.12358
1.12545
1.14333
-2.48649
8.9141
5.27478
-8.85101
-8.99483
1.27675
-9.93034
9.61894
-7.23064
1.32964
4.7219
6.22041
9.9497
4.71224
3.96801
3.95325
9.42763
6.239
-9.38919
-2.05678
-2.02202
6.59713
1.21344
-0.490396
2.79267
-4.89754
-4.89904
-7.74981
0.719201
-3.65384
-2.17803
-0.502762
1.56256
2.85365
5.31382
-5.71547
2.08045
-7.36285
-8.26832
3.38389
-1.4977
7.83603
-0.485447
-5.18039
9.30194
-1.30772
8.38989
9.4411
2.62847
1.72556
2.25065
-2.04977
1.76295
8.03738
-3.53736
1.51548
0.809628
8.38344
6.13857
-6.85002
5.53466
-9.39349
-0.808864
5.71516
9.59713
-0.688608
4.10998
-1.09516
-3.18754
8.44834
-3.33983
-4.26541
5.19714
1.17726
2.42692
2.69792
3.59973
8.70358
-1.60297
7.08087
6.01112
-9.85735
9.31783
9.14252
5.62541
6.86162
0.358213
0.355913
-9.55844
7.94015
-9.19415
-8.18611
-1.48692
-0.0339178
-3.51389
-6.9551
-8.95464
-1.83792
5.95508
-5.97356
4.9343
-6.86225
-8.19833
-1.67694
5.55005
-0.0244919
8.64252
7.30131
5.77427
4.22154
2.394
4.7192
-7.28836
-4.9523
5.01516
0.281567
1.46887
-5.32164
6.6037
-7.49188
-1.95415
-1.95966
-6.55746
-9.37719
2.79401
0.585805
-5.7278
8.24123
-1.61035
-7.84043
8.60572
-0.905247
-3.50393
8.53179
-9.64288
9.10079
-5.4694
-6.46477
4.37956
-5.12469
-2.37228
-8.51507
-7.04095
0.434167
-7.17921
3.71792
-5.27101
-4.34695
-3.90739
-2.39431
5.13299
-4.65495
8.25795
-8.75411
-2.76131
-8.27324
4.07229
-4.83757
-9.42673
3.99778
-4.28764
-0.872612
2.83988
-1.13095
3.10391
3.12928
0.140736
7.11749
-9.15313
-2.69759
6.72047
-3.88861
-3.34735
-4.85599
3.12124
4.72103
-0.663996
1.41231
-2.83201
0.324932
0.0456208
0.0442337
2.73651
-9.63215
-8.02306
3.98647
-1.71984
5.45806
6.60971
-5.66435
4.83751
3.19231
-5.44286
5.54414
-9.6503
0.138895
0.136852
-1.67406
9.11485
1.20139
1.20582
9.8434
-9.07414
-4.15107
6.66618
-3.88637
6.90728
-6.65947
5.90819
-6.48538
-8.72971
0.775701
-3.7541
8.40938
-7.88109
3.00655
-9.21474
2.01829
-5.61078
1.25882
1.26243
-7.19194
-7.63691
-0.461413
-0.484609
-7.46628
0.701158
-3.11891
3.51412
-3.24292
9.75746
2.65972
5.6876
6.00774
7.78035
-9.14111
0.901073
3.67375
-5.91167
-8.75532
-8.15804
8.05522
-7.61136
0.441388
-1.24359
-1.76593
5.813
-5.70823
-9.04836
-6.09413
7.74205
5.27301
-5.47002
8.39972
-8.99145
-1.41795
-5.48859
1.98993
0.504797
-8.9537
-2.753
-5.97552
9.25831
-4.60204
9.03627
4.43469
0.128945
9.18362
0.184995
6.27247
3.97449
-6.94009
6.46075
-5.8494
2.67375
2.47991
2.75435
-7.88049
-5.68768
-0.286619
-1.00522
-3.41776
6.59124
-4.49388
-6.27629
7.05059
2.82935
4.33586
3.03458
5.61033
8.26747
-3.05852
8.19719
-7.63925
0.772554
-1.78946
4.43223
-3.31621
-9.65006
3.33759
-9.35062
-4.25631
-4.91917
-0.109953
-7.36969
6.9591
-9.08291
5.02049
3.6239
4.75629
-8.9447
-7.7712
1.0352
-7.52141
-9.31228
-7.05636
3.84922
-3.95116
-0.893109
-2.41139
-9.50025
-8.17155
5.42981
-5.75206
4.59234
-0.976689
-9.26946
-1.96779
6.86997
5.79998
3.98999
-1.21494
6.48505
-5.26132
-8.8847
-5.86545
-2.95145
2.73138
-7.51828
7.14006
5.59005
8.7458
7.25626
-5.74683
-7.17347
-6.90463
-3.04602
-0.7265
6.72403
-7.31508
5.25361
0.333647
-2.86731
-2.87538
-5.99909
1.59114
7.28094
5.26017
1.64354
2.18612
-5.10567
1.37065
7.35068
1.24511
-6.51083
-2.26744
2.79753
5.4687
-8.08357
3.50684
3.49936
-6.21667
6.06141
-6.24864
-6.9071
-5.32328
-0.918366
-0.312615
6.21479
5.31088
-2.32915
-9.24662
8.96046
9.85352
0.574014
-4.65757
7.28462
7.53167
0.0461798
0.0236144
-4.32949
4.47664
2.39333
2.38142
7.3367
-0.619648
-4.20242
8.00142
8.29903
1.92448
-6.43389
-8.3818
-7.72542
0.315213
-1.95393
1.92861
8.42714
8.88908
-5.89287
-4.08765
0.905018
2.05919
5.03094
-9.7234
3.33711
-7.37613
-9.49724
9.94423
-9.78234
4.58061
6.99289
0.108141
-5.14184
6.3799
8.74952
-1.92383
-0.839101
3.07367
2.70637
0.320745
-6.41945
0.880288
-2.46514
-2.47331
-7.03261
7.12311
6.69403
-0.413138
6.60658
-7.19046
-0.676469
-7.9761
9.25892
-5.14197
6.48097
8.28592
1.08731
-5.73888
-2.41351
-2.42279
9.1039
1.76745
8.92102
3.52664
-0.299498
4.2904
-8.4919
9.1386
-2.80528
-2.83626
3.47333
2.06122
1.76286
-6.1623
7.2452
-9.07353
-4.27713
2.60698
5.67924
2.60903
-3.36211
2.40932
-9.80232
