4.50734
1.81665
9.50667
0.543797
0.467964
1.74439
5.69512
-3.20355
1.3855
1.38992
1.43768
1.42246
1.38572
1.38703
1.46307
-4.20718
-4.25301
4.04448
4.00851
-5.46404
4.36037
-3.23137
2.04715
5.42964
-7.16529
-0.167753
3.86918
5.06636
5.55666
-1.03486
1.59476
5.85612
0.889642
0.845541
-7.50139
5.26898
-5.77801
-3.21341
-3.20791
8.50613
-3.67734
-3.69152
-7.30212
0.933598
0.944649
4.46617
-6.34089
7.07941
5.28511
-0.85319
-0.766133
-2.13159
4.77052
6.88758
8.33739
5.82619
-2.9115
3.58164
3.5686
3.57075
0.826008
0.839138
0.769719
5.93796
0.900546
0.965772
0.938109
0.934184
0.98766
0.870754
-5.7876
-3.88588
-4.91832
-2.72646
6.79927
-5.48269
-2.85874
3.98181
-0.94425
1.49336
-5.60175
-3.06141
3.60166
-5.12978
4.45435
3.18463
-3.25942
7.67623
-3.62262
-7.00714
-0.336243
-0.0883256
-0.0946113
6.53182
-0.525295
3.85081
-6.61915
5.44715
3.07146
-1.73753
-1.75779
2.26096
-4.81414
-3.49961
-4.56289
-3.65409
5.61956
-4.27213
-3.93425
-3.84065
-3.91034
-0.643363
0.625778
7.69044
-4.43846
6.04956
-4.01426
8.15826
2.73727
5.05622
-4.74976
-4.74253
8.64077
-2.61115
-2.67246
-2.74787
-0.971868
8.22276
3.3797
-0.0711709
-5.07849
-7.13724
2.13971
2.06954
-6.9929
2.80714
-4.7405
5.22792
-5.24135
0.826069
-4.55346
-0.488163
4.56273
0.267887
0.263175
-6.71498
4.73811
-1.59992
-1.59543
-1.53702
8.14721
-7.47125
4.85775
-8.26955
4.01592
1.19515
1.10938
1.07813
-7.8355
-9.82561
-1.701
-1.56258
-1.634
-1.60036
3.66757
2.19886
3.18174
-0.195362
-5.76449
-6.06509
1.70947
1.68634
-5.09933
-5.17851
-1.65513
-8.9259
8.30658
-6.11388
4.70552
4.65255
-5.63361
-1.95502
-1.95992
-1.92306
-1.95088
-2.92231
-0.996788
-0.991289
-9.95886
7.59906
8.57052
4.62135
0.487582
2.35434
3.04875
-2.1114
-2.11477
-6.4444
-6.98874
4.93373
-4.00005
1.11546
1.09234
-2.05036
-2.20839
5.03274
6.32044
-0.346949
1.50008
6.92383
0.0743832
9.09585
-2.47435
0.431052
5.13949
-3.83819
-5.36557
0.550615
0.5571
0.57534
0.540188
-0.57075
-2.36781
-2.26369
5.0349
-2.85744
7.77569
4.69145
-5.97857
-4.42374
-4.27103
4.98361
-7.16438
4.61472
4.96701
-3.10383
-5.71855
0.0200398
0.0452565
-0.0157854
-0.00942308
-5.07194
8.27942
0.118008
0.0945622
-1.5934
1.99815
-4.38407
-1.44236
-1.53819
-1.54147
3.51403
7.04505
0.952192
3.89655
3.9134
2.72625
2.67812
-8.10579
-3.37528
2.87761
2.86859
2.84293
-0.274736
4.03558
5.5135
-4.68792
-3.81879
-6.31759
-3.35063
9.70799
-5.22398
-3.1547
3.22883
4.80999
9.48236
-6.14282
0.0118824
0.0518111
0.0653975
-7.67265
1.64184
-4.52237
-0.0711819
-5.07831
4.1257
4.3049
-2.32158
7.84884
9.63695
1.9109
4.60481
3.28328
3.30457
-0.363747
-0.378116
1.44646
0.440954
3.34587
-7.25595
-0.775354
2.89446
-7.89047
3.4836
3.57302
-4.14386
2.27482
0.962073
1.02817
-2.82895
-2.84113
-2.65493
7.3337
-4.15463
-5.73349
2.78431
-4.59329
-7.79025
-1.38572
-1.37422
1.97517
-7.34703
2.14916
2.23387
2.09167
2.11731
-5.21666
-1.11275
-1.15768
-1.22056
-5.95262
-2.85791
-0.333381
3.35786
3.02128
3.09022
3.13111
0.369906
-0.868843
1.72404
1.94041
3.23606
3.22782
-2.32673
-3.98015
3.74587
-3.29785
4.12661
-0.929657
-0.872629
-4.9513
-1.12132
-6.36243
5.54752
9.03353
-0.648066
-0.759409
6.38743
-3.07398
2.16572
9.63859
-4.75335
-0.593391
-0.558154
-5.45762
4.23898
-4.12516
2.92877
2.96379
-6.55412
5.96477
5.25497
-1.50683
-5.74535
2.25915
-7.08843
4.21466
4.21505
-4.13286
-0.597486
-0.557782
-0.640187
0.0594633
0.0391897
0.042063
0.0606359
8.13109
-4.71361
7.5041
2.04127
-4.74377
2.4845
1.74382
-2.14272
-2.15
-2.15808
2.49221
2.47574
3.96555
5.31041
-0.728947
3.33037
3.27917
3.93244
3.92948
-4.71147
-6.85543
-5.17686
5.41001
4.42653
-3.58138
-7.54608
0.718603
-1.42529
-2.01828
-2.10884
-2.39187
9.31251
-2.56621
6.49829
2.22703
-4.99361
5.10913
-2.55634
-2.45318
6.65957
-1.50502
-1.51953
-9.81768
-6.33704
7.83153
-3.00493
-2.92566
0.724885
0.767412
0.723413
0.927817
0.817251
-3.81293
-3.74499
5.18171
2.26396
6.52884
-4.0025
-0.691051
-0.747213
-2.21973
-2.23492
-2.15367
-2.19704
-2.12634
-2.25601
-4.45536
-8.1646
-1.19537
-1.20379
-1.29409
-2.52552
-1.39952
-6.04467
-5.17892
1.99702
-2.25126
-4.27741
-4.21983
-4.557
-1.23507
-2.0804
-5.28961
4.20325
3.59648
-5.64781
-6.19367
5.14725
1.46415
-6.66155
-3.31605
-4.09659
3.47434
3.4857
5.33426
-6.11833
-2.29077
-2.23927
-2.31692
1.20372
5.33626
3.69275
-3.57077
-3.57416
5.67694
0.109364
-6.30408
1.88041
-5.70415
1.94301
-0.308116
5.08993
-2.47438
6.77394
8.24985
-3.8053
-7.26076
3.41935
-0.541496
-0.650142
-0.696203
-3.24646
-5.45492
-3.73848
-3.81171
-3.77534
4.80225
2.99346
-3.29926
-3.13771
-6.48602
5.55377
-4.81704
-4.52859
6.32548
4.85618
-0.624277
0.761595
0.798937
-4.28161
3.85213
-2.96476
-3.00803
6.39386
2.77661
2.87298
0.294446
5.39751
2.27025
2.22703
2.33769
-2.57579
-0.532181
-5.5878
-6.42198
-4.05095
1.33574
1.32602
1.34626
6.88132
6.24354
-9.00704
2.89177
3.69481
-2.72121
-6.48785
-6.03188
-0.578051
-1.13702
-1.1489
-1.16757
-6.90224
0.334278
9.64433
3.43801
3.35052
-0.87845
-6.41263
1.12525
2.71397
0.207441
0.213746
0.172512
-6.79734
-5.2934
-5.35678
4.69564
-2.91396
-7.34931
6.00184
3.51837
3.8393
0.34932
-4.82867
-4.79381
7.02578
-3.89831
-0.462683
3.32661
-1.22398
-1.22435
-2.7643
-2.96154
-2.50778
-2.60487
7.28618
-5.98893
-0.290737
-0.29168
-6.53915
1.21709
1.28189
2.30042
2.29131
0.287448
0.248436
0.248411
0.308804
0.236598
0.206013
0.275149
-3.1983
-2.30821
4.75086
2.63916
0.187101
5.65493
0.946383
0.941679
-1.40586
-2.34953
6.84169
-3.55019
1.18486
1.19016
-2.92971
-2.88632
0.616617
0.586206
0.621237
4.46826
-5.5571
-4.46505
-4.59502
-1.29901
-5.20357
4.09532
-5.01196
-6.82821
-5.30062
-0.546889
2.51648
2.51417
-3.72192
-3.66881
-1.12974
-1.15412
0.378375
-1.73256
-4.63046
0.467974
0.489046
6.76802
2.89016
2.98444
2.78303
2.30697
-4.88388
-8.249
-9.57329
-5.0772
-5.42583
-5.74837
1.49727
5.92857
6.55667
2.69864
2.75992
-5.30143
-6.59383
4.66159
6.00732
5.0743
5.39533
1.33285
1.10479
1.11647
1.07965
0.085814
-1.9692
4.05741
5.98608
1.14623
5.78638
3.51746
1.26136
-1.32701
-1.28977
-8.84812
4.9457
-5.27101
1.55775
1.6925
1.66472
6.59407
2.06302
-1.45298
4.35418
-1.70177
-1.4011
-1.45128
-1.37478
6.21466
-2.73536
-2.77827
-0.735762
-7.59905
-0.0883792
6.0559
2.31379
2.31571
7.67102
-7.43569
-0.973001
-1.00533
-0.96354
-3.80051
1.29006
0.0596721
0.0743803
-3.04538
0.455296
2.65046
0.851676
-8.10557
-2.91387
-0.249869
-0.431042
-7.01789
-4.90893
9.30932
5.22381
1.40783
-9.79387
-4.91351
-6.79162
-2.15413
-3.60401
7.51126
-1.01284
5.1703
-3.27821
-3.24528
-3.49905
-3.50465
-4.11144
-2.61587
-2.53631
-1.74182
-0.5986
-0.536922
-9.091
4.12758
4.07499
-1.20166
-5.29637
-8.83438
-2.97488
-0.288468
-4.60048
-0.623146
6.1274
-2.35248
-2.28546
-2.36734
-2.28748
4.38784
-6.13465
2.64436
2.70342
-4.53407
-3.34062
6.00672
-0.318707
-1.85274
-1.83158
-4.60889
-2.17477
-2.20177
-2.17775
-2.11292
-0.597351
-0.600142
8.94495
-0.187018
-0.264842
-9.44285
-0.536611
-0.587826
-0.548133
-0.635434
-4.28532
7.60733
-1.09866
-1.09811
2.67919
2.5799
7.12014
-1.447
1.37869
1.45181
9.18302
0.476478
1.7081
-2.79941
-4.53908
0.142128
0.107758
-1.67502
-1.6244
2.53202
-3.04067
-4.68027
8.27343
-6.21378
1.20424
1.17414
1.181
2.42916
1.9625
4.66996
4.81666
0.156804
5.29388
5.97603
1.16278
0.466026
0.466057
0.504128
0.535246
0.557202
-0.435616
-0.505027
-2.68105
2.47091
-6.28892
2.92163
-6.89605
-1.29526
-1.30932
-0.389328
-1.13486
-1.1746
-4.80092
-0.523621
-0.586146
-0.608113
-5.44958
-8.18225
6.88816
-4.29405
-1.80305
-1.88957
-5.78785
-1.77625
-2.78876
-2.75145
1.58065
-3.62605
-5.14889
6.39945
-6.16001
-5.99117
-3.00242
0.635105
6.21353
4.867
-7.11485
7.59108
-6.25729
5.19353
0.749382
0.681142
-4.33486
3.73363
0.512654
6.54318
-4.28433
0.556877
3.33347
3.2447
3.30004
-1.68907
-1.6552
-1.9358
2.6185
-8.43587
0.579808
5.54263
1.90908
7.5596
4.87565
1.91125
4.06719
7.00972
7.05512
-4.161
-6.74397
0.133156
6.73999
1.92374
2.09735
5.98492
-1.80711
-9.33832
7.83701
6.9243
-1.29082
4.645
4.72365
-5.2413
-2.33046
6.12113
-4.98869
-1.43555
-1.40379
-1.33155
4.37322
-9.213
5.98396
3.55247
2.45076
2.44936
-2.81654
-2.80919
-2.83916
1.89306
1.69129
1.69321
3.41824
4.69435
5.05151
-5.72272
0.117789
-5.49682
-8.99843
-1.77099
-1.78104
-1.79353
4.90094
5.00442
-1.81665
4.02993
-0.118479
4.18105
-2.60566
1.67544
0.189206
4.25136
3.32015
3.92282
-1.02286
-2.96711
1.50706
-7.74043
-1.50217
1.20614
-8.08521
-1.74784
-1.85574
-4.77109
-4.71167
2.18201
2.17254
5.54091
-7.07773
-5.9381
-7.07762
1.16318
1.17505
1.17466
-2.5771
-2.5848
-6.79022
4.18121
-5.05377
-3.83522
7.30356
-3.15115
-3.04738
-3.35282
7.31269
0.693672
-4.14501
-0.233623
-7.17457
-1.20383
4.67994
2.84971
1.94339
1.93477
-2.08059
-6.73508
2.65777
2.66455
2.60217
-3.93894
8.5796
8.11681
-5.02306
0.750673
0.861147
6.58106
9.35809
-3.71667
-0.430024
-0.526913
-0.42835
-4.0619
-4.01356
7.12976
4.8467
4.81431
7.73118
-0.469628
-4.85051
5.43991
-1.96238
-3.50917
5.80735
4.58458
-3.3188
5.21072
3.79448
-5.0671
0.132035
8.06245
2.00427
3.7953
-2.17913
-2.17986
-2.14772
-1.38932
3.81109
3.82724
-4.47793
-1.94982
9.98539
5.99381
-0.935804
-0.895303
-0.908875
-0.963071
-0.910621
0.907722
5.30254
-3.26484
-3.21502
4.83841
-4.20324
5.14339
-4.01507
-3.99771
-4.9392
-1.76966
-1.64006
-1.69866
-1.71151
5.02525
-6.72766
-2.90998
-3.56181
-3.46547
-3.57741
-3.5825
2.05008
2.03292
2.06661
2.04007
-5.8858
-5.25465
3.38917
-8.3585
4.41683
3.86652
-7.68269
-8.65327
2.64277
2.69158
2.68044
2.68452
-2.45385
2.59687
2.55547
1.68703
1.61703
1.62779
3.06837
5.40409
8.67436
3.70596
-4.34733
1.43865
1.4327
3.14459
1.63158
1.91901
0.11424
4.26793
-3.76461
-3.37981
-3.38044
7.66215
-6.77477
9.41415
-4.81187
-4.67675
-0.994574
0.917361
0.82931
0.851888
0.900781
-2.16027
-2.07311
-2.08316
-2.08657
0.231778
3.97297
3.88086
-6.80831
-0.851129
-0.839086
4.03872
3.993
-3.6682
-5.46485
0.349969
-1.30532
-6.15685
2.39739
2.32359
-7.14952
-0.821471
-0.821628
-0.795187
-0.942212
-1.18398
-4.83012
0.498781
0.449437
0.324447
0.33855
-6.44785
3.57175
-4.55841
-1.26884
-1.29946
-1.22824
-1.23761
-2.01663
-2.49676
-2.41477
-0.268444
-2.95152
7.72814
-0.877925
-0.899745
5.85248
7.86897
-3.9099
-3.87036
3.41205
3.42213
-9.28588
-3.12803
0.87814
0.843353
-6.92966
7.09238
-0.887619
-4.61814
0.888624
0.952122
0.718067
0.870623
2.71746
8.16609
3.77651
3.78444
-4.29606
-0.532764
-0.516976
-0.548991
-5.64505
4.68582
-8.82901
0.899443
0.923926
-2.54653
-2.53851
5.53
-6.11795
-0.0431684
-2.3113
-2.34046
-1.16967
-1.1791
-8.31654
-1.60302
4.14616
5.10061
-5.49127
4.16113
1.42157
-3.51815
-6.10065
4.16307
6.45153
3.83545
3.93791
3.91565
2.32951
2.31624
2.2912
-2.88042
5.78931
1.40895
1.31814
2.51035
-5.48537
7.55439
5.09758
0.471495
-2.5601
-2.52681
-2.56006
-1.16137
-2.04532
2.48682
-2.94837
-4.17023
-4.1367
-7.03844
-8.06498
0.147254
0.150561
8.05852
6.28656
1.56543
-3.38246
-5.22459
3.82407
-6.75237
-5.076
5.5215
-2.62419
-2.62294
-4.11725
5.85691
2.75338
5.25086
-2.05042
-7.98695
2.77944
2.86437
-2.7409
-2.66202
9.01529
4.9808
-0.0478644
0.394967
-1.44339
-2.99783
-0.627268
1.77687
5.39432
-2.46805
7.59635
-2.16882
-2.25745
1.67921
4.03619
-0.266454
-0.312194
-0.198896
5.16135
4.28545
4.23828
0.578307
0.198044
0.753862
-6.37701
0.549476
0.534031
0.52479
-2.94487
-2.9662
-2.9573
2.0871
-0.481192
-6.4531
3.99768
-6.10093
2.32215
1.26633
9.30816
7.80993
4.9486
-0.0811206
-0.0645912
0.0512901
6.5921
-6.27642
1.11435
1.1946
4.95238
2.51738
2.5476
2.34368
2.38775
2.9464
2.94241
-5.20036
-5.69814
-1.80156
-1.80145
-1.35054
9.28052
-0.73895
7.6789
-0.80796
3.2216
-2.41092
-4.48655
-3.38481
-3.31859
3.60159
3.55905
3.54118
3.96087
-6.03275
7.9181
-2.20489
1.84113
2.89519
2.95625
3.52233
1.11489
3.34296
-3.99626
-4.00895
0.934364
1.6439
1.60069
1.62403
-4.78544
-1.40668
-0.513678
-0.583736
-0.546944
7.26862
-7.78212
-5.43128
1.84459
-3.99047
-0.575802
-3.43054
-3.42217
-3.52439
-3.51948
-0.274753
4.38046
2.30111
2.21711
-4.79263
-8.06285
4.38724
-6.12514
9.43145
4.86943
1.63051
2.79175
3.99345
0.736143
0.709382
0.640565
-1.45162
4.95157
-9.55851
5.49965
-4.67018
2.60877
2.61536
1.54728
4.64847
4.66199
3.09428
6.95047
5.36858
-7.33425
-2.7711
-1.03271
5.29573
0.770373
0.764056
-1.59996
2.54165
3.06288
5.22738
0.385602
1.01972
-5.89285
6.72452
4.52361
-2.19462
-2.13461
-5.48541
2.67037
2.68066
2.67763
-1.2608
-1.26437
-6.58504
-0.610996
7.63017
3.31334
-5.69967
5.20143
3.52325
3.75326
9.60287
-4.82019
5.74896
8.71086
4.12777
-3.23532
-5.41121
4.17918
-9.26136
-6.41152
6.64985
-8.71284
-5.42183
4.49205
7.58691
-4.2012
-1.29099
-1.92279
1.44419
5.9473
3.1912
3.1699
-5.30381
-5.65091
-5.28957
-7.08042
1.06637
4.29209
2.38653
2.38984
2.41029
-1.9472
-1.96641
-1.95152
-4.97885
-1.95321
-4.94792
-4.60035
-2.05245
7.6768
-8.21492
-4.14009
5.67051
1.29322
1.22839
1.29642
1.29966
-0.845969
9.18807
4.64386
7.98035
2.85369
-6.93924
-4.74097
-6.80922
-5.70951
8.34497
0.313082
-0.232633
-0.270774
-0.230844
4.33273
6.83169
5.91353
-4.86977
0.901492
1.76317
0.547545
4.69437
-5.20946
-2.15234
1.48182
-4.67326
6.86071
-3.26444
-3.34621
0.532917
0.553087
-8.5569
-0.334467
-0.272911
-0.168261
-0.192622
-0.172869
-1.62436
-1.70813
-1.74039
-1.61648
1.47506
1.50822
1.45373
2.64373
-8.93583
-3.9406
7.17937
-6.51812
1.11665
0.103815
5.35992
6.06865
-3.23314
-2.12337
5.45338
-4.51268
5.33261
-4.31845
4.05323
6.37662
-7.64188
-3.66827
1.74551
-7.48891
-5.59174
-3.11617
0.696577
0.729293
-3.07665
-3.08081
-3.09585
9.47824
1.91691
-2.01197
0.743493
6.03123
0.946508
8.70417
2.42802
5.31395
0.657
-2.31106
-1.2925
-1.26819
-1.27274
-1.58916
-2.26298
-4.07259
3.01062
2.95362
3.05814
-7.91606
2.9527
2.93869
3.20943
3.29581
2.64503
2.48471
2.67408
0.696919
0.571073
2.21943
2.27222
6.24691
-3.28607
-0.00918913
5.99343
1.37761
1.4518
1.49019
1.47609
1.44236
1.38452
-3.99439
2.84022
2.81274
2.86738
2.854
5.09491
-4.72613
-1.00766
-9.80328
-2.25613
3.89876
1.40886
1.37914
-0.535183
-0.6326
1.36227
1.3198
1.34144
0.998263
1.07421
-1.83456
0.0647117
-2.4599
-2.45654
-2.4938
7.552
-0.0635797
-0.0799845
-0.160129
-6.79971
-1.50272
6.01226
-0.502599
-0.540012
-0.659277
-0.542381
-0.592609
-0.593996
-0.535343
-0.641338
-0.622137
-0.646677
-6.3411
6.30659
-4.02799
0.353602
8.07005
-7.73364
5.76347
4.22142
-2.2874
-2.29947
-5.21575
-6.08187
0.128842
-9.55242
-0.297133
-3.16393
-3.20357
-9.79165
-1.23517
-1.30444
-1.31047
-1.33199
-1.30848
1.5048
1.54525
-2.06761
-2.08042
-2.11789
6.44835
3.25024
-2.6754
-2.67631
2.88035
5.05068
6.52867
1.19874
1.28274
-1.37147
7.21498
7.52778
5.18393
5.71256
1.40241
6.74531
-3.40736
-3.36715
-3.32228
-3.34037
-4.55715
7.69407
-4.66986
-3.61701
-3.61726
7.27549
-1.76542
-1.7749
7.86995
5.41808
4.22844
-3.93987
-5.54026
2.79708
2.81665
-4.61749
6.51285
-5.61706
-5.12144
-3.23793
1.21428
-5.53706
0.148327
0.162465
5.25185
6.00918
0.463302
0.412294
0.397633
-8.00708
0.022861
1.17553
1.18071
-3.20908
8.23993
3.06375
3.16415
1.99115
1.99328
5.3251
-5.74273
4.27758
-3.6471
1.93259
-4.32846
5.36341
-5.98921
-1.00884
-3.0348
3.64889
-3.1706
-3.09945
-1.69788
2.2357
-7.68274
5.23905
4.2852
2.04568
-7.04341
-2.41895
-3.1708
-3.1418
-1.9727
7.14289
4.29612
3.39359
-0.57585
-1.57634
-1.6478
7.50008
-1.72754
-0.183151
-2.69689
-1.09274
3.87311
-2.41345
-4.01201
-4.03249
4.20906
0.371169
0.983698
1.02401
4.25298
1.49791
2.12978
5.91444
5.10406
5.08401
-3.36558
-3.41471
5.38842
1.73266
-8.233
-6.03264
-6.86467
-7.08765
-0.628168
-0.547047
-1.15894
1.37667
6.76197
-1.14277
-1.13962
-0.310408
4.72498
4.63607
4.66734
3.49563
6.42836
6.07328
0.980357
1.02487
1.24462
1.26804
-7.9954
-3.85372
-3.77834
-5.09804
-8.56706
-6.5425
2.44733
2.45739
0.119051
2.69296
0.0573988
0.0442778
-0.00383457
-0.343094
6.77985
-8.22552
-4.0822
3.72417
3.66846
3.68982
-0.784754
7.17895
-7.42373
-3.43169
-3.48346
-8.71139
-9.2111
0.635213
0.619297
0.526539
-2.49324
-2.45727
5.12023
5.06635
-2.50617
4.2835
2.9929
2.97896
5.03543
2.53283
2.43781
2.51592
2.51606
2.47724
2.49542
9.42416
6.03117
2.5979
-6.23303
3.84075
3.81299
5.07406
-1.4394
9.48525
2.33992
3.39122
7.30959
-4.60266
2.63347
2.53528
-2.79702
-2.71656
5.15702
0.242937
0.25926
0.470355
3.49954
-0.944225
4.85227
5.23374
4.00233
3.99146
-5.72946
-5.40432
4.03713
-0.257105
-8.40716
-3.76836
-3.58595
-3.72035
-7.27325
6.26408
7.09291
-4.86531
-4.85691
-1.20352
-4.17174
1.75882
1.79754
1.78006
1.80405
4.48788
0.237742
3.21478
-1.23223
-1.33791
1.12231
2.1191
9.69443
-2.36274
-2.3314
1.60395
3.93449
1.30894
1.29333
-7.60862
-9.44193
-1.75341
-1.72415
3.51565
-3.49238
-3.49374
-2.57402
-3.95424
-3.85568
3.11768
-4.77449
5.28668
-3.71271
-1.87323
4.65918
-2.79944
-2.77931
-6.34724
0.980056
0.963215
7.48994
4.2831
3.48702
3.44303
-5.10525
5.27735
-1.67329
-1.80359
-1.80942
-1.80596
8.98748
9.35916
0.135024
-3.74021
-3.70627
2.89515
-3.10239
2.11115
4.44607
3.15446
3.17639
1.61641
0.963903
-3.65054
5.16456
-2.26117
-9.76246
-4.1553
-0.887677
-0.893471
-4.29606
9.09306
-0.705002
-0.739105
-0.725851
4.40234
-0.101206
-0.114223
0.766258
0.744947
0.839896
-1.68691
1.20924
1.29742
0.47813
1.6604
0.9686
0.988867
1.13322
-1.28015
-8.00928
-1.41467
-1.41516
-1.45631
-1.51522
0.433041
-5.87002
-2.13608
1.11401
7.03539
1.20769
1.1975
1.27768
1.26292
1.2672
1.23723
2.28678
2.29188
2.19398
-2.83657
-2.84978
0.0434251
-3.6571
6.78156
-4.12842
7.51716
-5.35983
-3.06838
-3.94537
2.55636
2.54584
1.53243
1.50967
-6.00538
7.48374
6.34054
5.09389
-1.89132
2.33258
5.29245
5.17759
-4.10233
-1.73291
0.48315
0.385053
3.49672
-3.85087
-3.85992
-3.87334
-3.83261
6.15995
3.7732
-4.28824
7.1065
7.22627
5.71494
5.60453
3.32783
8.85772
-7.89649
5.14542
-3.01299
-3.74123
-3.71853
-3.83028
-6.09588
4.2941
4.4097
-9.47537
-4.93775
-9.16677
-2.30801
-2.31729
-3.90681
-3.91269
5.80134
-0.088082
-0.0663222
-0.0322644
0.0171306
0.927603
-7.08095
-2.7712
2.07469
2.01614
4.65012
1.81486
1.47581
-1.75614
2.24973
-8.47944
1.66967
1.58026
1.70631
-7.76129
6.82105
-4.56108
-4.5456
9.02034
4.54556
4.62597
-3.84074
-0.982922
0.594311
-8.11121
-8.90458
-1.69892
-1.68675
-1.69012
-1.11641
-1.1552
-1.15731
-1.16101
1.88152
1.99601
2.00486
-8.63262
-3.81238
1.10284
0.774993
1.50765
1.4206
-5.01672
-2.70003
-2.74287
-0.350334
-2.20614
-2.20669
1.95209
1.42205
1.27276
-4.97356
-7.84465
0.645716
0.651007
0.621776
0.595457
3.64092
-6.45729
2.1986
2.18742
2.17611
9.87202
3.84136
3.91207
-0.773571
2.33542
2.54156
7.69604
-4.91354
-8.52328
6.34312
7.2863
3.44557
3.49104
0.0590529
9.52309
5.76739
-4.68406
1.92899
-9.41156
-2.69004
7.08066
-6.97215
-2.06461
-7.44744
-4.08429
-4.11762
-6.08836
-7.85696
4.96855
7.45758
-2.49105
-2.41987
-2.5039
-4.18703
5.97554
2.29347
3.69794
3.6035
-5.28292
-3.03419
-9.78747
2.56041
2.61879
8.207
0.0210181
-0.0413987
-0.010717
-0.05519
-0.0869692
-0.0929092
-0.00729041
-0.0104344
-0.0539497
-0.0861294
-0.733366
-0.737908
-0.798414
-0.739829
-0.760752
3.8405
-3.08513
-3.10878
-3.14537
9.30296
-1.15204
2.7452
2.74156
-0.16194
-0.178604
-0.248551
-0.0553415
-0.13061
4.18449
1.2938
1.25348
-3.55286
-3.51737
-3.24701
-8.37152
3.97962
-5.75206
-8.50636
-1.96053
-6.32638
7.895
1.58531
-0.772365
-0.745579
-0.745775
-0.830836
-0.756231
0.067114
2.30707
2.30843
-3.28939
3.72125
3.56533
8.7922
3.67003
2.16497
2.24731
-4.84664
-5.65389
0.502726
0.536424
0.704657
5.78119
-1.53719
-2.63439
6.29048
1.21102
1.20694
1.2203
1.20339
-4.88117
4.85909
-5.37837
1.98169
2.02804
2.0298
2.01245
-4.71255
3.14564
3.1081
3.1173
-2.74065
-2.73503
-2.63903
4.96961
-0.443952
-0.475695
-4.46387
-7.28729
2.86719
2.02154
2.03588
0.705984
-3.15916
2.6472
4.80851
-3.31263
-5.20027
3.03337
3.19162
2.28025
-4.74751
0.963634
-1.43142
-3.62054
-1.71284
6.05569
-3.02718
1.11995
5.91427
-6.04294
-7.97565
2.76136
1.40492
1.37843
-4.64478
-6.91628
1.04315
1.0264
1.0628
4.66199
4.18926
-3.74964
-3.76173
2.66611
8.26412
8.72656
0.757684
-3.85481
-7.90246
-4.30401
-3.98259
2.64228
-3.35697
-0.967648
-2.1157
2.54605
-0.714994
-0.755575
-0.269668
-0.325801
-0.135294
-0.101393
-0.109374
-0.0979213
1.1982
1.14072
-3.41803
-6.20035
-1.07118
-0.996031
-1.01895
-3.55308
-7.06306
7.18869
2.07587
2.15097
2.22548
-6.20905
-1.63
-0.0236323
-0.0841708
-6.00492
-6.9104
-8.57838
-6.9273
5.03141
-5.39519
-1.19623
-5.36388
2.30195
2.4072
2.38753
-5.04437
-2.64289
-2.69493
-2.74105
-2.69651
4.25524
2.17705
2.16136
4.35368
-3.97668
-5.04762
1.04639
4.39635
5.22487
-0.304049
6.88971
4.62484
4.62136
6.29035
-1.61544
-1.60933
-5.37305
-6.79408
2.36418
6.10087
9.63026
3.20984
0.589559
-2.64678
-2.62604
-2.68038
-5.1164
1.62061
-4.00209
0.680743
4.83604
-5.54009
-4.44746
-1.44732
-7.73119
-2.95733
-2.99218
3.80583
2.35958
2.7206
-4.1834
-0.172223
7.52775
3.49112
-6.63891
3.50194
3.73852
-5.53054
9.13383
3.91726
1.75515
4.81022
4.81478
2.54423
-7.08075
-3.29679
-3.36627
-5.57781
-2.70955
-1.37878
0.0956316
-2.4588
-4.47768
6.60105
-6.33327
-6.02297
7.50255
-6.80396
-2.10963
0.579021
6.31796
-0.113933
3.94457
-6.13867
-5.97859
-3.1172
-3.10384
-2.79192
3.02643
-1.77329
-1.79262
-1.73981
-2.69282
-2.59967
-2.59043
0.137255
-9.61665
3.69955
-4.16831
5.52075
4.60829
-4.16418
-4.94493
-4.71039
3.73563
3.74331
0.173929
-4.98532
-7.98646
4.99027
5.56945
1.64424
4.17595
0.953533
3.21559
6.88631
1.70098
1.73992
0.597748
0.560972
-6.54512
2.69493
-6.31684
1.40856
2.48053
-0.0528765
-0.00262565
-0.105374
0.00455771
-3.97809
4.40305
-3.12238
-7.41621
0.72489
-4.63726
6.11968
2.75497
-3.51786
0.103451
-4.2682
2.83593
2.82827
2.87325
7.73348
2.5925
-8.32174
-0.147854
-0.329672
-0.372923
-0.421509
-3.75654
5.98682
-5.41134
8.33382
-8.19361
-6.91046
3.45896
-8.20746
5.06664
9.74145
3.91871
3.90188
3.95133
-9.27692
6.01844
0.0511612
6.83881
-1.39911
-2.3788
2.09709
2.01483
3.37894
4.60638
-0.829955
-0.831138
-0.819549
-2.0997
3.24975
6.87172
-1.49113
-1.50128
-5.60624
3.64108
3.54554
-7.5187
5.59022
-6.57169
-8.36324
-5.28149
1.68152
2.71447
2.74169
-6.31428
-1.74464
-1.78168
2.10439
-4.38822
0.166834
0.2778
0.951586
0.98307
0.430973
0.402905
2.56587
-7.14071
-0.949249
6.65961
-10.1166
-4.97782
4.0201
-7.68074
4.92073
-2.52907
4.36426
-8.59479
-4.41395
-1.97648
-2.01339
-6.62559
1.40055
1.46062
1.47794
1.43079
2.06293
-4.02581
5.63782
5.68483
4.70264
-3.50174
-3.48614
3.60891
-7.41705
2.4233
2.48089
2.3611
2.41302
5.61497
-2.48578
-0.0220781
0.0274691
0.0911735
0.701116
4.24241
-0.224839
-0.262563
-0.295428
0.786868
0.80682
0.806225
-3.17834
-3.16931
-7.78392
-2.47163
-4.88482
-4.88056
4.78108
9.59151
-0.0689761
2.56192
-9.59988
-6.0043
7.13289
2.28813
-7.96825
-2.81219
0.389244
0.436344
0.426917
0.383132
-5.83106
-7.40239
-3.1984
-9.0047
7.71999
-3.92308
-3.80246
-3.82718
4.0751
-1.6016
-3.00409
-3.22843
3.63216
-7.67413
-5.19618
-4.07563
7.81861
-1.01328
-1.02251
-0.23364
-0.244597
-0.278982
6.97879
8.03801
-6.25512
-2.51787
-2.56995
1.10798
-2.87488
-2.78371
5.5431
0.656535
0.663338
1.03576
1.03794
4.38629
-3.20454
-4.94856
-4.86656
2.60952
8.09252
-6.6447
-1.63868
9.32294
2.90259
-0.511434
5.38414
-2.17295
-2.23754
1.29316
1.33167
3.54042
-6.29086
6.91951
6.17261
-2.28417
6.93255
-4.03726
-5.2289
4.05353
6.94822
2.2858
2.24682
2.27513
-0.476725
-0.0938389
-0.139776
6.55053
-4.58969
0.541343
3.60501
5.29096
3.8994
3.99256
2.66589
6.08298
-1.53735
8.05457
-2.5605
9.93062
-2.29673
-2.2473
-1.13978
4.62453
4.45171
-2.82995
-2.87609
5.01977
9.56223
-2.14905
-2.16027
3.3256
5.10857
-0.439353
-0.415977
-7.419
-3.04828
4.80645
4.80371
-5.12867
-2.29135
-2.28149
-2.32225
-2.33379
-2.343
6.58808
-1.38418
-1.30984
-3.05724
-3.08165
-0.397901
-0.406172
-0.441805
-8.59571
-0.543951
-4.35896
-3.87797
-3.86309
-3.9038
8.74077
4.2391
1.96824
-6.38127
1.52727
-0.894704
-0.931933
-0.869483
-0.860948
-0.936114
-0.941845
-0.96372
-4.15337
-1.7968
8.57887
-9.59917
5.52117
5.09381
-6.06556
6.75542
-3.41865
-3.44379
-3.58727
5.86468
-6.16525
1.61354
1.61596
1.6986
1.52145
1.87251
-1.33014
-5.8112
-1.21924
-1.21842
0.420987
4.79169
5.66471
-1.70195
-1.7659
-2.09692
1.94138
1.94256
1.87707
1.87062
0.737241
-4.0438
-6.54543
6.02569
2.00094
1.98491
7.75848
-2.6164
4.82126
4.79346
-0.0209804
-0.0559938
0.0369858
0.0705011
0.057971
-0.0250642
-0.049922
2.10011
2.16151
6.55014
3.33697
-0.0795685
4.20973
-1.391
0.593179
0.650234
-5.26624
-4.89839
-1.55116
4.64731
4.56882
2.21138
-1.45218
-1.45352
-5.47239
-5.12576
6.85682
-3.01716
5.33888
4.51999
-5.1123
-0.742908
-0.778299
-0.64478
5.79396
0.477971
0.469724
0.499152
0.522789
-0.158087
-0.14977
-0.101545
-6.76353
-3.19674
-0.893654
5.96919
2.28476
2.4269
2.30485
2.30226
2.29612
2.5992
-7.44472
5.55757
-7.95896
-0.681002
-3.95974
-3.5407
0.232914
0.255421
0.263785
0.159337
3.15693
-1.28342
-1.44678
3.96456
3.91034
3.92433
0.489539
1.89015
-0.603281
-0.547209
-5.37901
1.60854
1.64941
-1.7615
-1.78429
-1.81484
6.43726
-5.13685
-2.13695
0.181518
2.86456
5.4591
4.95405
-0.828586
-0.820144
4.23652
5.81488
-5.99707
0.273617
-5.11762
3.62506
3.67323
2.07625
-2.34228
-4.21778
-4.30244
-4.29151
0.0240268
-5.53231
-0.438035
-7.77006
3.91041
-2.59319
-2.59234
-2.10344
3.24049
3.25478
3.22346
-0.337293
-0.255453
-0.308409
-0.37282
2.82328
-3.24032
-4.59271
2.07531
2.13496
8.69578
3.75326
-0.291045
-0.297824
-2.16062
3.90217
-0.0716051
-1.41339
-3.95835
4.31374
-1.28616
-1.18581
-3.45278
-7.19919
-1.42816
-1.54179
-1.54284
8.19363
6.20793
-0.792757
-6.36204
-5.29993
-2.54815
-2.40712
-6.9525
3.41855
2.75619
-4.67861
-4.74122
7.47624
3.47317
-3.71317
-3.79775
-3.78766
3.61355
4.98853
-5.27872
-7.06332
0.64344
0.624666
0.635129
3.28528
0.732593
-0.133923
-8.7428
-7.74443
-3.2571
-3.33945
-4.54539
-6.26624
-6.60887
-8.17781
6.99053
0.840478
0.903585
0.841571
0.859149
-0.153776
-0.240538
-1.17044
-1.19419
-1.22263
-9.00288
-5.12299
-0.2771
3.64482
-3.19825
-3.08101
-0.900746
6.75107
9.48078
-5.47689
-4.51916
-3.05168
-4.95981
-2.95644
-4.84828
-0.616656
-0.594572
5.49743
-3.99712
1.51972
1.53258
1.39622
4.86028
-5.99539
-6.52506
-4.67731
0.776003
4.94376
-2.31802
-5.01555
0.843917
0.875853
5.32492
-1.32649
-2.70895
4.03188
3.68807
3.70122
-6.77233
-6.53507
-3.3085
-4.93305
7.94311
2.15071
2.10301
2.11664
2.24142
-1.80919
-1.9385
-3.00649
0.66499
0.648683
3.44287
3.44579
1.93404
1.89071
3.34772
3.35098
2.22471
2.11741
2.11416
2.18531
2.17195
-0.565721
-2.53879
8.17879
5.2469
2.99189
3.32964
3.13884
-6.14686
1.92116
-8.56645
1.87837
-4.06479
-5.60964
-3.0635
-3.158
-3.02378
3.43759
-3.08413
-3.06903
-6.2524
-1.90165
-7.64938
0.605951
-6.47296
8.86133
5.4276
3.18177
4.01276
4.06522
8.32782
1.06635
-4.30778
-4.05195
0.0927415
3.51679
-4.34647
-4.38066
7.7051
-3.06426
4.27462
6.43232
3.59054
-7.80124
-2.1902
1.865
-4.65838
-8.17373
3.94942
1.28731
0.309233
-5.38657
5.0398
5.71705
9.49296
-3.57554
5.47698
9.88527
3.78737
3.90563
-4.04585
5.89763
-5.57484
3.3786
3.33828
3.90498
-2.95184
2.08595
-0.335572
-5.1889
1.58014
6.15121
-8.15472
0.166588
0.178609
-2.96731
-2.92473
9.08533
3.51447
3.49391
3.45171
5.05907
-0.784798
-0.78162
-8.28124
-0.485945
-8.83985
-2.64281
-4.59623
3.467
5.68528
-3.5462
-3.48923
-6.01056
-0.034617
-6.88746
0.327567
0.342479
-3.63957
4.7074
4.74173
1.29496
1.30396
6.58534
3.90075
-2.51276
4.87732
5.64632
2.41883
-6.8754
-2.10166
-3.15164
5.70491
2.46391
-4.7491
9.36823
-5.55648
-3.94933
0.591909
0.581691
0.697114
0.670274
6.78431
-9.59042
4.71918
-6.64989
-2.29234
-2.32832
-5.97814
4.3008
-3.98159
-3.81998
5.61839
6.57256
5.1646
8.15665
-4.45629
-1.05587
0.403734
0.397783
-4.4808
-4.37242
4.24294
6.86638
-1.71583
-1.68622
2.09595
0.44769
0.479623
-4.34135
2.97074
2.99804
-3.11475
-3.06685
-3.71613
-3.67087
-7.86905
-1.49423
-6.66465
-1.23076
-9.79458
8.15596
-4.51637
4.15292
-4.92785
-0.456951
-9.67099
1.64926
-0.308326
-5.81766
5.61536
5.88684
-7.07741
-3.45143
3.67904
3.52116
3.62228
-8.82119
-1.15925
-1.09158
4.20306
2.46572
2.48157
2.55484
-5.39619
-0.407556
-0.436718
-0.436378
-5.12532
-1.03925
-1.05307
-0.204132
5.41278
4.00409
-6.29528
-0.631226
-0.779462
-0.801619
-0.783304
-6.09302
-3.6366
-6.13679
5.14308
-5.648
0.974174
-7.20153
4.74448
-3.2105
-3.18016
-0.0877925
7.84207
-2.41317
-1.00176
-1.02562
-1.01687
-1.4918
-1.49246
-1.46146
-3.99561
2.60511
2.58769
-0.49243
-3.48794
6.80562
1.10492
7.47759
7.28549
7.8906
4.47246
-0.511034
-0.917121
-0.887986
-6.11464
2.34244
2.40551
-9.98792
0.823752
-2.55451
-1.89951
-1.87637
-1.787
1.22828
1.28382
1.17037
1.16965
1.09391
1.13604
1.14391
5.75201
1.12476
1.20304
1.23409
-5.32078
1.1905
2.95543
2.93995
-9.27288
2.22123
2.21897
-1.49465
-1.44999
-6.24115
2.42936
2.44817
3.72778
-8.84486
1.26915
1.23098
1.09618
-6.93801
8.60518
6.36484
-3.17951
-3.16708
4.2299
-0.374369
-0.281442
-5.5211
4.99019
1.99591
-3.54138
6.00351
2.45004
-7.74061
4.3391
-5.30609
2.6442
1.39487
1.3519
-1.13431
-1.25874
-4.84028
5.73085
2.42897
2.40331
2.22069
2.26923
2.24753
-5.82926
-3.38466
-1.73757
-3.58478
-3.59976
-2.59923
4.09895
-6.50174
-5.02363
-1.68426
-0.00986462
-0.000518188
0.00905347
-6.22162
-5.02214
1.89616
4.07351
4.57309
-0.639498
-0.618282
-0.643766
6.80234
-4.04783
-5.76006
7.88041
-5.73686
-0.737628
-0.644389
-0.675625
-0.152597
-0.254951
-0.256786
4.46407
4.41545
-4.22553
-8.74628
-1.04926
-1.05926
-4.19717
-3.29709
-9.35541
3.72871
4.62305
-5.43304
7.59932
6.75862
3.70569
-0.140534
-0.115912
1.49685
1.502
1.55441
1.5029
3.06622
3.21861
3.17866
0.527549
0.594598
-1.2788
-9.12757
4.32977
-5.39171
0.838726
-0.0210909
0.604226
-7.49331
2.28383
2.25435
-6.4554
3.34038
4.65593
-2.78527
-2.83259
-2.89491
4.69262
2.73656
2.8323
-0.713154
8.47773
6.13194
-6.28376
-7.21234
1.57037
1.6193
-4.69491
-4.62887
-4.07911
5.11927
6.60412
3.33217
3.25024
3.96064
-1.74074
-0.0865924
-0.0536249
-0.0703286
5.58149
6.33852
7.25606
5.48603
1.96031
1.98216
8.11279
0.313842
0.332084
0.343928
0.203962
0.213617
-4.86509
2.80875
-8.43611
-3.52277
-8.14268
-5.82946
6.65788
-0.0219725
6.4858
8.04738
7.03866
-7.83416
-4.3437
-8.98262
-5.48475
-0.718914
-0.752767
-3.0024
-2.94941
-6.2588
-4.55133
4.02802
5.8126
-3.86038
-3.70938
-4.42012
-4.46433
-3.25296
-3.2507
-3.26472
-3.19847
-1.41639
-1.99461
-1.95459
-1.87879
-1.92827
0.771001
-7.48957
2.61777
-0.616566
1.48427
-7.8115
-0.421143
8.56675
3.28643
3.30007
3.26806
3.29833
8.01173
-3.37078
5.92887
-7.69003
0.0520899
-2.04981
-2.24586
-2.22104
-7.08419
-5.82788
5.29831
-3.52141
-0.742566
-3.48669
-3.50872
-5.41537
-4.55921
-4.56521
7.30015
-5.8304
-4.03335
-1.05652
-6.67166
-0.949282
2.5798
-1.27416
0.0975614
3.99206
-1.37279
-1.42177
1.15582
1.05408
-3.2274
7.92176
1.23409
-0.126828
-0.255304
-0.253397
-1.41433
-1.40686
-5.34199
-3.97221
-7.21613
-0.80859
3.70037
2.0288
0.909699
0.82462
0.813114
-5.8005
-1.04249
-1.06321
0.219421
0.233772
0.260002
-1.05678
-4.27681
0.0300089
-6.69541
2.03089
1.98327
4.21252
-3.30904
2.65672
2.66673
2.65777
2.57793
-5.26427
1.92768
-2.19466
-2.19732
7.74775
-3.02695
4.42342
3.89642
-5.10623
-0.778456
-2.12855
5.24529
4.74598
4.701
8.97207
0.56204
6.69113
7.68234
7.11604
-5.41562
1.33024
-0.390514
-4.51314
-4.43436
-4.33165
-6.77271
1.79265
1.78903
-6.55723
0.0440144
4.61243
-3.63209
-3.64457
6.45355
4.7206
-4.98512
1.42646
1.23076
-1.04762
-6.6471
-3.92274
-4.24067
-4.27389
-7.62057
-0.713132
-3.14218
-1.60862
-1.62518
1.24172
1.30092
-8.52727
6.98391
-4.39036
4.76436
-0.543663
-0.508238
-0.536473
4.95856
0.906695
2.77311
6.3224
1.18179
1.0385
-7.49393
-8.01077
-5.60099
-0.829088
-0.0865648
-0.17301
6.66834
-0.700821
-7.66548
-5.26483
-0.234431
-0.267669
1.91978
4.17955
-8.84881
-4.09004
9.66004
-3.93913
-4.11855
-4.01233
9.21813
-6.96458
-6.0407
6.24118
-6.57393
-4.03835
-5.81187
-3.93046
-0.895144
8.32834
-4.84302
-6.8377
-1.86601
-8.28561
-2.59239
0.164988
-0.844003
-0.843044
4.68831
-2.18923
-0.920226
-0.844602
2.16698
2.11749
1.55609
1.46878
-6.28575
1.6494
1.88265
9.56165
6.31539
3.64242
3.73836
-6.10521
-2.31054
-6.28865
-3.61146
0.873664
-2.55344
3.42018
-2.76979
-2.71542
-5.12866
2.95934
-5.26389
3.9957
-1.40936
-1.34514
-1.35588
-3.28395
-0.555971
-0.585695
2.03055
-1.24157
-4.811
1.03742
1.02039
5.60861
3.09551
3.18877
3.14916
-3.61317
-7.25709
2.57785
-3.7466
5.40645
0.718715
0.595687
0.595732
0.581262
0.55716
2.6739
2.55483
4.3521
-0.470826
-0.494082
-0.499218
-0.511248
6.30197
-0.0713772
4.3477
-0.983145
-1.10032
-1.13369
-1.12484
4.88714
5.3346
-5.801
-1.81815
-1.76792
1.56641
1.578
1.60329
1.61026
1.56411
3.22945
3.2235
3.18465
3.47181
3.47302
3.46258
-7.88386
2.87893
6.71624
-4.23931
5.35601
6.40034
-1.14588
-1.20332
-4.85628
-6.9272
-3.2207
-4.52047
6.69067
-1.45449
-1.42548
5.03304
-3.7282
2.90552
5.86491
5.02469
5.04737
-2.32856
-2.39067
-2.33374
-2.36663
1.64487
-2.37986
-1.389
5.41261
5.0076
-3.38941
1.29708
1.21681
1.21651
1.19027
-5.10325
3.8428
6.27575
5.1843
4.11222
0.835659
2.58985
4.53359
-4.98934
3.11687
3.10487
3.1026
7.17705
4.73152
-6.92527
3.93816
3.93624
0.243204
-2.59427
-1.24149
-6.96232
4.13083
4.08048
5.72135
-0.123389
-0.116737
-0.165547
-0.157419
5.91303
3.51991
-2.05367
-2.04125
6.44327
-5.8699
1.36139
7.53486
1.16059
1.25969
0.474127
0.467696
0.34323
0.350341
0.646494
0.580874
0.107319
0.143789
-2.88884
-2.74331
-1.99712
-1.96418
-1.98671
-2.02905
5.07347
2.73617
2.68779
4.69787
-2.68259
-2.70193
-2.66997
-2.57504
-5.41481
-6.08208
4.4986
0.536406
-1.07231
-1.06686
-2.03384
-1.9695
4.60659
0.684089
-0.433671
-0.384107
-0.444462
3.59634
-9.338
-1.75277
-1.77183
-2.95289
5.82944
-2.32019
-2.27312
-2.2646
-2.26461
-2.85972
4.53432
0.829256
0.881988
0.885724
1.88355
4.20353
-1.94281
2.59268
2.73011
2.66224
-0.776578
5.30143
-6.8139
2.65572
4.8753
-3.16344
-3.12504
3.38754
4.64351
4.54907
-5.8202
-0.455964
7.38077
1.82412
3.70287
-1.01881
-4.24776
3.92413
-7.01038
0.101277
4.90562
4.86509
6.48153
-0.913292
-1.15909
-6.08123
4.58506
0.678921
4.02822
-0.957675
-0.94888
-0.953904
3.9859
-3.6257
2.07165
2.06683
3.91356
-1.7058
-2.97175
3.0925
1.96258
4.97032
-3.82425
-3.48598
-0.191157
3.12052
4.03821
3.78753
5.45109
-2.57309
-2.52796
-2.50004
-3.3678
1.94019
-0.980496
-0.699708
-4.69848
1.54152
6.29575
4.59662
4.12628
-6.82271
4.53853
-5.81763
-0.656988
-0.683312
-0.747378
2.38249
-1.7993
-1.75995
-1.78324
-1.78413
0.531058
0.46735
-2.80578
-2.86033
-2.88569
-2.7502
-7.80914
-3.21621
-7.76873
-3.3351
2.77974
-0.0706317
-0.167959
-0.113508
-0.118429
-0.0609319
6.2357
3.81528
-2.59775
-2.57386
-2.54087
-8.33616
8.64366
-6.24284
2.65367
-0.251902
-1.44586
6.12427
7.41742
3.21761
-4.06319
-1.54523
5.80688
3.5429
6.60311
-0.589763
-3.54838
-3.98129
-4.46994
-4.59426
-6.40963
-1.67122
-0.799368
0.699874
0.668532
5.44418
-6.40215
7.09161
2.42551
2.43535
2.05321
-1.02924
-7.45215
4.0251
-5.62416
5.14509
-5.56139
6.28825
6.18119
1.26931
2.53508
1.84755
1.77536
1.81369
-7.61586
6.59845
0.479
3.845
4.61004
4.59852
4.16843
-5.33261
5.37822
2.94855
1.34901
1.26297
1.25087
1.23391
-5.42358
0.562457
1.38012
1.3332
-2.58366
-5.6519
-6.20886
-0.228347
-2.02327
0.219953
5.26036
-4.25415
6.46336
-0.93995
-0.882001
-0.897337
-9.78411
-5.42687
-6.78293
-1.75042
-1.61635
-6.72297
-9.2896
-4.93831
-2.45162
3.7554
7.30879
7.49409
4.52889
-0.345606
-6.11226
-0.214986
-3.98329
-3.96326
-2.09715
-2.10108
-2.11416
-6.88769
-3.6914
-1.64737
-1.65023
-3.98101
-6.79656
4.80557
3.71763
3.68158
3.71406
-3.21999
-2.56011
7.43802
9.4811
-5.44012
9.16875
-5.00568
4.53999
3.75838
3.7356
-9.36232
-1.76353
4.22485
0.479271
-2.63507
-2.68223
5.78561
0.0876981
4.89406
4.93309
-9.96662
4.94614
-4.02334
-5.22716
-4.6168
-1.40381
-1.35805
-1.39041
6.35469
-0.942972
-0.92983
-0.805081
-0.948015
-0.849302
-0.884907
0.677911
0.614601
8.72512
-1.76015
-2.30664
6.98824
-0.024327
1.37489
-7.63782
0.718278
0.786007
0.815214
0.738247
0.801015
-0.841255
9.62799
-2.79958
5.84402
-0.665625
-0.518054
-0.630679
1.40495
1.50516
-2.49046
-0.495765
-1.19872
0.708207
5.61794
1.50283
1.45202
5.83429
6.97061
3.89889
-6.11291
2.69046
-3.7923
-8.65333
4.71637
-4.22779
-1.19953
-2.89292
7.79549
-7.0527
6.13293
-4.33824
5.24613
4.42232
6.69008
-6.40196
7.76153
2.4381
2.38229
1.19484
6.99837
1.56628
1.58914
1.61733
5.06521
-4.6265
2.02147
1.99446
-3.35904
-3.43701
-3.47069
-3.38879
-4.09057
-4.07107
-4.0593
1.85148
1.87535
1.93314
1.92017
1.98779
6.06517
-4.74894
-1.64211
-1.75461
8.21135
2.06193
3.61638
0.886412
0.9647
5.85003
5.96237
5.62292
4.08102
4.09211
-5.88093
0.866622
-4.78501
7.32947
-1.82622
-3.28622
-4.03494
3.68491
-7.54345
-2.81705
3.20762
1.92257
-4.87154
-9.02116
2.39712
3.53234
-5.81101
3.11508
3.13301
3.2098
-0.444746
-0.521291
4.14029
-8.18746
-3.48538
0.556715
0.533543
8.34479
-6.7122
0.225303
0.231048
0.312716
0.296996
-5.36382
-5.91311
-2.93072
-2.55214
6.3206
-0.314086
-4.00707
4.11367
-5.85551
6.88517
5.48443
5.45235
1.62632
1.65964
1.59416
7.63535
2.27157
2.31308
1.50182
-3.19472
4.68755
4.1503
7.42271
5.06143
-6.5609
0.0680288
0.0680744
0.000109577
0.0837153
0.0845632
0.0965608
0.0934332
-3.50586
-3.55788
-3.53183
-2.45711
-2.05962
-2.14147
4.16308
3.9254
3.96132
3.89733
3.85181
-3.28671
-3.30216
-1.61115
-1.58497
-2.80485
4.54813
4.75219
3.49784
-2.04746
-2.02694
-2.07953
3.36109
3.32534
3.30612
1.67676
5.15321
-3.81751
-3.85919
2.34067
-6.93675
5.09024
1.14898
1.20962
1.21736
1.11415
-7.37448
-9.27476
3.84683
3.25944
-6.2239
5.39208
1.33009
-2.01595
-8.84348
3.9318
2.51579
2.48954
-4.71029
-0.0192865
0.00525301
-0.0506294
-2.00189
-2.00181
2.07183
2.07582
-3.06392
1.8579
-6.25705
-0.188491
9.07147
1.36456
1.37608
1.38239
1.36952
2.91076
7.82572
-0.891094
-0.87747
-0.938065
-0.903121
-0.936935
-1.00238
-0.998708
-0.928163
2.45564
6.24114
2.70558
2.63562
2.15404
2.04231
2.00225
2.12642
2.06956
2.12959
-4.898
-4.94037
-8.22389
-4.03155
-3.96884
-1.7241
-1.81631
-1.07819
-1.20442
-1.16157
3.38548
7.76722
-2.11052
9.32116
7.97962
5.8068
8.06987
1.50959
-0.783621
-0.772767
-0.795352
-0.697753
-0.711449
1.2926
1.27079
3.40073
7.12687
-3.56924
4.41656
1.38087
1.25975
1.35189
3.74341
3.76679
3.78195
3.78588
0.52376
0.556247
0.557202
-0.117243
-0.115593
-2.04654
5.00156
-2.35333
-2.327
-2.29777
-2.15615
-2.16974
9.35117
-0.630267
-4.58509
5.08746
4.99091
5.04247
0.794264
4.54728
-7.65921
2.60442
-4.22411
4.36324
4.37928
-5.3237
6.77065
1.35516
3.03647
-9.30101
0.80649
0.810237
-3.18561
-4.00254
7.36071
9.6196
-5.79665
1.39761
0.970947
0.961246
2.88607
5.61988
5.9471
6.03816
4.82166
4.81434
2.2993
2.27664
-7.55707
-3.80424
1.8844
9.00128
-0.262805
-4.35131
5.07501
0.783233
-3.66494
6.25074
-0.977227
-1.02206
-0.915244
-0.44839
-0.408384
5.32383
1.00061
1.01087
0.95598
0.877898
7.70982
4.23536
4.20738
-3.08991
-5.34345
-0.343765
0.592514
2.52666
4.33629
-5.45578
-0.283672
-0.318827
-0.264668
8.00825
6.85879
-1.41127
-4.07581
-3.36597
8.94385
-2.32137
6.40656
-0.874458
-0.864746
0.664561
0.884419
2.19806
2.20965
-2.5475
-6.61889
-6.30166
-3.07298
-3.04425
-8.18297
-7.35228
-0.106246
-0.0263746
2.48331
-1.90421
-0.0144868
3.88177
-2.61646
-2.68937
-2.65553
6.77603
-4.19022
-4.93921
6.52215
3.31617
-3.06708
-2.32547
-2.39871
-2.33593
2.74564
2.26786
7.08848
-5.40439
6.36512
1.32385
-1.80215
-1.8033
-1.81737
-2.57211
5.01132
-1.4934
3.24476
3.24423
3.18215
3.41473
7.74223
2.2145
5.97662
6.81336
-5.04923
5.24241
-1.88972
-8.19653
-7.80153
2.27248
-4.24454
1.161
1.16542
1.10248
1.21225
1.16038
5.89507
-3.65074
-4.97721
5.85814
-2.8285
6.89764
-3.36554
2.66464
1.95042
1.97614
-2.44497
-6.76175
-5.83108
-5.14104
-5.3451
-0.879554
-6.62019
-0.376429
7.87898
3.10295
-9.88463
4.09304
-8.50635
0.134272
2.04256
-3.58093
9.61301
-2.23016
-5.06669
-6.02216
-1.29861
-1.35632
4.31102
7.46221
5.98364
-7.06398
-1.20933
1.42253
1.50689
1.44269
-1.83617
2.01849
-5.04919
0.670335
0.637842
7.18507
-2.5894
-2.55882
3.08874
4.2838
-5.55842
-0.295626
-0.199949
-0.2271
2.6426
-2.86488
4.92818
6.07417
2.3606
1.37642
0.410511
0.399119
0.409413
2.42028
2.40285
2.44487
2.43586
2.4213
2.33865
4.03272
3.7514
-8.93769
-1.23933
-1.24006
-1.30747
-1.27119
-1.28536
-7.14804
6.06834
9.4195
5.22206
-1.2584
4.37252
0.844418
-3.26079
-3.34426
-3.13305
-3.03396
-3.06805
-3.02288
4.30568
-0.649949
-0.683245
7.50208
1.91433
1.69576
6.25482
-2.44238
-2.40138
-8.42235
1.04275
0.944946
0.907837
0.296813
0.577286
5.33574
-5.60139
1.81279
1.8343
6.91648
7.26426
9.06536
-2.92378
-5.43134
-3.60188
2.2458
-1.23725
-2.87323
-2.93275
2.15231
-7.44655
6.84611
3.37374
3.38044
4.31473
2.04049
1.93602
2.33178
2.3098
2.35555
6.88979
1.68378
5.3178
1.60279
-3.17468
-3.23995
-4.87445
-5.37815
1.43778
1.47815
-5.76835
6.16116
-6.94017
9.3283
-6.51026
-4.18549
-6.02216
-0.852864
0.641796
0.698399
7.13409
-2.49189
-2.53003
-2.49979
7.34999
7.42417
6.92717
2.51658
2.48302
1.42408
1.46458
1.45106
1.44648
1.39881
1.45884
4.93873
2.27245
-3.4239
-3.45275
-0.358036
5.10099
1.8437
6.76633
1.13996
0.999906
1.072
1.0699
-1.79789
-4.04727
-6.93732
1.80421
1.78616
1.72325
5.95475
0.771302
4.2414
6.36836
2.69132
2.65135
-6.17874
7.71774
-2.88694
-0.19988
0.86829
0.862267
-6.34904
4.57948
4.0434
7.80273
6.99025
-3.23896
-3.31193
-5.18249
1.16169
1.16113
5.55179
4.01481
-5.07403
3.24822
-3.03575
-0.010812
-0.00434187
-1.05395
-0.753025
5.71404
-1.47508
5.56481
3.54919
-2.99792
-4.72011
-1.97699
-1.95347
-2.06036
-1.92207
-1.89053
-1.88276
6.72227
-7.19812
1.37597
5.95201
-0.403276
2.78544
7.437
6.64074
3.43098
4.84352
-0.261103
-0.282521
0.0639665
0.121001
0.190669
0.201554
1.87258
1.88317
-0.871372
7.54807
1.46329
5.44804
-1.73052
3.27221
1.13479
-1.96411
-1.9978
-1.97504
-1.96318
-4.38662
-4.78421
4.38522
4.62083
-6.77201
-4.43354
-5.92975
-1.11363
-1.16733
-1.1071
5.11988
5.15684
4.29421
-1.84454
-1.73435
4.55091
4.55348
-1.63769
-1.8088
-1.72584
-1.67441
1.49968
1.45914
1.44429
-9.7286
7.92377
-3.63411
-3.56464
7.72064
3.14295
-3.94939
-3.887
0.0764044
6.30494
5.31175
2.36017
2.37701
2.47172
2.87532
-4.24174
-1.89363
-4.67596
-0.172273
8.8179
-5.8978
-6.268
-2.2051
2.61061
4.72562
5.85219
-3.27761
-0.923735
6.10564
-2.14492
-2.20948
-2.24516
4.59025
0.691071
0.559921
2.52373
2.51654
2.49478
1.50106
-1.75997
6.80736
4.86201
9.53828
8.22704
7.29663
-5.3037
-4.11296
-3.50403
-5.58229
-0.726775
-0.727822
-0.758899
-0.783546
-0.783356
-0.846223
3.35863
3.31102
2.18389
-5.59045
1.53624
1.55171
-0.142429
-9.76564
0.283739
0.28596
0.263916
5.49035
-9.34471
-3.16987
3.58727
3.60926
-9.04871
-6.48877
0.281106
-4.66335
-3.30587
0.0772301
-4.50211
-4.86752
0.995804
1.08107
1.13028
1.09598
1.05428
1.17083
-0.967083
1.65438
1.65303
-3.32873
6.06595
-2.22875
-2.25946
-0.264155
-0.280084
-3.56751
-5.44148
0.384059
0.357891
0.314416
0.264813
8.19207
-4.81572
-0.0314096
-5.34617
-7.47324
-2.45538
-2.53208
0.392266
-1.22257
-1.24566
-2.1434
2.04044
2.08135
0.803017
0.7857
0.810032
0.695536
0.790161
3.83736
-5.36117
-1.0442
-7.47233
9.89387
4.22184
-4.62602
6.48019
-8.64255
1.00321
-0.0615017
-0.0251861
-0.0426798
-0.100003
-6.09601
-3.01278
-8.11932
4.83696
2.33383
-4.8206
1.63311
4.84878
-6.04676
4.04555
0.757459
0.740486
0.742599
1.07779
1.03632
1.04145
6.54346
6.58657
2.52821
2.51823
2.4261
2.50533
2.43846
6.90821
4.79364
-2.29086
-0.848228
-0.850088
4.69678
0.498988
4.21995
-6.96494
-4.336
-3.62031
-2.13156
-2.81496
-2.81239
2.59949
-6.45853
3.06386
3.08384
2.7853
2.82244
-0.0447491
3.74281
3.815
-3.72877
-3.66372
-3.28806
9.00776
-1.46682
-5.9813
1.5986
7.03184
-3.76968
-3.71563
0.634662
0.720806
0.644359
0.785517
0.782585
4.80443
-4.13408
-4.13185
4.57862
-0.578823
2.05968
-0.804354
-3.93912
-0.367266
-0.219744
4.63462
0.529033
0.594082
0.57144
-2.75494
-2.7071
2.96533
8.35344
3.27215
-5.42646
-2.96193
-2.90623
6.22705
5.83743
8.14748
0.979861
0.962995
1.11663
1.07829
1.0922
-0.849086
-3.65067
2.84533
2.21366
2.17531
2.13311
5.33464
7.22044
-4.15108
2.43399
-3.16711
-3.09545
-6.69576
9.80752
-3.45284
-3.44635
-3.53888
-3.53556
8.42726
-0.479415
-0.52974
4.55943
1.05862
5.05184
-4.83642
-2.12874
-2.07681
-2.89695
-2.96048
-2.9316
-6.54585
-3.52364
-3.56053
7.722
-9.35512
0.73746
3.49
-0.451746
-0.492371
-0.500065
-4.62415
0.640659
0.61909
0.745358
-4.06978
4.41424
-7.1431
2.32092
-9.73221
7.11935
-9.18532
-4.40353
8.64803
7.75131
6.57787
-1.60949
-1.60643
-1.57095
1.86745
1.86862
6.29308
-7.6895
-3.82297
5.90296
-2.33065
3.11528
3.10053
5.83462
-4.95515
-4.0745
-3.25993
4.86293
-5.11939
-3.66345
-3.6983
6.03037
1.62574
1.64225
-3.63508
3.67093
-4.08322
-2.0025
-3.02723
-2.88225
3.02045
3.13531
-5.90454
1.3585
-5.4378
1.86675
-2.33274
-2.3119
-2.24449
7.20468
1.33323
2.80606
2.77585
-3.23964
6.5273
0.303866
-0.944509
-0.946962
-0.536546
5.36722
1.10184
1.06532
-5.90916
-4.49358
-4.80316
0.332408
0.314205
0.327736
1.43815
-7.83171
1.79566
-0.159013
-0.346707
-0.386078
5.6866
-1.73101
-1.72135
4.65316
3.29866
3.22426
-1.25184
0.426474
3.35052
3.33822
9.79762
-5.57855
-4.07772
4.34486
0.419802
0.420708
-6.26428
-0.934875
-0.908934
-0.874987
-0.915046
-5.46004
-2.74212
-2.84545
-2.80051
0.081721
5.55627
1.23496
-7.15646
-3.16257
-4.3623
1.97411
-6.33301
2.32553
-8.49162
-4.18318
-6.42579
3.01754
3.0728
-4.35914
2.2163
4.86438
2.53469
2.56677
0.217195
-2.93498
-3.01075
3.12017
4.22716
-6.59163
-0.506114
-0.569562
-5.00392
0.0720705
-8.73845
-9.60714
4.89732
-0.298462
-0.232084
-0.22841
-0.379531
5.39923
-5.12949
7.34328
6.36548
-3.25294
-6.2861
8.02682
-0.184984
-5.21844
-1.58606
-4.61235
2.0034
1.98755
1.88163
1.41911
1.29099
2.73438
5.9722
-6.37608
4.23481
-5.75595
-3.99657
4.79924
3.58818
0.0429607
6.50698
-2.8263
-0.587994
3.25294
5.03575
6.89032
7.74912
-3.07074
0.960911
-2.03199
-5.83404
-1.0597
-0.665953
0.27116
-0.759705
-2.98483
-0.154941
-3.70431
-3.62137
3.16138
-3.076
-1.61773
-9.10413
4.38592
3.8276
0.740397
0.738112
0.744968
-6.36738
7.36675
-4.94639
-7.6803
-8.14781
1.81985
1.78433
1.75548
5.33732
0.310929
9.92484
-5.77991
-2.88986
-5.19004
6.40763
-4.00821
3.40997
-1.63858
-1.61958
-1.66685
-2.88967
-6.04045
-8.90743
6.8462
2.00595
2.00782
-4.29289
-4.31551
0.871071
0.801807
2.30383
-9.55188
7.16355
3.33351
-2.18995
-1.99138
-1.90984
-2.00201
-5.0885
-0.133987
0.918465
0.935306
4.51414
4.46602
4.51113
-1.46949
1.53701
1.54166
-1.87469
-4.87245
-4.47482
3.71573
2.13847
6.26145
-2.71591
3.52548
2.28966
-4.34497
-5.08093
-3.69158
-5.2539
4.62639
-3.89867
-5.42104
3.56361
-8.40361
-7.15925
1.68692
-4.68417
-4.37304
1.78821
-0.611869
0.561686
0.863014
1.43239
5.31688
0.72045
0.699227
-1.14835
-1.15689
2.63902
2.52761
2.62958
2.57369
6.88457
2.10557
2.79689
6.97863
2.55407
-2.85575
3.86613
3.88952
0.264691
0.264675
-5.08263
5.5564
4.20965
-6.35598
-7.48087
-5.25243
0.168131
7.44396
2.83526
2.83657
5.67467
-0.122599
8.09685
-1.43175
-1.51421
-1.54455
-9.88684
1.60148
4.39812
0.818431
0.866893
3.90975
0.889288
0.883665
-0.259761
-0.185891
-0.234386
-0.247771
-0.174618
0.466241
0.444967
0.548791
0.524591
0.478852
0.403161
0.482787
0.444298
6.82386
-4.10908
-5.8074
1.74348
8.1499
-2.30876
-2.28471
-2.28889
-2.26641
-2.28765
3.83128
-6.97717
3.45057
0.607412
8.33579
-0.436741
-0.467988
-1.07269
-1.11999
-1.06558
-1.14528
-1.20805
2.90235
6.00498
3.05764
8.74467
0.276408
0.328528
0.418902
-0.0684869
6.10912
-1.16254
5.38973
-0.234987
-0.232364
-0.209927
-0.0912876
-0.924865
-0.739266
2.16051
-5.94944
-1.34672
-1.29094
-1.31606
-8.51122
-8.33436
7.60001
3.52859
3.59168
7.54293
-5.18079
0.081193
4.02604
-7.78404
5.56305
-3.44507
2.485
2.54882
2.6009
-2.24381
5.32614
2.15944
3.38111
3.25491
-0.634507
-0.685064
-0.687711
-0.635523
-2.66612
-2.43869
2.86253
2.8253
2.84168
7.16324
-2.17846
0.158541
-4.85934
0.338597
1.91473
0.81045
-0.171128
4.57663
-4.0144
-0.625823
-7.18601
6.70953
0.399715
-5.29017
-2.85478
3.88901
-9.95009
-5.67545
-4.55149
-4.63367
7.50911
5.51051
4.17697
-2.90092
-5.90407
1.86022
1.86937
1.84399
2.77289
1.62889
-9.22285
4.007
-0.326726
-0.372111
-0.382899
-0.366974
-0.222341
9.36108
-0.253936
1.67974
1.72218
4.43632
4.96852
0.386046
0.317466
0.372936
0.367568
-3.80309
-3.39201
-1.04088
-1.08721
-8.28432
4.6612
-0.925571
7.13761
6.10635
6.81322
-4.44985
-0.166111
-5.21481
-6.14324
0.0908717
0.107379
2.84996
3.67331
3.62752
3.73234
7.16046
-5.71281
-6.6111
5.202
-3.06752
-5.90995
-5.30955
-6.74507
-6.08023
-4.59197
2.53237
-8.16242
2.77115
2.9756
3.05098
2.96195
2.80387
2.8382
3.1153
3.1984
3.10518
3.08816
-8.06168
0.0506704
3.93492
2.53131
2.64383
0.204092
1.37581
-5.35987
-1.50565
-5.6745
-4.01809
-2.19413
-8.80208
0.317409
-5.51753
-5.38583
1.97852
2.04166
-6.70674
2.80022
4.56543
-1.12536
-8.0927
3.32802
3.31667
-0.668785
5.0069
5.40953
0.745345
0.735391
4.12589
4.07704
4.15497
-1.22339
-1.1482
-1.12268
0.0782109
-3.57922
-2.76509
3.91453
0.545085
3.83327
-7.10381
0.622803
0.630801
6.03808
0.330086
0.317884
0.341012
-4.08666
2.78488
-5.31802
-3.29218
-5.38601
8.4028
-3.21357
-8.88435
5.36708
4.44827
-8.32285
-4.59574
5.88156
8.47121
-4.44982
3.94304
-4.28276
3.17029
3.0107
5.72618
4.5022
-3.51988
-2.56196
-4.94648
0.652228
-2.33598
1.97042
2.27184
2.11412
1.99166
-1.28479
3.59357
-3.83177
7.1421
8.58188
-3.81069
-3.91519
8.18109
1.5308
7.20642
2.8093
0.0190083
0.946852
-8.57151
-4.56489
-0.472149
2.00173
9.02853
8.9863
-6.20139
-5.09337
-0.22259
-2.66614
7.06549
-5.11574
5.06617
-0.296375
1.18502
1.12752
1.08616
1.78892
0.823027
-5.54337
0.255344
0.245683
0.213165
0.216433
7.16351
0.819463
0.734233
-4.8847
-2.84253
5.88158
-6.19963
-1.87584
5.07181
5.03681
-0.12355
0.505631
-2.40476
-2.40741
-2.25092
-4.71444
3.27416
3.38269
6.07407
-4.8937
-8.92153
3.97644
4.00566
1.29192
3.16471
4.28565
4.15291
-1.56354
-1.56217
-2.14162
-6.62195
-0.295783
3.03109
3.03501
5.35976
2.2539
2.27659
-7.70031
-3.56198
-3.65281
2.47093
-4.22485
4.27301
8.37901
-2.04876
8.89156
5.72363
-7.64462
4.73814
-5.64289
-2.08591
-2.14041
-3.18615
7.81887
2.09382
1.39544
0.440507
-3.996
-1.62724
-1.64811
-0.0177969
-0.0308989
-0.0235203
5.01112
-1.62573
-1.60797
4.11447
-3.92262
0.710353
3.22634
-4.84227
-3.84182
2.1467
2.15198
2.22063
-1.08227
-1.07869
3.4271
-9.66977
6.48699
3.58387
-1.74814
-1.73622
-1.703
-3.11322
-2.36896
-2.44672
-6.95846
6.49823
-1.47283
0.560051
0.614325
0.169957
2.90817
1.81262
1.77981
5.04244
-7.50338
-3.95951
-5.42338
-2.73457
-0.0429213
-1.54926
5.76558
6.35678
1.77755
1.65982
-2.80295
-2.90052
-7.99954
2.83906
2.86692
-3.03315
-3.02742
5.81539
-3.89727
-8.64836
1.32923
1.38064
1.33829
6.2668
-4.62445
1.10522
-1.82769
2.92879
0.62632
0.634768
5.21913
-1.05136
0.863959
0.825003
-4.53843
-4.57231
-2.63443
-2.5655
-2.1722
-2.12259
-2.02396
-1.96689
0.308533
-3.866
0.765521
0.667768
0.776414
6.04428
-8.84153
-1.31284
-1.2295
1.37632
1.33813
1.47091
1.34924
1.35988
1.39229
1.34832
0.568129
0.577462
-5.01402
1.99756
-3.33864
1.0155
2.1859
-4.74002
-4.50586
-2.48839
-1.53171
-9.58366
5.2673
-2.14672
-2.17487
8.39961
3.41571
3.30742
-7.5392
-1.03914
0.136511
0.122397
-3.37656
4.08391
4.54929
0.101946
3.16939
-4.27574
5.79019
-2.52442
1.16479
1.09079
-3.25301
-5.42495
-4.85855
-3.3959
-3.73416
1.72034
1.70373
-4.29194
-4.31147
-4.30696
-7.07466
7.83169
-5.35431
-5.20524
2.27102
2.35317
2.3467
2.3491
-1.84692
-0.0367366
-8.57542
-4.92893
-8.98709
-0.0787825
-0.056063
5.02239
0.987308
-7.11961
7.58605
-4.21314
2.03516
-2.24457
-2.21913
-2.23338
-8.50832
-0.13926
1.91245
1.91941
1.87422
3.48403
-4.56225
-3.40669
-3.47863
-2.65062
2.47544
2.58007
2.52353
1.33304
7.01981
-0.73174
-0.752586
-0.714609
8.39042
-5.31289
-1.00714
-1.08818
-1.11141
-1.09611
8.63834
1.35438
1.36386
1.38624
1.41207
-0.894193
-0.840276
-0.810007
-0.882662
-0.849658
4.39051
-6.6074
-2.43065
0.706834
-4.73945
-2.49296
-2.55339
-2.62619
-4.37997
-4.59136
-0.36247
5.5927
-1.37238
-1.35218
-1.38699
4.71679
3.01575
3.0033
1.69994
1.54147
0.765057
0.760448
-4.58294
-7.62127
-3.40998
-3.36859
2.94358
7.24084
3.23203
7.50431
8.43367
-5.42295
-5.50483
-4.4296
-1.1767
-5.53329
8.98289
4.71684
4.7665
-3.67533
-4.98631
-4.36719
-4.64043
-4.68845
0.0494864
0.320045
0.336263
0.253691
0.20335
-7.38713
-7.24876
-6.18898
2.75114
2.75486
2.93173
2.90633
2.88537
2.90302
1.89139
1.85018
1.86824
-5.55512
-8.98216
-1.89432
-1.88066
-1.83239
-1.83786
0.791605
7.12781
3.10025
-3.97929
-3.92906
-2.93576
-2.93453
2.01928
4.66824
-4.00904
0.370448
0.388664
0.405122
5.09642
1.32691
1.34687
1.31211
-1.21006
-1.31786
-0.485854
7.04419
-2.13063
-2.09548
-2.15541
0.906648
4.18973
4.18245
4.49168
1.98848
-3.05697
-3.00165
-2.97683
-6.57236
3.17523
8.7383
5.94732
7.65154
1.6827
1.85501
1.70355
1.68328
1.69899
-7.23116
-2.89793
7.65228
1.84878
-0.695023
-0.70274
-0.736982
-0.792385
-0.724896
-2.78802
-6.4446
3.78527
-3.58292
4.86801
0.301634
0.452586
0.400942
-9.1121
-1.37974
-1.40967
-6.42108
-2.19828
1.65562
-8.0622
-2.12712
-6.70849
5.49978
1.29672
2.42472
-7.92018
-6.76726
-4.17615
1.87127
-1.81615
9.64213
7.96147
2.15249
1.50621
7.26818
-2.88175
1.58256
-4.82458
8.54863
-8.64597
-5.56185
1.09006
1.09271
1.08031
3.79083
3.33582
-5.03758
-4.94017
-4.87225
-0.218341
-5.29926
6.17643
-5.37314
1.14984
1.1932
1.21403
3.29404
-0.0502304
-0.909231
-0.888288
-0.888041
5.79912
5.23153
7.29329
6.06848
-4.30256
4.30536
0.0758252
0.103155
0.0695226
-0.034911
-0.474387
5.22493
-9.07438
-0.459179
-6.51592
2.07789
-1.79497
-1.92667
-5.81259
-2.88762
-1.36956
-1.27715
-1.20322
1.71219
6.33427
3.20883
3.16311
-0.516807
2.04956
-0.600769
1.2493
1.29734
1.25225
1.31763
1.31912
-2.30877
-4.03607
-2.40203
-2.30013
-0.733394
-0.68358
-1.73862
-1.57413
-1.60692
0.12235
0.163192
6.00097
-5.78948
-4.12218
-5.0315
-0.441983
-0.445723
1.04378
-4.08401
-3.74898
5.51241
-5.16731
-5.3436
6.3362
-2.56466
-4.99585
-5.26995
-3.10239
3.33483
3.33699
3.35737
3.37152
-1.92762
-8.0222
-5.15387
4.03932
4.0236
-4.69414
2.69778
2.63442
-8.49731
-2.20914
7.85804
-6.04416
-4.47664
-6.61593
4.79703
-4.29327
0.0833843
0.120652
0.134835
0.117624
0.0934287
0.112093
-6.32525
-0.26315
3.79648
4.98261
4.91013
-7.32074
0.787891
-7.99734
-0.159936
-0.176578
4.74491
-5.12863
3.70809
3.71879
-2.24624
0.899909
5.12402
-7.11882
-0.0620716
-0.0952989
5.79937
-4.36736
0.0265373
-3.49763
-9.51486
-3.11288
-3.13236
-2.1664
-2.16833
2.6987
3.9629
2.76074
5.65905
-0.749954
7.57301
-1.90552
0.654105
-0.874699
-8.58173
-0.643244
3.31996
-5.07976
-5.63502
6.35189
1.60363
2.349
-6.3305
8.71232
-3.98236
-1.18218
-1.13823
-1.1195
-1.10353
-1.13068
8.6755
-6.18258
3.29928
-5.97382
0.528691
-4.07902
-2.75856
-2.72418
8.41205
4.1516
2.59944
2.57848
0.382116
0.378314
9.79559
-3.89122
-3.87575
-3.84701
0.905167
0.890661
0.914828
-2.75741
-2.75821
-2.75709
-3.86803
-3.83307
-7.35496
3.4894
0.407175
0.458929
-3.24369
-3.40706
-1.87553
-1.89175
-0.919936
-0.970884
-0.904088
4.77952
-6.93823
0.0143018
6.66634
-4.52561
5.23704
-1.37321
-0.997877
-0.953422
3.14661
3.20625
3.21393
3.47504
1.24374
1.26694
-1.27557
0.954707
4.62355
-9.35528
-0.536796
-0.656416
-7.34957
0.220013
0.196647
0.154871
-8.27499
-5.10278
-4.7473
5.10018
1.4998
-5.43869
-3.45172
3.2243
-1.07616
-1.05052
-1.06511
-1.04202
-6.21882
-0.790436
-2.56236
-2.58459
-2.53868
-2.55167
-2.57156
5.31744
-3.9891
-5.24086
0.432903
5.8124
0.970159
1.00979
0.992252
6.59688
1.41127
4.92559
-7.40128
5.14014
-0.455088
-1.35481
-0.67848
0.746414
0.838042
-0.0757374
-0.0574793
-0.0398497
5.61741
2.904
-6.19002
2.05272
2.01467
2.08384
7.60233
-5.05504
0.688833
0.669643
-0.0563282
-0.00388981
-0.0429778
7.52735
-3.32381
-3.31767
-3.39059
1.33689
6.54699
-3.05726
-3.09224
5.47792
-7.29437
2.14123
-3.58534
2.36232
2.34758
2.25863
-4.49038
-9.02154
3.0024
2.97028
-4.45305
1.55122
-7.45959
0.852171
0.82384
0.78865
-2.26983
6.51348
3.07275
-3.45373
8.59919
-1.94342
5.69408
-5.40296
1.50586
1.53227
1.53944
1.42582
-8.6346
1.2167
-8.30656
-2.12176
-2.67413
3.37568
3.39116
-1.00651
-1.07484
-1.04978
-1.11784
-1.08925
5.92401
2.28957
-7.35771
-1.25818
-1.26069
4.44534
7.77033
8.20793
7.53595
0.525972
0.553205
5.81174
-0.763423
-0.68069
-0.653519
-0.642311
-0.683681
-6.4909
1.38793
-0.582373
-0.573724
0.67864
-6.39641
-4.06612
1.51588
2.87785
-1.23243
-1.29208
-1.28927
-1.30692
-1.30183
-1.33076
3.15875
5.86225
-9.87527
1.73649
5.85929
2.95931
4.5048
5.99089
6.56111
-2.35309
7.2771
-6.16746
4.16953
4.07061
0.797001
0.70869
0.760059
0.801288
-2.53859
-2.54532
0.711861
0.622783
4.49715
-6.12429
-6.4107
3.31423
3.38543
-2.54692
0.945557
0.880318
-3.18786
-3.13491
4.76832
3.72285
3.71561
3.76028
-5.05255
-3.84484
-3.81548
3.37453
-1.60542
-1.67001
-1.64466
-0.822982
4.8464
0.405503
0.420048
-1.73269
6.81086
-0.770152
0.908979
0.847251
6.15092
8.49526
4.88119
9.62556
9.78024
-6.26899
4.72094
2.106
-4.60505
7.40678
-3.202
-5.19403
5.41567
-5.23693
-1.96883
5.3604
4.92308
3.18169
5.82563
0.0260543
1.09763
-3.15187
3.19485
-2.93153
-1.0753
3.81262
5.29308
-4.62275
-5.89764
0.482789
6.82436
3.06417
-3.02489
-4.1587
0.645463
-0.298495
0.987798
0.802432
2.60431
-5.4691
0.0518755
-0.0125164
-4.1184
-4.10557
-3.86632
7.76722
-3.89843
-4.86986
3.20021
3.04222
3.07678
3.05997
3.08291
3.14754
-2.04863
3.1277
3.07088
2.98783
-1.10905
1.58571
1.57202
-4.71589
-0.907982
8.74468
-6.16555
0.889787
0.887179
-2.67388
-2.7498
-2.83349
-4.3816
8.77037
6.26661
-1.79146
-3.4676
7.83267
8.7123
-1.71955
-5.39755
4.10252
1.70969
1.73163
1.78008
2.36845
2.42316
2.37885
-1.01136
4.33615
-5.33554
4.03872
4.04302
1.24497
1.2457
1.28408
1.33299
-4.29818
-8.5105
1.49668
1.50516
1.65538
1.56357
6.96186
0.282487
0.288791
5.8411
-4.61452
-4.71274
-0.28104
-0.280148
-1.37692
-8.63879
0.262393
-5.58135
-3.09257
3.61685
2.78998
-0.967383
0.610122
2.65128
-1.59432
0.693948
5.0301
-8.34252
2.52549
0.43297
0.490228
-2.25836
-2.19765
-2.31911
-2.27562
5.80517
6.24655
0.0855428
0.0894559
3.9718
-4.3033
-2.11985
-2.22711
0.679253
0.751072
0.792595
-3.62479
-1.14758
-1.14089
-1.13551
-0.867274
8.23982
-1.81545
-3.85601
-5.81984
-6.74048
1.08515
1.1436
1.08102
2.72204
2.65602
2.63509
-2.4679
-2.49481
7.11576
-0.3418
-0.300674
-0.376214
-0.373238
-0.407366
-0.420361
6.12851
-5.39481
5.16807
4.95938
-0.339137
-1.13881
-2.3839
-2.14922
-2.0874
-2.08022
-1.92706
4.29157
-4.36948
-5.42025
-1.53127
4.7495
-0.203309
-7.06762
6.92382
-2.50554
-2.49044
-2.45507
-2.49604
5.20236
-5.34189
6.92123
-1.11546
-1.07133
1.08486
2.65316
5.67327
-1.5806
4.28804
-8.3135
6.76027
3.14212
4.64443
6.80954
-6.61359
1.94012
9.89873
3.58915
6.75605
-0.292857
-0.268312
-0.18196
-0.1771
-0.227687
3.55273
-7.77492
2.67414
-3.66647
-1.03222
4.99514
9.25286
-1.26593
-4.2512
-0.894112
-0.973819
0.106898
-1.00748
-0.999866
4.14085
-2.2563
-2.27355
1.75333
-0.180252
-0.135088
0.148938
-4.48879
-4.52939
7.09613
-1.93032
0.674404
0.70613
0.659463
0.67481
8.4942
4.78667
4.72151
1.16503
0.117078
0.261824
0.200634
0.187133
0.204725
-9.08232
9.00335
-3.18312
3.10934
3.13654
3.83149
5.21436
-3.43551
-4.07059
3.36177
5.84695
-1.76863
-1.7753
-1.68286
-9.26907
-2.27867
-2.35121
6.29106
-6.24985
6.58021
9.14212
5.57068
-4.7164
-4.70579
-0.864384
-1.33229
-1.29891
-1.17375
-1.19737
0.043365
0.000674382
-0.0103884
0.00919098
0.0355502
-0.0452895
-0.10066
3.5366
-3.6728
-7.43697
-9.46796
6.3157
-2.00312
-1.9445
-3.8958
-1.38011
-1.39611
-1.37913
-1.36629
0.883249
0.940703
0.916754
-2.77389
-2.71268
-4.34794
2.91467
1.24376
6.01885
-2.78694
3.48415
3.48953
3.49554
-3.47842
-8.03039
7.6864
-4.28427
-2.48096
1.71904
3.78789
0.483566
-3.98166
-4.43763
-7.40458
6.69492
5.27194
-0.122178
-0.107113
-0.17991
-0.216858
-0.206678
-1.74529
0.715019
1.19499
1.19162
3.67236
-6.49257
-6.50023
4.00184
-0.0730983
-6.82942
3.8304
-4.70036
-7.42484
1.45756
9.40346
0.327188
0.351333
0.331325
0.326042
-5.73934
8.70231
-4.78901
-6.57779
7.31002
6.67722
6.08667
4.709
-2.33841
-2.33534
-2.36253
-0.699366
-0.68696
-0.675643
4.76334
-3.45344
8.87847
-4.42661
-4.38782
-0.454715
-6.15071
5.14495
5.11005
-4.77678
-1.87593
-5.48957
-7.8287
-6.75553
1.10209
-3.86375
6.21539
-1.40013
-1.47245
9.94786
-2.77508
-2.87447
-2.88449
-2.82012
4.12783
-4.93724
-5.46049
-0.178934
-0.0962525
-8.74823
2.32612
4.81062
0.0689838
0.114822
2.922
0.634358
0.625437
0.647736
-5.34037
6.3091
1.57052
1.18665
1.21614
-7.3192
6.72551
7.04275
-1.13605
-1.24643
-1.22677
-1.25165
-0.947658
-5.7584
-3.913
2.36937
6.63984
-3.63224
-1.68158
-1.77248
-4.30741
8.31924
-4.21834
8.30427
2.54107
2.5926
2.55898
8.32914
-0.792555
-0.783343
-0.758552
-0.889524
-0.857587
-1.16123
-1.15878
-1.13785
8.23559
3.76875
-4.05265
-3.44102
-4.42705
0.956017
0.218881
-8.98338
4.37253
4.20386
2.53923
3.0992
-1.20691
5.58177
2.48826
-2.84874
-2.80548
-2.92069
5.38213
4.11741
3.52439
-7.26207
-7.28448
-5.1265
-4.42372
-4.15615
5.51681
-4.12495
-3.62938
-2.59772
-2.54325
-2.59544
-1.673
0.583899
0.715871
0.652044
-6.16619
-2.96051
-6.09209
5.53808
-2.51639
8.06365
-6.40778
-9.57988
-0.322133
-0.233948
-0.196171
-0.189192
-5.52403
-2.89707
2.92327
2.87837
-3.96479
-3.94825
4.35928
-4.01509
0.61773
0.636442
0.692613
0.637558
0.624606
-8.78016
-0.214267
-0.179336
-0.188308
-0.199767
-0.228117
-1.37779
-1.36092
5.67852
1.61525
0.466615
0.339509
0.386621
0.434482
0.432102
6.3904
-9.73369
3.27963
3.3157
3.31463
1.57911
-4.82841
8.87985
4.11724
2.87004
2.88896
2.79997
2.83319
-2.71489
-2.73274
-5.82184
5.16296
8.63657
-3.93159
4.67189
-5.67139
3.86834
3.95468
2.8768
-4.63825
-2.46726
-2.46263
5.63036
-7.84446
-3.35894
6.68134
-1.33025
-1.31883
-3.20126
-0.151572
7.25278
-9.91777
2.1879
2.23462
-4.39491
4.2216
9.36569
2.55031
2.47045
3.1091
-1.51767
-5.96768
5.41566
-3.77381
-2.20564
1.99462
1.94936
2.5798
-4.56619
3.70229
3.77805
4.76879
0.0132239
2.83373
2.9654
-2.08491
-9.54009
-7.44353
-4.22985
0.904005
0.891583
0.876782
0.865832
0.888508
4.61248
-2.76651
6.10292
-1.75889
-1.79016
-1.7773
-1.82543
-1.83089
-1.82222
2.19466
9.32328
3.3375
3.21847
3.29508
-0.093258
-0.149131
-0.0445881
-0.178982
-0.601142
2.28745
0.526895
0.450717
0.518453
0.49826
0.68578
5.21745
-3.61688
1.64428
-0.549879
3.56111
-1.71481
-2.51628
-2.53797
-2.5273
-2.52671
-2.52569
-3.77493
-3.74059
-8.91779
5.55612
4.77935
-5.82243
-5.15362
-2.61549
1.02131
4.19843
2.46591
2.51228
6.18375
-9.65413
0.946835
6.58712
-4.97758
-3.53802
4.55276
-5.39331
-5.19156
1.08339
-0.303106
-0.237195
-8.05443
2.62227
2.65567
-0.213806
-1.02794
-4.19024
-7.48556
4.64372
-5.1001
-2.92774
5.19786
-2.19313
-1.145
-1.19545
5.27057
6.16371
-2.76494
4.70236
-3.52189
6.47653
3.88377
2.11315
2.06413
-5.50051
0.167582
0.136436
-1.06851
-1.09942
-1.17206
-1.09549
5.34639
-3.78837
-3.64821
0.232507
0.165539
0.332416
0.388834
0.295409
5.51219
1.95597
5.25845
-9.50071
-2.86814
4.31275
-0.637895
-1.02991
-1.05765
-1.01639
-0.235622
-0.207383
-6.26417
-5.95951
3.69841
1.81461
1.74786
5.41124
5.16043
4.91362
-3.02148
-2.96904
-2.11731
6.62116
-2.95577
-2.97423
-5.0945
-7.33869
4.82097
3.64043
3.64104
2.6966
2.75366
2.70838
-5.46646
6.3234
1.73953
1.78516
6.35624
8.05699
1.47351
7.0216
-3.35875
-2.88175
0.0210821
0.0126672
0.00826265
8.72379
5.50537
6.43525
-1.74462
-1.8601
-1.88347
-1.86864
-8.32362
-0.723076
-0.617705
-0.70097
-0.701356
-4.98077
6.98751
-1.9621
-1.9149
-0.0404719
-7.16869
-4.90117
0.847955
0.828993
-2.73237
-2.78071
-2.73921
-2.00472
5.822
7.63021
-0.00263351
-0.019566
0.039426
0.0232719
1.10498
1.17656
1.14488
1.12017
1.05485
2.15846
-4.20868
3.75157
-2.28107
-8.69566
9.35408
-5.09277
2.74571
-2.17388
-2.18724
2.21028
2.2483
-3.28195
-3.0969
-6.15489
-4.38124
2.53892
-4.46628
4.06555
9.33866
-1.58639
1.34234
-0.119468
-0.215004
-0.213425
-3.37225
-3.3223
-2.27736
-2.23266
-2.2739
-1.1899
3.26806
4.11534
-0.983149
4.87467
5.1084
6.52916
0.842945
0.865757
2.06757
2.19474
2.13434
-0.573218
-0.64539
-0.587103
-7.22824
4.85491
5.7079
2.4063
0.850541
5.37432
-0.924341
-4.42532
-4.27158
-6.54876
-2.80122
-2.75318
0.238323
0.326743
0.305284
-7.98436
4.52545
-0.62442
1.00925
0.975684
-5.06672
-3.29963
-5.47879
-4.48636
2.64708
0.0359719
0.0556615
-6.19944
-6.18141
0.373501
0.241689
0.395697
-3.37464
7.49191
7.50949
2.14756
2.15683
-2.49303
-2.48345
-4.61524
8.55992
3.94912
3.80942
-6.65966
6.85738
-3.31654
-2.76668
-0.807007
-0.821255
-0.858126
-0.811787
-0.719351
-2.648
-3.71249
-1.2716
1.72057
1.74156
0.355463
-3.09589
1.58711
7.78845
6.81916
-2.87446
1.90601
9.17016
1.58546
1.65324
-2.3237
-3.23853
2.89116
4.23701
-2.877
-2.69341
-4.42519
1.55932
3.36437
3.31317
1.50601
2.83529
7.36795
-4.0101
-3.92945
-3.9689
-0.245142
-0.221454
-2.96598
-1.55739
-1.65982
-1.58465
-1.55777
-1.52373
5.77596
-0.4193
-1.52282
-5.05921
-4.01681
-4.03328
-6.88284
-8.69021
0.749773
5.11515
-0.520243
3.798
2.71248
2.60911
2.58594
0.645481
0.64598
3.94053
4.00754
3.92266
3.87269
-2.96032
-1.79514
-1.72947
-1.78898
-1.69724
-9.30499
-6.62126
-5.29477
-3.97198
-3.86792
-3.9235
-3.94417
5.06125
-2.02782
5.81354
5.1557
-3.23044
-9.41916
5.86415
6.51763
5.4326
9.96855
-0.140823
5.4369
-0.367055
-0.302704
-2.47184
8.86223
-0.442467
-0.384164
-0.388224
-0.389682
-0.356277
-2.48902
-2.4044
-0.413493
-0.999019
-3.00848
-4.95179
-6.53217
8.83736
2.20358
2.10036
-4.46175
-2.12549
3.17482
2.512
-2.50632
2.93563
-8.18275
5.10599
5.61112
-7.48682
1.83782
1.23049
4.68855
-1.3445
1.90255
1.87671
1.7976
1.83392
7.36279
2.82601
3.89032
4.00108
5.07414
-2.25568
-1.17582
-0.283202
-0.359667
-0.355051
5.66474
-6.01401
0.0982343
4.23502
-1.72027
-1.65463
0.955111
0.984628
-1.5098
3.87686
-0.63723
-0.708964
-0.571386
1.66619
1.62271
-1.49009
-3.06017
-2.03777
-6.17096
-6.28947
-1.52174
-4.47665
5.24352
-1.7811
-1.82632
4.2072
4.31243
3.47492
3.51845
4.17018
-1.01796
-1.11185
4.34536
0.161148
-7.04346
5.73331
0.682002
0.716858
0.739801
3.52052
8.95947
1.41497
-2.37111
-2.37616
4.45634
4.29405
-1.57213
-1.5934
0.29607
0.322231
0.222269
2.32682
1.13623
-1.70019
-1.62863
-1.76683
-2.07528
2.15911
2.06937
1.95666
1.98648
0.640623
-6.16614
-4.80916
-5.01875
5.18997
-1.31032
-6.14379
-3.84228
1.60522
-3.56654
-7.90461
5.81112
-4.03368
-4.07983
-3.9248
5.38688
5.33215
-5.8204
9.017
3.56362
3.55038
-8.44476
-5.72233
3.21225
3.2005
4.11808
-1.39126
3.46236
-4.30028
4.5639
4.52868
-4.20183
-7.26609
4.4362
-3.101
4.98655
6.29149
2.91032
-1.59929
0.50104
0.506625
0.526578
0.502217
0.470902
-3.62398
-9.32211
6.96596
6.46406
-8.83337
-0.232462
-0.219755
-0.210281
4.86717
6.10486
9.73961
-5.99434
-1.54251
1.67869
-4.39323
8.25518
1.32995
1.3007
-4.27625
2.68837
2.56964
4.32758
2.9235
3.69474
-4.87598
-4.83377
-4.43073
-3.62733
7.03971
-7.00511
8.31821
5.35965
-1.20825
1.11797
-4.0606
-0.0620091
-0.0728677
-6.09592
1.52389
-7.75054
-4.59022
6.39091
6.1992
-0.559657
5.21547
-0.862125
-8.70461
1.73099
1.75487
2.72667
2.66724
-0.110573
-0.0758587
1.65287
1.65733
-4.01351
-4.08821
-4.53325
5.11737
5.46204
-6.8531
1.93052
-0.105488
-6.12997
3.86279
-2.05832
-6.72571
1.02147
-4.50353
0.69138
0.664537
2.05275
2.05701
-1.38747
-1.36386
-1.48406
8.55023
3.55516
3.51721
-1.07631
-4.12246
4.6411
9.74083
-3.4501
7.25627
-4.39728
-4.4561
7.47076
2.70502
4.14924
3.56524
5.24544
-1.18961
-1.26289
5.44301
4.80664
-2.72776
-2.71429
3.37398
9.04921
6.28148
0.774448
-3.81561
-3.91198
5.86126
7.44287
-0.64035
2.75448
-4.43881
-4.51005
1.44929
2.49318
-2.97004
2.01888
2.02423
-3.03649
-3.04104
-3.67191
-3.64072
-1.88514
8.7154
-2.82709
1.83946
-5.99434
-7.69519
-7.11455
-3.22274
3.61855
4.54438
4.59505
-1.45066
2.25519
2.25245
-6.63614
-3.24137
0.810455
3.91839
3.31434
-2.8696
9.01479
-3.41244
-5.89289
4.71988
4.69978
-4.91246
-3.87093
0.67393
0.710938
6.52416
5.76849
3.44848
-3.53325
-3.53348
-3.49483
-3.49656
-1.43414
-5.83314
-2.2558
-2.3458
4.99031
-4.23203
-5.20707
9.62413
1.32018
1.21722
1.44682
1.45395
-0.247814
-4.97465
-7.80061
-9.97941
4.2193
-5.79819
0.848
0.823436
6.63417
9.78924
-5.58979
-4.20396
-4.18546
-5.24446
5.95594
5.79578
3.72244
-1.85331
-1.95683
5.53502
3.09102
3.05217
3.00329
-2.26441
1.86901
-0.676179
-0.628294
-0.674966
-0.625565
-0.601618
-6.55685
-0.375838
-0.352913
2.12416
2.11508
-0.602484
-0.592361
-7.56055
2.47831
-3.49422
-4.13626
0.591004
-3.57708
1.38794
1.34927
1.3372
6.03168
-2.58049
6.27271
6.33855
-5.39842
0.243156
0.278842
0.246435
0.25721
0.28302
8.07938
-2.33103
0.51121
0.467221
0.469036
0.448844
0.489595
0.465484
0.455402
0.635014
-5.11325
-5.20033
-0.41195
-0.364889
-0.372719
-2.41199
-7.93663
-5.52267
-7.30493
-2.48843
-1.44051
-1.10251
-1.21501
-1.80634
-1.85928
-1.92765
-7.82263
4.71875
-6.51568
-0.217505
9.58522
4.45269
1.4074
-1.0167
6.04171
-8.34107
4.95433
-6.61204
5.13529
-4.93652
-4.27929
9.05556
1.27488
8.24255
4.13183
-3.50836
1.06705
1.00701
1.08061
4.26282
1.21423
1.22357
0.901304
2.77288
3.27787
3.19253
3.03543
3.12011
-0.0362626
0.870299
-0.622582
-3.73134
-2.52308
-2.49653
-2.47401
-0.12553
6.97809
6.76116
9.38148
-2.11434
4.26421
9.39091
-5.75893
6.35261
5.09199
5.23524
-0.332568
-0.35968
-6.7318
-2.17282
-2.16672
6.94242
-0.742477
-0.774195
-0.744599
-0.724201
-1.29201
2.42202
2.37693
0.101958
1.86322
-3.94146
-3.91991
-5.54605
2.40277
7.02951
-2.25915
-2.32006
-2.17006
1.48976
-8.62405
-0.497815
-0.449315
-0.462174
-0.52709
-0.438199
-0.431818
-0.392218
4.04935
4.19165
4.24826
-7.24636
6.91413
-5.6613
-5.54982
-0.217045
-0.272331
0.0204899
-3.83003
-2.94419
-2.80639
-2.85811
1.23143
-1.9548
-2.03027
-1.98372
-2.00873
3.51759
-0.104124
2.94497
2.96932
2.93537
-2.84791
-7.55584
3.47987
0.932553
0.814459
4.24989
-1.10505
4.55466
-3.4039
0.933755
3.08295
3.64979
3.67983
-1.71093
-1.71466
-0.559342
1.65354
-1.75957
-6.80186
2.42248
5.53807
-3.9575
-3.7671
-1.56839
-1.59999
-0.0331374
4.67197
-2.91718
0.368973
0.35182
-1.97207
-1.38898
-1.36617
-1.31693
-1.32735
8.2928
-1.74106
-1.85037
-1.85322
-1.8851
5.99369
3.96752
3.983
-2.30126
-0.870174
-0.874034
-0.886022
-0.892892
-0.873361
-3.20739
-3.30427
0.529577
0.535096
-4.28287
4.21803
4.11567
-7.59012
4.76946
-4.73242
-4.69054
2.18372
-5.70637
-2.63352
4.30226
4.27547
2.34667
-4.88735
-6.40047
1.8939
-2.74398
-2.76385
-5.85609
8.13064
-0.925594
-3.09017
-2.60262
-6.11865
3.05547
7.92126
-6.39872
-5.87675
6.75987
2.65622
-2.02859
-7.02699
3.33818
9.83324
6.38636
-1.50972
0.200455
0.141606
0.120091
0.282749
-5.52488
-3.20062
3.41271
3.53485
2.3512
2.44241
2.42196
3.10339
3.04806
-3.73034
-3.74514
1.02065
1.94767
-0.681766
-2.60936
-2.71099
6.83581
-8.24789
-8.28641
-5.25921
-5.60265
3.55968
3.65556
-1.01318
-1.05129
-1.01086
-1.01244
6.26075
2.14242
-0.392222
-0.454042
-3.34904
0.808044
0.791908
0.78692
1.52782
7.6079
4.73528
-4.02966
-5.91032
8.3391
-6.84738
-2.52224
-2.50993
5.19727
-9.10094
-3.66651
7.02252
-5.60619
5.00775
1.29399
-1.73436
-6.78474
9.68977
-2.66015
-2.5992
-2.04623
-2.05665
-1.40109
-1.24943
-1.37536
-1.50099
-5.92905
-5.43152
-0.608634
3.76394
3.0403
1.20393
-5.74934
-8.39028
4.11437
-0.157457
2.13794
-4.96406
2.86837
1.50523
1.65107
1.43406
1.53356
-2.24775
0.785206
-2.01487
-6.84917
-2.76001
-2.7786
-4.74097
-4.88063
4.37713
5.71949
-8.94455
-7.70727
-7.51509
1.62663
0.584406
0.69264
-1.3695
2.7692
2.72771
4.71869
-5.37369
0.817384
0.78987
0.784357
-2.54603
5.13463
5.84264
-1.33519
9.35698
7.64338
0.470624
4.06154
7.76579
-2.63937
-2.55754
-4.73794
-4.62266
3.16614
7.05203
-6.00187
-0.255391
-0.207617
-0.229383
-0.114125
-0.144859
-0.154253
-0.121404
-0.27574
-0.337889
-0.467532
1.98424
1.37118
1.3955
1.32543
1.43352
0.359022
4.99561
-5.29343
4.42627
3.29683
6.73052
5.33338
6.94338
-6.37045
-2.94576
3.33215
-0.275179
-3.61217
-3.60247
-1.92309
-1.97361
-7.27933
2.63507
2.42454
9.02721
-2.41158
7.45451
1.94547
-2.63343
-2.63111
-2.57928
-6.3571
-3.75224
-3.77975
1.21654
1.14912
-3.31103
-9.57655
0.96163
5.72501
4.9265
-2.5834
-5.98569
-3.4192
2.04047
6.6661
5.82829
-3.46553
-1.37537
-6.79544
7.39276
-0.0618437
-0.0774584
-1.65139
-1.65084
-8.62061
1.9493
2.84454
3.01781
7.83355
-1.4214
-1.48337
-1.36219
-1.36551
9.2447
4.36593
-9.06027
0.494147
0.529232
0.512037
3.17959
-0.318258
-0.331636
-0.355731
2.56821
-0.327794
-0.290028
-0.404693
-0.416948
5.59246
2.65282
3.78235
8.82652
-5.55608
2.12524
-5.93395
1.25789
1.26077
1.30307
1.00891
3.32351
3.33923
-4.90417
-0.703332
-0.755625
3.57399
3.56724
-4.82123
-3.81406
5.37259
-1.52003
-1.56837
1.54502
1.54077
6.82252
-8.82887
2.01961
0.843297
-6.8599
-5.83785
3.02693
3.05315
3.01063
-0.361339
-6.39656
-7.13755
-7.52928
5.51111
-9.52937
-0.510052
0.75896
6.76262
5.78991
-4.67844
9.36914
-2.83897
-7.85965
-2.22013
5.06165
3.24377
-0.675902
-0.731678
1.23812
1.30213
1.38345
2.90547
2.87049
-6.08263
-0.979583
5.64779
3.10407
4.60714
-4.03438
-4.03914
4.04279
5.21488
-6.52112
6.50751
0.0598181
5.19045
-8.46482
9.47945
1.57598
-1.89659
4.24341
-3.79261
-3.80606
-0.506011
-0.578206
3.66922
3.92196
1.56976
1.53107
1.44396
1.42494
4.74939
5.90829
1.37537
1.51947
1.43435
1.41058
3.37869
-2.51091
-2.55882
2.19048
2.58758
3.09432
5.6201
-8.64916
-1.95336
0.251247
-7.44893
-6.03145
-2.76368
-4.97476
5.04767
-3.72844
1.46371
0.537933
0.488294
0.562059
-1.18532
-1.20927
-1.15464
-1.19134
-1.24847
3.9039
-5.30825
-2.98492
-2.31512
-2.24629
-2.26636
-2.30037
-2.38592
7.66943
-0.0518793
-3.61191
9.95482
8.04665
-6.65622
-5.16412
3.29112
3.25216
3.22242
6.27463
-3.41317
5.68385
5.35894
-2.47602
0.497259
0.558467
0.506114
0.511551
0.545173
9.82596
-0.0654213
-0.109805
-7.11639
6.24892
-9.20723
-4.66032
5.76361
3.59834
6.83412
1.46784
2.25717
4.66251
-7.0588
-1.17646
0.99309
-3.7259
-3.36397
-4.68049
-4.5823
-5.31578
-3.78681
-3.76468
-4.78317
0.134946
0.205613
-2.60211
8.58677
-3.03189
-3.05387
-3.97647
0.606408
6.72047
9.32214
2.32625
5.89219
5.37261
-0.52328
-8.43408
0.449251
7.57722
0.850638
-6.64932
6.49848
-6.10974
-9.64291
-9.84928
8.91098
-3.48399
-0.274905
-8.90488
2.51775
1.8896
1.19915
-4.23268
2.1814
2.1023
-1.93536
-1.92472
-4.71908
3.09142
1.87187
1.87153
-5.34233
6.8821
7.81106
6.59902
8.76748
6.46185
0.275688
0.30832
3.7295
5.6732
1.57966
6.58895
3.34238
3.2702
3.40572
-3.94943
1.69208
-2.76939
5.11355
5.04043
8.47981
-0.851645
2.47293
-4.47769
-5.25322
2.64235
6.92991
-3.94033
-2.10198
-2.18771
-2.20004
6.80698
7.25434
1.61066
6.9376
2.54666
-0.226012
4.19682
4.15477
4.18414
-2.41674
-0.124143
6.68751
3.04813
3.09544
-2.55723
-2.76268
-3.02674
-7.83087
5.96198
-4.49124
-3.30244
-3.33013
-1.26623
-1.21648
-1.20444
-1.23508
-7.23071
-0.924157
6.63364
2.59891
7.95355
5.68796
-8.69339
2.29333
2.26201
-2.58357
-2.57382
-4.38078
-5.11112
-5.27802
6.11472
-2.19924
-7.35918
-4.44694
5.52865
0.831688
3.22326
-8.40736
5.66789
-6.74557
-1.11277
-1.16154
-2.03352
-1.26975
-1.27986
-1.27249
-1.25245
0.988898
8.99497
-4.32365
-1.58692
-1.57039
2.5642
2.6476
6.93249
-0.725018
-0.738345
-2.22003
-2.27774
-2.46369
-2.62603
-2.9923
-1.21646
-6.38947
1.9817
2.0478
1.98407
1.98773
7.65758
1.50561
6.99293
0.356689
0.413056
0.406343
-4.54988
-7.12269
4.20602
6.23081
-3.82346
3.82188
0.985747
1.09211
7.1746
-2.10343
-5.89864
-7.83781
0.195506
-5.31435
1.03643
0.89635
0.784383
3.7426
6.07918
-4.81433
3.92487
3.82341
-1.96843
-2.30432
0.267935
5.13484
0.541804
5.72662
6.49941
-2.85274
0.0686652
2.40982
-2.6946
-2.07806
-0.116034
-2.61665
4.96726
2.51086
8.8119
-2.84969
1.21442
-3.28596
-4.73156
-4.68266
8.09134
-7.90424
-0.238006
5.0426
-4.97686
-5.15496
4.36875
4.61959
2.49144
2.48424
-5.37289
1.57827
-1.78962
-1.80076
2.92622
3.03347
0.801919
0.822213
0.805334
1.93069
2.03347
0.872602
0.815128
0.82248
0.913316
-6.15809
-1.07082
-1.07362
-4.45844
-0.421581
3.55604
3.77682
3.77438
0.837684
1.01188
-3.24136
-1.8765
-5.24305
2.53358
3.40375
-0.555898
-0.569647
-0.414736
-0.422567
-0.461894
-0.555759
-1.14584
-0.735412
2.90917
-3.21554
-4.03287
9.96367
-8.23463
-7.04599
1.7824
1.90781
-3.0186
-1.52478
-1.53778
-1.57456
-5.17256
-5.00093
-5.3293
-6.05064
-1.02191
2.73233
2.74309
-3.66199
5.09336
0.617273
-4.64923
-3.00477
-4.85412
-1.04111
-0.465659
-0.469882
5.57953
-4.28201
2.02486
5.8959
-7.64074
-5.07334
5.65878
-3.14503
-5.92896
-2.01494
5.16531
3.99473
-8.62423
3.97703
2.13173
2.1271
4.85194
-4.00296
-4.02865
4.93326
1.33363
-5.92931
6.52072
2.70545
2.73586
-5.07346
3.43414
-2.02152
-2.04333
-1.75208
-9.03141
5.65881
8.90589
-2.66656
2.42699
2.45413
2.30052
4.71767
-7.09114
1.10873
3.88764
6.53427
1.80616
-1.74068
-1.72285
-1.09536
8.13421
9.40962
0.479984
-4.41193
-4.09656
-4.11197
-0.101399
-0.105911
-4.26767
7.36041
-4.84877
6.64899
5.47827
2.52438
2.43004
2.45415
0.945631
-0.139469
-1.26573
5.34492
7.83712
5.49348
-3.29042
3.96206
3.95645
3.92023
4.00605
3.9994
4.64927
-3.3068
-3.37513
-4.93645
-8.47333
0.100316
-1.90959
-1.87238
1.49306
1.46187
1.44713
5.50944
6.67699
0.470265
-2.03973
-1.45423
-1.37842
-1.49827
1.45582
1.2047
1.20702
1.22374
1.29232
1.27665
1.78891
-8.53093
-4.70111
5.69857
-3.68107
-3.65949
-3.67434
-4.92791
-1.67472
8.3451
-0.542429
-0.518205
2.70305
0.900581
2.56417
2.50203
2.50484
0.987751
5.42108
5.23055
5.78002
-4.42357
-2.52235
-2.52163
-5.12682
-8.66133
-1.30906
-1.29294
-3.78097
-2.0411
-0.531208
6.56792
-5.39532
-6.00886
-2.14047
4.41327
3.2432
3.24934
4.95692
-2.61142
0.0406226
0.00517554
-1.39996
-1.47408
-1.47
-8.05661
-3.85835
-3.77624
-4.73226
7.52925
-3.2958
-3.3483
3.98559
-6.20204
-2.24903
0.103261
0.090262
0.0950077
-2.06459
-2.06979
-2.76138
-9.27777
-1.0497
0.824375
0.62059
0.582196
-6.96374
-4.34687
3.1595
4.37076
-1.16642
-1.1565
-2.94766
2.73387
2.74379
2.71696
1.36317
1.3205
-2.50436
-3.78883
-6.82047
-0.285157
-0.176091
-0.1554
-1.67142
-5.87498
-4.6179
-0.363226
3.68818
5.76769
-6.95883
8.72129
-7.2822
-5.26878
0.868519
2.87429
2.53945
2.56473
-2.30309
-2.31513
-2.34851
-7.484
7.36314
-3.3397
-2.23749
6.95667
3.49885
-2.97321
-2.99813
3.51982
-4.95045
7.94766
8.90664
-2.57395
-2.04383
-5.84219
3.36038
1.95606
1.99826
2.04491
-4.41426
8.52245
0.660479
0.65088
-3.90276
4.58169
3.8534
-4.53342
-3.87258
0.254518
3.08362
3.17205
3.12094
-0.670107
-0.67153
-4.48033
1.45356
-9.98627
-2.31398
-0.241094
9.18361
3.01323
3.12601
-5.92675
-2.6241
-2.66326
-2.67675
-7.9683
4.53331
4.45488
7.85531
-5.52919
-6.4892
5.6553
-3.72662
0.360607
-7.53225
-1.91071
-1.87902
-6.72414
5.86975
-6.22374
0.575329
-8.07748
2.48383
2.43104
2.44506
3.30774
-5.41141
1.44508
7.10099
7.77393
8.17977
8.69565
1.2864
2.87573
0.084706
-0.35497
-0.377244
-0.385904
-0.399006
0.320067
-2.84191
6.36138
2.60493
2.51097
2.42194
2.40912
-3.50674
-3.55072
-3.50927
9.63733
5.33645
0.474081
0.48351
0.46658
0.517023
0.521591
0.477484
-9.25637
-3.22702
-5.0184
-5.69263
-2.69071
-4.8805
-2.43019
-9.15117
-3.31488
-2.28156
-6.31362
5.22664
1.09644
6.59046
5.53764
4.59666
2.22185
2.14504
-3.34435
4.73778
-5.04961
6.57146
-9.28365
-4.11725
4.76586
0.0273996
-3.46571
-6.07959
2.50058
2.29873
2.48018
-10.011
0.829927
1.24136
-0.373401
-4.38089
0.843837
0.874282
5.49222
1.06244
8.82121
-7.1062
-3.88742
-3.86465
4.83284
-0.79638
0.84729
0.899916
-0.374645
3.11979
3.1038
3.95982
7.09637
6.07507
1.82345
-0.54412
-4.82503
4.95421
-8.51953
3.96256
-3.00253
-2.97083
-2.87806
-5.61121
1.07153
2.82255
4.98506
6.31737
6.99846
-4.69587
2.61246
2.65442
2.63571
-4.97651
-8.32672
-6.05927
-0.105258
-0.167535
3.61817
-2.86552
0.62778
0.979229
-5.84907
-2.12885
-2.17383
-2.16137
-3.00973
-4.04168
7.37431
-4.66607
-1.29644
-7.43344
-6.64898
-0.410378
-5.53535
-4.48987
-4.49424
-4.3658
4.46229
2.91499
2.87569
2.86348
2.91216
2.84903
-0.672046
-0.633646
-4.77056
1.94668
3.22651
2.14192
-3.31363
-3.36425
-6.19515
7.12796
-1.99389
3.43997
4.37507
5.42018
7.21196
-0.630807
-0.618932
-3.12387
6.39405
-2.85606
-2.8935
-3.04884
-3.71169
8.14135
-0.361655
-4.21325
-4.1472
-1.48457
-1.46072
1.94302
-3.10381
5.49162
-3.73875
-5.13975
6.52028
3.67301
2.47318
7.86802
5.68489
3.4075
5.77595
-2.51144
-2.79521
-4.94588
-5.05676
2.98518
-2.17931
-2.17673
3.54841
-0.678617
3.95029
7.6943
-4.41721
0.73449
2.07532
5.352
-2.27543
2.08971
6.22062
9.01705
6.00196
0.328792
0.420613
-4.71589
3.4157
3.38202
3.36814
-2.20744
1.04134
1.03605
1.06152
1.10886
1.05306
1.03164
1.72413
1.78611
1.77101
-5.47191
2.71981
-3.46415
-1.15146
-1.18808
4.88532
-1.4656
-1.49039
-1.48078
-1.55193
-1.52727
-1.54393
4.52354
2.34905
-5.96079
1.88563
-1.83078
-9.66646
5.42017
0.855816
0.836472
0.854063
-0.123928
-0.131716
-0.127747
-0.135168
-0.183865
2.03022
5.7364
-0.0886893
-0.0566101
5.85558
1.91346
1.92949
3.92988
3.77231
3.04621
-2.64971
-7.6382
9.9051
-0.907149
-0.967639
9.27901
-1.17698
1.14398
1.14747
-1.46138
-1.46325
-1.50142
-1.52192
-1.49346
1.75514
-9.1171
-5.22014
3.72136
-0.311557
-1.81231
-4.19657
-4.68264
-0.71084
-0.615346
-0.570091
1.31715
5.61627
4.94497
4.69513
-1.97367
-1.98682
-7.47033
-4.42828
6.10937
6.72872
-4.98134
-4.45836
3.04918
8.2878
1.79645
6.20291
7.19653
7.49043
-5.88943
4.43052
0.128257
1.98335
2.95821
-0.925899
0.815674
3.55299
3.55382
5.97564
5.5314
6.02741
-3.35926
0.739616
-1.40577
3.55927
9.13129
2.1738
2.17687
-2.81256
-3.09067
-1.24907
-1.24351
-1.32611
-1.37788
-1.34513
-1.32803
2.01811
2.04312
-3.09579
9.71129
4.91565
-5.61652
-0.682176
-0.647811
-1.24779
1.52215
7.20247
4.12703
4.11808
4.1856
-2.91831
-4.97785
-7.6153
-3.81893
1.68085
-1.22212
-1.35552
-1.36956
-3.69049
-3.65711
-4.63353
5.08935
2.95886
2.96159
5.84018
2.09431
-6.24377
-2.88744
-5.74449
2.05896
2.02271
-0.604413
-0.553991
-0.832267
-0.981465
-0.849229
-3.90929
-3.002
-2.84523
8.18812
0.276782
-2.08495
4.4003
-6.92094
-4.07041
6.25875
-5.06045
-5.03347
4.67257
4.64929
1.62974
1.6933
1.41214
-0.677721
-4.49991
-0.235234
-0.211956
-0.224216
4.88322
-6.22816
5.4719
3.20991
-2.36356
-2.35257
-1.03085
-1.11562
-1.11073
-1.15584
-1.11099
-0.9239
-0.955097
1.00291
4.04394
-4.86814
-4.33426
3.42671
8.06969
-4.5134
-0.57103
-0.6035
-2.70776
5.96487
6.08787
-0.498253
1.91473
1.94623
1.93916
1.99944
-6.16442
0.81132
-3.24796
-5.74678
2.78986
-6.4
3.44736
3.50127
3.44066
-1.50217
4.56764
-0.801682
4.34386
2.0147
0.618837
6.32525
6.00558
0.247068
0.240045
0.143593
5.54977
3.7459
-1.01018
-8.63769
-5.21261
-2.26073
4.57858
-5.14609
-1.16785
-1.30398
-1.34662
-2.73397
-4.48664
2.02001
-3.53804
0.635105
-7.96157
-6.82284
-3.43629
4.61014
4.17444
-5.74438
4.3767
7.06946
-5.86731
-3.39129
1.67387
4.49543
-1.9621
-1.0849
-0.39231
-0.442476
-0.33268
-2.58947
-2.5245
9.02646
-1.42878
-2.06948
1.11458
7.27795
-4.73342
-1.22788
-1.28343
1.34081
1.08594
-7.8742
5.52169
6.30102
-5.85235
8.22484
2.13049
2.1302
2.02136
4.1294
5.82281
-2.71957
-2.72729
-2.7504
-8.47508
4.75076
4.77101
-4.69881
-2.58809
-3.09426
-2.9874
-2.9852
3.1846
2.34744
-6.95328
-1.39455
-1.39766
2.43257
2.45224
4.86708
-2.09663
-2.05273
-2.1585
-2.15629
5.18227
-2.33943
8.83633
-1.14651
-6.40433
-0.325844
2.33524
2.31204
-9.1584
3.45635
-4.76829
-5.50007
-4.97135
4.14113
-6.62225
2.31497
-4.93365
-4.94429
5.23676
2.75974
-8.92599
-6.37251
4.19411
4.18775
-3.58022
0.716907
-4.80535
-0.831758
-0.835248
3.62032
3.89458
1.26503
-6.21185
0.0909557
0.0097334
0.0543345
0.0735996
-6.37331
4.69038
0.966944
-4.90795
-9.60868
7.00613
-2.83225
3.72722
1.19524
-5.49691
4.67565
4.75784
-3.48575
-0.501323
-0.900246
-1.9339
-1.92813
9.31423
-8.52494
-3.95224
-4.44957
-2.48184
-8.63009
-1.60077
0.691837
-4.07789
-7.30471
6.05778
-3.20044
6.19916
-4.7836
-3.23865
-2.59876
-7.69753
2.57522
-2.07102
8.2011
-3.94221
-3.87341
-3.89588
3.70475
3.67979
2.67375
2.67209
4.6495
4.64705
-8.07704
-4.96473
-2.65166
-2.61793
-4.49989
8.29138
7.42037
-2.15066
-0.446116
-0.450703
-0.490855
-7.29343
1.49887
1.5494
3.28818
3.27136
-5.77211
4.0292
4.12206
-3.99683
-9.49235
-4.54877
-4.53485
2.62175
5.63666
5.57586
-9.72539
-4.70892
-1.24652
1.55465
-0.987903
7.85321
1.24408
7.4313
-6.79393
-4.42986
4.49848
6.67297
-1.83251
6.03374
7.50836
7.43039
1.38592
1.30279
1.19612
1.14676
1.08722
1.13366
-2.56574
5.20208
-8.88027
1.19488
-7.25892
1.38197
4.6467
6.26919
4.65541
3.98156
3.89
3.83188
3.94878
4.00154
4.01165
6.17962
-2.04499
-2.08226
-2.01634
-1.97762
6.67629
1.16786
1.24075
-0.48091
-0.458135
2.7784
-4.83
-4.82277
0.736817
-3.68432
-2.25143
-0.534919
-0.511731
-0.423883
1.55985
1.54235
1.51237
2.88454
5.32082
-5.75878
2.12128
-8.25288
3.35433
-1.39408
-0.558644
-5.25092
-1.24331
8.44143
2.6281
1.68272
2.18688
2.36842
-1.99793
1.73633
8.11121
-3.52355
-3.53052
1.5553
1.62447
0.737895
6.10434
5.57958
-0.679919
5.6766
9.57976
-0.843463
-0.639693
4.0912
-1.09423
-3.08668
8.4324
-3.40159
-4.19156
5.27227
1.22623
2.39557
2.67546
3.57705
3.54879
-1.62727
7.07523
6.01354
9.29996
5.64205
6.83946
0.372555
0.375852
0.364014
0.398958
0.395119
0.442294
-9.11251
-8.14894
-1.55165
-0.0148388
-3.567
-1.80486
-1.76405
-1.84074
5.97324
-5.93209
5.03026
-1.72056
-1.71024
-1.75397
-0.0620549
0.00165206
0.0507312
-0.00856842
5.73602
4.13931
2.45724
4.61404
-7.25091
-4.83598
4.94001
4.95053
0.32411
1.43838
1.45859
-5.40222
6.61826
-1.9548
-1.92878
-1.91047
-6.50474
2.77339
0.503059
-5.71089
-1.6986
-1.69857
-1.6171
8.57355
-0.854323
-0.91405
-0.936005
-3.61831
8.60344
9.10269
-5.49657
-6.38576
4.44346
-5.16798
-2.30394
-2.25581
-7.03519
0.387331
3.72767
-5.35509
-4.41492
-3.96435
-2.31374
5.11872
-4.72527
-2.85799
4.17019
4.18928
3.96742
-4.81565
3.97781
-4.27158
-0.822551
2.80332
-1.15611
3.02998
3.08514
0.112064
7.15041
-2.6906
6.7287
-3.85588
-3.29443
-4.78246
3.19391
4.69925
-0.743019
1.46533
1.46184
-2.89151
0.309244
0.216572
0.00319596
-0.0288563
2.68297
4.0444
-1.73118
5.42355
6.56233
-5.6336
4.89647
3.14902
-5.46898
5.5491
0.170332
0.136573
-1.62213
1.22659
1.19295
1.31466
9.86889
-4.29581
-3.85358
-6.76368
5.86182
-6.51967
0.83959
-3.70663
-7.93457
3.03665
-9.16408
2.00675
2.00569
-5.64014
1.27834
1.28261
1.25451
1.30718
-0.478429
-0.445
-0.470375
-0.467777
0.660525
0.718068
0.738607
-3.06838
3.42007
-3.32008
-3.23545
2.63632
5.80568
6.02318
7.79399
0.862306
0.954606
3.69123
-5.87228
-8.79886
7.94773
-7.58842
0.458706
0.468481
0.467465
-1.28239
-1.73802
5.78366
-6.0641
7.77327
5.37463
-5.4129
8.41836
-1.31732
-1.40295
-1.50461
-5.53178
1.95975
0.506475
0.536439
0.450931
-2.69802
-2.68311
9.274
-4.52734
4.48522
0.110511
0.14264
6.21498
4.00528
-5.86318
2.71477
2.46481
2.76235
-5.78868
-0.236737
-1.04582
-3.48358
6.55257
-4.46808
7.06715
2.83386
2.7945
2.80291
4.37591
4.37571
3.01805
5.5742
-3.01095
8.21927
0.66893
0.606414
0.639536
-1.69818
4.41737
-3.33744
-9.55178
3.22458
-9.43933
-4.20611
-4.2336
-4.86768
-0.167477
6.98941
-9.10327
4.92383
3.53829
3.54727
4.80473
1.0944
1.06994
1.0884
1.06153
-7.51709
3.81413
-3.98445
-0.910483
-2.44076
-8.14868
5.39221
-5.70939
4.61568
-1.04002
-9.29679
-1.91516
5.84569
4.11011
-1.2147
-1.25584
-1.17439
-1.16238
6.38347
-5.27472
-8.86447
-5.90349
-2.97356
2.76146
7.11051
5.59193
7.17501
-5.66861
-3.02614
-3.02676
-2.96658
-0.734223
-0.814855
6.71572
-7.24098
5.22402
0.329117
-2.81842
-2.78755
-2.79447
-2.78505
-2.88318
-6.08405
1.62619
7.30479
1.79468
2.12481
-5.06547
1.37474
1.41164
1.27056
-6.5093
-2.18143
-2.15462
2.83161
-8.12639
3.55174
3.49907
-6.26791
-6.93262
-5.34712
-0.950129
-0.816111
-0.26906
-0.333066
6.13637
5.2873
-2.34488
0.633095
-4.64108
7.23895
7.44907
0.105478
0.00786417
-4.31952
4.52737
4.47322
2.43102
2.48028
7.31249
-0.683254
-4.23293
8.02122
8.27093
1.95309
1.98941
2.01632
1.92482
2.00459
-7.73868
0.343761
-1.88373
-1.89249
1.98912
8.84665
-5.89812
-4.06405
0.893111
2.07934
5.08127
-9.75007
3.30597
3.29291
-9.53175
10.0575
4.61583
0.0407272
-5.08127
8.66185
-1.8794
-1.88698
-1.94164
-0.859789
3.05555
2.71469
0.328063
0.345746
-6.38373
0.926694
-2.49643
-2.46044
-2.38108
-7.02543
7.10747
6.73089
-0.417339
-7.26509
-0.721376
-5.10253
8.29578
1.11051
1.08731
-5.70174
-2.48838
-2.4948
-2.43311
1.80235
3.55482
-0.309023
-0.333204
4.24151
-8.42687
-2.69406
-2.74262
-2.84873
-2.84399
-2.87118
-2.90731
3.42847
2.11652
1.74453
1.7116
-6.21887
7.2985
-8.99817
-4.24705
2.54313
2.57513
-3.37169
2.46262
2.46962
2.42742
