2.48552
1.72543
2.29992
2.36455
1.8811
-2.92113
-0.402288
-0.29306
-0.242052
-0.403757
-0.0541158
-0.133048
1.3682
0.735843
0.879433
0.877007
0.779634
0.788895
-0.558201
-0.772837
-0.684315
-0.545522
-0.480974
-0.428562
0.883605
0.894782
1.00433
-0.00725761
0.24908
0.348798
0.526102
0.251563
-0.646173
-1.08091
-0.940163
-0.653523
-0.585609
-0.549121
-0.698343
-0.622171
-0.658131
-0.915804
-1.0421
-0.67471
-1.86866
0.0220013
0.327875
-0.057162
0.950454
-1.50215
-2.04785
0.288989
1.98564
2.29142
2.08154
-0.558381
-0.728033
-0.571979
-0.408022
-0.411812
-0.32997
2.76018
0.172081
-0.198359
0.605098
0.543952
0.673624
0.728901
-2.49518
-0.36883
-0.121607
-0.38513
-0.302805
0.0403663
0.0906324
-0.0531499
-0.558706
-0.498934
-0.790867
2.8555
-2.15939
-2.24473
1.03009
1.00326
1.46102
1.21727
1.22655
1.53779
2.37843
1.73265
1.82956
1.31146
1.68487
1.4562
1.20601
1.74114
0.295524
0.449241
0.48536
0.143778
0.472068
0.150396
0.279853
0.0864375
-0.910043
-0.567693
-0.915847
-0.965015
-0.96775
-0.831454
-0.762832
2.74047
-1.20002
-1.19381
-1.91824
-1.96183
-1.66487
-1.64151
-1.45404
-0.650949
-0.649506
-0.731988
-2.38173
-1.0882
-1.00413
1.04007
1.06977
1.09488
-0.135072
-0.402606
-1.37301
0.79725
0.844394
0.883838
0.889176
0.474469
2.8407
-1.08975
-0.433404
-0.681515
-0.804205
3.01566
0.0146959
-0.156306
-0.0629401
0.211415
0.168912
0.488014
-1.59437
-1.43021
-1.45047
-1.6257
-1.77502
-1.18487
-1.28159
-1.23196
-1.35616
-1.51045
-1.35263
-1.10681
-1.09778
-1.20509
-1.08555
0.316611
0.534246
1.23114
2.90219
-3.18895
0.616863
0.656063
0.77589
0.717951
0.817316
0.548735
0.807417
-0.489958
-0.40202
-0.478158
-0.638875
-0.486844
-0.641327
-0.812927
-0.708741
-0.855149
-0.904851
-0.428219
-0.420805
-0.499208
-0.604051
-0.586225
-0.347041
-0.503099
1.3382
1.12127
1.10509
1.32106
1.80583
1.43477
2.77204
0.445503
0.705023
0.933266
0.713583
0.890991
0.634772
0.621629
1.12238
0.555233
0.632707
0.773308
0.937854
0.913419
0.77217
0.959719
0.796179
0.622687
0.449276
1.13485
0.665096
1.63565
1.22717
1.28197
-1.65024
0.133944
0.255403
-0.0901326
0.0642744
-1.82767
-1.71581
-1.6924
-1.65658
2.75755
0.33673
-0.081482
-0.185775
-0.0428308
-0.0287822
0.149824
-0.27198
-0.104783
0.191815
0.0416664
0.141002
0.0938778
0.0904963
-0.0635529
0.0339359
-0.00186344
0.0826388
0.039396
0.310044
0.087511
0.0685871
0.281762
-0.190059
0.133827
-0.0217004
-0.112782
-0.130043
-0.118686
0.232738
0.279751
0.496848
0.5425
0.483205
1.28708
1.50965
-0.851734
-0.872077
-0.801213
-0.974476
-2.47466
-2.40146
0.380399
0.351702
0.2321
0.574361
0.63999
0.0569037
-0.276109
0.017565
0.00219513
-0.904258
-1.29317
-1.28706
-1.26817
-1.3897
-1.11167
-1.07332
2.52688
-0.778264
-0.424665
-0.789761
-2.75202
0.717108
0.935092
-2.35326
-1.11453
-1.12759
-1.3782
-1.4043
-1.6822
-1.71564
0.339679
0.481994
0.515768
0.301912
0.484503
-1.99019
-2.08415
1.48875
1.59199
1.54742
0.242327
0.626244
0.665796
0.222957
0.378135
0.134275
0.272463
0.129652
0.342782
2.4142
0.226693
0.207944
0.00850085
0.101555
0.330507
0.186934
-1.28588
-1.8946
-1.84492
-1.39043
-1.60559
-1.89782
0.0952119
0.090514
0.0774826
0.116774
0.120815
0.119124
0.122814
0.0254739
-0.0924615
-0.0975179
0.35162
0.083182
0.176484
0.0625514
-0.0477626
-1.55685
0.183733
0.535927
0.730187
0.204159
0.319294
0.272169
0.241148
0.185271
0.206557
0.329068
0.0258155
0.312326
-0.13288
0.369685
0.395952
0.602305
0.491422
0.470894
0.266073
0.445345
0.297688
3.28048
1.37931
-1.35578
-1.52718
-0.876225
-1.08077
-1.01475
-1.25936
-0.472279
-0.45209
-0.453551
-1.00075
-0.882781
-0.442984
-0.629234
-0.606053
-0.719475
-0.847911
-0.621446
-0.896185
-0.770575
-0.989794
-0.691735
-0.939417
1.19439
1.01317
1.27418
1.42627
1.33211
1.45155
1.30797
1.41345
1.85228
1.35372
1.72577
-1.876
2.21203
1.90696
-1.4549
-0.95914
-0.675291
-0.570125
-0.418626
-0.497581
-0.692484
-1.30159
-1.36842
-1.25505
-1.1723
2.17158
2.0844
2.11916
2.71124
1.81048
-0.831343
-0.97463
-0.463478
-0.564909
-0.494836
-0.413619
-0.554618
-2.30548
0.990019
0.768571
2.72516
-0.564613
0.006141
-0.369545
1.57009
1.15154
1.2077
1.30644
1.41974
-2.1111
-1.93236
-1.8105
-1.9478
0.836401
1.02484
1.17017
1.144
1.10727
1.37578
1.30274
1.37325
1.22697
1.34946
1.10814
1.56875
1.55008
1.30952
1.21662
1.36866
1.55286
1.50569
-2.40418
0.936552
1.15876
1.39667
1.5069
1.36991
1.23942
0.757387
0.982406
1.28397
1.01516
1.34731
1.4498
1.39926
1.47613
1.28534
1.21345
1.41199
1.13088
1.59108
0.798613
1.14559
0.977721
1.17761
1.24724
1.33327
-0.776188
-0.740436
-0.961675
1.16833
1.67477
-1.54607
-1.50255
-1.55466
-1.34413
2.38231
1.40007
1.45497
-0.440968
-0.580061
-0.332902
-0.970992
-0.695651
-0.803724
-0.645331
-0.326152
-0.619583
-0.403048
-0.403123
-0.641932
-0.808675
-0.858655
-0.559774
-0.525475
-0.517409
-0.672041
-0.535173
-2.38486
-1.95792
-1.865
4.39188
3.03887
3.4479
-2.20474
-2.83582
0.17395
0.539828
-1.79241
-1.94443
-1.13356
-0.924939
-0.663697
-0.625126
-0.625008
-0.341358
-0.426182
-0.375354
-0.175353
-0.272537
-0.163044
-0.303096
-0.154906
-0.294732
-0.598419
-0.305605
-0.308919
-1.08549
-3.64859
1.12825
0.678056
0.595262
0.501862
0.989708
0.182893
0.0758408
0.170768
0.355242
0.301992
0.184944
1.42637
1.66469
1.42065
1.70052
1.53154
1.70033
1.25798
4.11254
-0.889116
0.399735
0.775801
0.816413
1.09651
2.58777
2.19275
2.57096
2.16831
-0.318999
-0.0359244
-0.00981098
0.0341681
-0.214974
-0.456703
-0.290208
-0.515013
-0.347243
-0.398298
-1.4573
-2.5476
-2.45585
-1.8724
-2.09112
-1.76961
2.38752
-1.50601
-1.50659
-1.16505
-1.311
-1.59189
-1.50488
2.0004
2.43921
3.61147
-3.1663
-2.33306
-2.46216
2.19725
2.12941
2.29291
2.21121
0.926733
0.975913
1.74754
1.4519
1.59317
-1.16625
-1.72526
-1.54392
-1.38575
-1.50765
-1.47704
-1.59468
-1.11426
-1.28606
-1.39348
-1.11926
-1.03164
1.17552
-1.85658
-2.11138
-2.08871
-1.48039
-1.10598
-1.26689
-1.28088
-1.42068
-1.51984
-1.52006
-1.49893
-0.330948
-0.509723
-0.231365
-0.18676
-0.306951
-0.48306
-0.346685
-0.325997
-0.962465
-1.12502
-1.51451
-1.84869
-1.6188
1.80832
1.73176
1.77744
1.82724
-3.01437
0.548685
0.951531
0.629242
-2.96877
-2.18811
-1.6426
-1.00943
-1.00278
-0.960785
-1.18552
-1.33559
-1.22195
-1.25999
-1.21904
-1.32777
-1.4042
-1.06007
0.159295
0.772873
0.793695
1.69295
-0.623698
-0.876119
-0.282079
-1.19898
0.710303
0.944675
0.631885
1.91161
1.92874
-0.493095
-0.535792
-0.679963
-0.590996
-0.404168
-0.297765
-0.241714
-0.124678
-0.590691
-0.382856
-3.03826
-2.66216
-2.92011
-0.548867
-0.569896
-0.699348
-0.686071
-0.288499
-0.716477
-0.768966
-0.588714
-0.560391
-0.467827
0.828347
1.33823
-0.696655
-0.913343
-1.01156
-1.02728
-1.18091
-1.01254
-1.01188
-1.28332
-1.11525
-1.21991
-1.11994
-1.01451
-1.32489
-1.13079
-0.954455
-0.88658
-2.64487
-0.474922
-0.385737
-0.0624154
-0.147664
-0.371547
-0.381017
-0.989392
-0.549609
1.60475
1.56719
1.58601
2.0699
1.68774
1.53452
1.64865
1.9344
1.37322
1.77652
-1.93403
-2.1315
-2.00603
-1.89014
-2.00731
0.558636
0.538965
0.466876
0.234237
-0.967573
-1.10439
-0.825803
-0.741652
-0.82006
-0.191447
1.99346
2.12972
1.86304
2.13963
3.6272
-1.64751
1.56052
-2.9419
1.24128
-1.28192
-1.1671
-0.677855
-0.763616
2.02222
1.8426
2.25807
-1.39618
-1.45481
-3.03772
-1.18862
-1.55912
-1.28031
-1.55407
-1.44105
-1.7338
-1.57644
-1.45031
-0.990705
0.760578
3.27315
0.781437
-1.04576
2.91115
2.51829
2.22647
1.82883
0.0230655
2.08398
1.98201
1.8095
-4.30525
-1.66834
1.33433
1.40428
1.64738
1.36141
1.28449
1.65136
-0.982271
-0.803316
-0.458399
-0.472987
-0.708673
-0.849791
-0.705402
-0.944391
-0.566504
-0.680684
-0.408651
-1.7688
-1.83966
-2.21253
-1.91249
-1.84088
-1.85448
-0.242046
1.80348
-1.21762
-1.65066
-1.30758
-1.42834
-1.11421
-1.41858
-1.35491
1.05167
0.943882
-1.04409
-1.39117
-1.46222
-1.27137
-1.22813
1.87876
1.9204
1.83212
-0.0793845
0.0635479
-0.156644
2.35247
-0.139068
0.104067
0.232744
0.745532
0.53006
0.876068
0.74072
1.00554
-1.78341
1.52441
2.14139
2.38012
-1.81681
-1.81688
-1.50175
-1.57852
-1.20359
-1.17164
-0.983854
-0.823483
-1.09994
-1.01275
1.6934
1.5795
1.23432
-1.84997
3.48681
0.391153
0.273482
1.96626
2.13959
1.90663
2.10782
1.02312
0.731429
0.672696
0.912615
-0.826821
-0.897315
-0.898137
-0.595859
-0.898591
-0.308271
-0.404482
-0.348008
-0.371603
-0.508712
-0.25233
-0.624557
-0.709393
-2.35235
-2.9893
-2.72014
-2.40284
-2.3397
2.78016
2.28054
2.14633
1.92817
1.87028
1.87094
-1.45888
-1.16993
-0.133442
-0.231487
-3.93282
-2.95963
-0.28415
-0.411421
-1.95982
-2.09457
-1.98012
-2.02179
2.10944
-0.456617
-1.12529
-0.941791
-0.90602
-0.592465
-0.637675
-0.108153
-0.0162364
-0.0184379
-0.540921
-0.605963
-0.136732
-0.114851
-0.337023
-0.160602
-0.235434
-0.204212
-0.470535
-0.106957
-0.0877885
-0.611506
-0.535975
-0.633437
-0.839568
-0.519369
-0.425427
0.0146489
-0.596825
-1.28182
-1.46843
-2.19688
0.744036
0.650443
0.396172
0.352898
0.553291
0.96988
0.841865
0.874452
0.673869
0.420757
0.496551
0.303954
0.340832
0.320772
2.95939
2.81028
0.890035
0.837149
0.820086
0.852512
0.739197
0.969443
0.923208
0.627954
0.905844
0.950182
1.23666
-0.604937
-0.511536
-0.49225
-0.241192
1.88304
1.53078
2.10563
1.80715
-0.460144
-0.508736
-0.254734
-0.337801
-0.731082
-0.643723
-0.431952
-0.449265
-0.368663
-0.3813
-0.41293
-0.364972
-0.15309
-0.452279
-0.486969
-0.324608
-0.381103
0.623046
-0.659178
0.737722
0.492306
0.737792
0.6408
0.881895
0.729367
0.725966
0.944421
0.831288
-0.501466
1.20336
1.18233
1.19075
0.899385
0.558423
0.644587
2.47513
2.63598
-3.18842
0.635687
0.175705
0.286613
-0.0367432
-0.033955
0.0381533
2.31791
1.19448
-2.48761
-2.16876
-1.97548
0.0321349
0.140649
0.254114
0.528044
0.498155
0.40147
0.294376
0.586252
0.613432
0.38783
0.566511
0.214298
-0.0203814
0.380096
0.133783
0.265618
0.341735
0.226764
0.300926
0.447167
0.26289
0.269188
2.33356
0.563054
0.547524
0.219998
0.177653
0.373031
0.665868
0.350314
-0.112051
-0.700117
0.102252
-0.106478
-0.172326
-0.444197
-0.310918
-0.369707
-0.320392
-0.398287
-0.338135
-0.227254
-0.371098
0.00279075
-0.300282
-0.274194
0.0494488
2.89485
1.15443
1.42347
1.32836
1.12426
1.10688
0.691213
1.81068
1.10691
1.59654
1.42811
1.27639
1.30019
1.35952
1.12396
0.911447
0.882426
0.400968
-1.61371
-1.84557
-2.02108
0.133165
0.336053
-2.86183
-0.147982
-2.25391
1.47752
1.59383
1.47344
1.35121
-0.824732
-0.560809
-0.731504
-0.337552
-0.381969
-0.486272
-0.504605
-0.634994
-0.684174
-0.638495
-0.895606
-0.902443
-0.510973
-0.460185
0.654666
1.10685
0.75394
1.65583
1.77354
3.01093
-1.95128
3.08964
-2.41736
-2.15026
2.64332
0.875761
0.840134
-0.448312
-1.6474
-1.98938
-1.48121
-1.62467
-1.62344
-1.84519
-1.69571
-1.66128
-1.7708
-0.158862
-2.4753
0.990696
1.14543
1.50137
1.6565
-1.38873
-1.35963
2.97013
0.728226
0.301044
0.45529
0.520376
0.490035
0.590948
0.181388
-0.601873
-1.03888
-1.29135
-1.13789
-1.97692
0.0201928
-0.380103
-0.305098
0.0908037
3.84865
-1.58052
0.27575
0.201276
0.163042
-0.162883
-0.00958807
-0.177428
0.363465
0.231871
-2.75063
-2.096
-2.07052
-0.451536
-0.305527
-1.01447
-0.347989
-0.296559
-0.833234
-1.99971
-3.76909
-1.38888
-1.36723
-1.26499
-1.89006
1.11228
1.2285
0.803717
0.949254
0.904243
0.800977
0.767884
0.684214
0.765102
1.18154
1.12865
0.583639
0.676256
1.00047
2.48072
2.46873
-0.630973
-0.560454
-0.537226
-1.58348
1.91751
1.45707
1.35163
1.48595
1.37776
1.45751
1.45944
-1.49582
-1.39414
-1.44168
-2.32358
-1.97164
1.01282
1.18673
0.562097
0.813142
0.880705
0.73211
0.744738
0.81448
0.641676
0.652174
1.03854
0.431312
0.668143
0.747234
0.450805
0.62667
0.971751
1.7454
1.73816
1.36408
1.91289
1.84957
-2.04671
-1.78567
-0.0234324
0.138427
0.0228714
0.438437
-1.77083
-1.45532
-1.22108
-1.3873
-1.10119
-0.325885
1.12542
1.23721
1.26383
1.04692
1.15421
0.961698
0.949527
0.786176
2.48538
-0.44327
-0.67766
0.148908
0.57699
0.517487
0.514279
0.488765
-0.775243
-0.938214
-0.960492
-0.995554
-1.7781
-1.23759
-1.62416
1.57809
1.66665
0.929528
0.986162
1.12387
1.10758
1.0332
1.12878
1.20118
1.05944
0.807182
0.709969
0.967672
0.966706
1.00608
0.91584
2.40343
-1.65833
-1.73044
-1.62726
-1.57316
-1.87336
-2.29209
-1.96062
-2.02657
2.8472
1.40769
1.32882
2.09046
-1.91941
2.39805
-0.34192
-0.272913
-0.334235
-0.508965
-1.01203
-0.982538
-0.771264
-0.896469
-1.05569
-0.947125
-1.10745
-0.933083
-1.00378
-1.18772
-2.86467
0.884255
0.54222
0.75893
0.610104
0.403281
0.682268
0.448699
2.51742
-1.51112
-0.951904
-1.2137
-1.04447
-1.10334
-0.826557
-0.659009
-1.30493
-1.28644
-1.56274
-1.39701
-1.50963
-1.33763
1.54037
1.95966
1.81587
2.56952
-0.890085
-0.71106
-0.807518
-1.32136
-1.44435
-1.08858
-0.746915
-1.25424
-0.951225
-1.07511
-1.09742
-1.0371
-0.922199
-1.14377
-0.627263
-0.379917
-0.769556
2.56803
-1.75261
-1.879
-1.65803
1.15261
1.1181
1.1293
1.37876
1.01184
1.09108
0.85575
0.964151
1.03949
0.946795
1.03316
0.909368
0.769649
0.962472
1.16153
0.605725
0.589073
0.91829
0.81226
0.778179
0.832154
0.815659
-0.763319
-0.690214
-0.800398
-0.942332
1.17969
0.731144
0.795427
0.888772
-1.61984
1.77193
1.6537
2.02693
2.85314
-0.197349
-0.353077
1.03146
1.04153
0.918892
1.31944
1.32617
1.44791
-2.67523
-2.62056
2.56645
2.30973
0.167059
-1.8461
2.63938
2.43464
-0.20987
-0.310389
-0.112262
-0.289057
-0.161193
0.0784615
-2.60154
0.716664
0.461193
0.457074
0.432315
0.585274
0.0121031
0.0483028
0.203828
0.353481
0.172393
0.105334
0.423745
0.353865
0.453851
0.416334
-2.05641
0.791667
1.1689
1.12935
1.10841
1.57144
1.41461
1.17103
1.20756
1.04134
0.132475
-2.07525
1.20784
0.606586
0.654677
0.412683
0.176312
1.53218
-1.24454
-1.01769
-1.16833
-2.1301
-2.1709
-0.734852
-0.529007
2.65547
-1.72669
-1.49128
-1.56343
-1.92129
-1.39725
1.20838
-1.09374
-1.17765
-1.29189
-1.25598
-1.13451
-1.28348
-1.46403
-1.34368
-1.00629
-1.18087
0.924075
0.868334
1.04727
1.0328
0.910619
1.066
0.590873
0.720135
0.506283
0.682798
1.07278
0.88624
0.956052
-1.75768
-2.5405
-1.03988
-1.08703
-1.18404
-0.689292
-0.878546
-1.11837
-0.618254
-0.74377
-0.907235
-1.15456
-1.05398
-1.2498
-2.87448
0.0555827
0.14791
0.03805
-0.131231
-0.309038
-0.306748
-0.0366969
0.104484
-0.42766
-2.90393
-2.61863
-0.437181
-0.571367
-0.540735
-0.047193
2.53213
1.47654
1.7414
1.6674
1.36771
1.41975
1.37636
-2.13993
2.90185
-1.01367
-0.905376
-2.74219
1.5988
1.75283
1.60559
1.70091
2.08336
-3.72737
1.6127
1.48803
1.40955
1.49035
0.0826611
0.233977
0.243091
0.37152
0.426085
0.442153
0.313046
0.444871
1.63929
1.58978
-1.90579
-2.135
2.22837
1.32489
1.82457
2.69637
-0.141794
0.880241
0.805478
0.793817
0.955864
0.751159
-0.0673298
-0.115263
-0.902099
2.31979
0.560111
0.47416
0.343063
0.387861
0.495252
-0.0585012
-3.45656
1.32825
1.32328
0.993361
-0.87985
-1.03127
-1.09359
-0.952942
-0.838144
-1.16371
-1.11923
2.33251
1.68348
0.199773
-0.00218615
0.238907
0.419018
0.27474
0.523956
0.47572
0.387697
0.533635
0.252424
0.630099
0.541274
0.477684
0.522593
0.619058
-3.50616
-3.48802
-0.122336
-0.0250343
-0.0111398
-0.264394
-0.0478629
-0.208297
-0.111953
-0.185251
0.0151154
-0.150278
-0.219942
-0.252148
0.0882936
-0.135112
-0.245211
-2.66259
-0.98514
-1.05141
-1.28653
0.752985
0.961405
0.762675
0.278474
0.468395
0.476167
0.297354
0.25543
1.43099
0.161939
0.36848
0.0611894
0.201831
0.229902
-0.183849
0.148782
0.132692
0.274909
0.301363
0.441843
0.438901
0.372957
0.43014
-2.1203
-1.7458
-2.08321
-1.89391
-2.11665
1.82882
1.17353
1.39271
1.23638
1.49891
1.44736
1.22789
1.58106
1.55372
1.23784
1.5539
1.2065
1.57578
1.55854
-0.215351
-0.400296
-0.605008
-0.469186
-0.290249
-0.348852
-0.562028
-0.333785
-2.30349
1.49947
1.54181
1.4705
1.8191
0.136909
-0.199255
-1.07978
-1.04883
-0.871973
-0.866383
-0.978933
2.62819
2.83072
1.58507
1.83456
1.45352
1.56161
1.5057
1.4001
-0.70334
-0.743296
-2.34493
0.720881
0.680639
1.10242
0.786172
0.820343
0.821257
0.549359
0.760198
-0.350237
-0.309081
-0.327117
-0.384141
-0.189729
-0.196249
-0.178422
-0.156243
-0.389573
-0.266186
-0.0907419
0.564369
0.469658
1.07083
0.916604
0.87951
0.886966
1.24687
0.616997
0.870628
0.780523
0.992934
0.979456
0.98289
0.789555
0.799388
0.796605
0.563333
0.975051
1.6478
1.44672
1.85351
-1.52768
3.48918
-0.905877
-1.02102
-0.826548
-1.02908
-0.826756
-0.653447
-0.898593
-1.0218
-1.0267
-1.11522
-1.0042
-0.726378
-0.726056
-0.793771
-0.84653
-0.572965
-0.764834
-0.542504
-0.560915
1.20521
1.06339
0.876538
1.21396
0.920614
-0.186485
-0.129257
-0.212915
-0.307859
-0.577078
-0.784616
-1.0383
-0.300399
2.70766
-0.595822
-0.400296
-0.351683
-0.347191
-0.430876
0.55538
0.71533
0.742867
0.900361
0.3266
0.24082
1.91958
-1.48147
-0.364689
0.0244559
-0.0520633
-1.42162
-1.50564
-1.32692
-1.4031
-1.37217
-1.3475
-1.70184
-1.67382
-1.42319
-1.485
0.631378
0.881022
1.22277
1.31898
1.08011
1.46826
1.19992
1.03991
0.907663
0.894859
0.806443
1.06893
1.14062
1.02252
1.77761
2.37058
-2.26174
-0.148616
-0.0109324
-0.265795
-0.394048
-0.192856
-0.339622
-0.273081
-0.225338
-0.122467
-0.150845
-0.326305
0.00138559
-0.134863
-0.4428
-0.156136
-0.408566
-2.52894
3.60513
0.338236
1.098
1.33708
2.03198
2.21053
-0.471887
-0.49929
-0.409087
-0.38431
-0.245276
-0.110947
0.600862
0.434274
0.411457
-1.24654
-1.47783
-2.53236
1.35442
0.578717
0.7984
0.716332
-1.30024
-1.31545
-1.51732
-1.16814
-1.30558
-1.25108
-1.42614
-1.39363
-1.56701
-1.35939
-1.51173
-1.4783
-1.68326
-1.52117
-1.43196
-1.38037
-1.49954
-1.68786
-1.34744
-1.33479
-1.47633
-1.40089
-1.46104
-1.33339
-1.52295
-1.50734
0.500873
1.74284
1.95421
-1.725
-1.53272
-1.86682
-1.89442
-2.1704
0.833827
0.467582
0.812575
1.03534
1.05557
0.525656
0.538446
1.14513
-2.21591
1.79949
1.69864
1.37879
2.64931
2.09874
-0.147533
-0.156575
-0.00876388
-0.192783
-0.204015
-0.184392
1.48198
1.36174
1.57232
1.39464
1.50609
1.31001
1.57566
1.12231
1.4226
1.67939
1.3303
1.25595
1.77128
-0.190562
-0.512031
-1.65372
-1.43452
-1.36247
-1.47343
-1.20292
-1.42807
-1.94649
-2.30375
-2.37778
-1.79702
-1.61976
1.1866
1.20778
-3.51171
1.99715
1.46206
1.67026
1.63313
1.38648
1.37062
0.815522
0.605233
0.839702
0.831078
-0.183521
-0.513423
-0.791616
-0.791226
-0.766259
-0.337616
-0.60144
-0.537031
-0.512145
-0.377016
2.42131
-1.2434
-2.57161
-0.309809
-0.345463
-0.857285
1.6573
0.997899
0.998813
0.940757
0.947791
1.33062
1.4323
0.919174
0.215515
-1.85646
-1.22628
-1.38658
-1.51546
-1.50822
-1.5678
-2.14899
2.39115
-2.47747
-2.85703
-2.32424
-2.4784
-2.78077
-0.838645
-0.880353
-1.0796
-1.1491
-0.998305
-0.784614
-1.26525
-0.791301
-0.628509
-0.671849
-0.567434
-0.547876
-0.802367
-0.598628
-1.00741
-0.51657
-0.711253
-0.776846
-0.790434
-1.05264
-0.890642
-0.807701
-0.745548
-2.8268
1.73089
2.21043
2.51026
-2.12738
2.22591
1.95132
1.87149
0.641281
0.0703977
0.499959
-3.43472
-0.97644
-0.857776
-1.00082
-0.733802
-0.805907
-0.951881
-0.985217
-1.19353
-1.02959
-1.13308
-0.879029
-0.80593
-0.878198
-0.594712
-0.675524
-0.919857
-0.946198
-0.466075
-0.781836
-1.36254
-2.38198
-1.85334
-1.46345
-1.9679
-1.72431
-1.45066
-1.12517
-1.89881
0.0965184
0.327453
0.494308
0.351402
0.480507
0.452772
0.31073
0.314533
0.208236
0.326078
0.702116
-0.0619383
-0.185277
-1.24159
-1.31199
-1.51544
-1.02767
-1.25727
-1.28987
-1.07779
-1.48419
-1.79109
2.5404
-1.5478
-1.43541
2.01317
1.55512
1.91833
1.49401
1.8036
-0.515213
-0.530511
-0.306825
-0.7142
-0.291287
-0.520534
-0.551157
-1.51789
0.63401
0.45504
0.63218
0.348815
0.691925
1.18701
1.18375
1.32931
0.813319
0.984853
0.759047
0.525717
0.602747
0.540435
0.350352
1.19847
0.927737
0.832549
0.747374
1.00112
0.811873
-1.17592
-1.31094
-1.71947
-1.16851
-1.0451
4.17517
1.13485
0.912768
1.11357
1.09911
0.292172
0.109408
0.18001
0.452071
0.370959
0.386427
0.390788
-0.216274
-0.206541
-0.0773035
-0.151549
-0.296351
0.0762014
-0.225191
-0.0798402
0.0689159
0.154693
0.0482522
0.255295
0.0411761
-0.0989653
-1.86731
1.2336
1.2861
1.25746
0.173884
0.299312
0.12745
-0.0421652
0.346241
0.237243
-0.145708
0.352889
0.2759
-0.220331
-0.246759
-0.120415
-0.335638
-0.295439
-0.427744
-0.314917
-0.406727
-0.128064
1.38511
-2.32314
2.53562
1.7161
1.82557
0.15971
-0.391518
-0.134811
-0.359216
-1.26645
-1.35539
-0.890822
-0.250667
-0.415314
-0.462523
-0.467985
-2.39893
-0.131089
-2.50201
-2.43527
-0.795377
-0.818129
-0.99019
-0.683704
0.972463
0.876652
0.128769
-0.144217
0.0465472
-0.0565096
0.63963
0.63566
0.655571
0.725384
0.768066
0.861869
1.09363
0.79187
0.839001
1.05769
0.962522
1.2452
0.712485
0.80761
0.586579
0.902868
0.686286
1.30585
0.818719
0.679919
0.764329
0.966056
1.09195
-3.6287
1.04499
1.24524
-1.29436
-0.975022
-1.1151
-0.979523
1.59259
1.17261
1.46434
0.862108
1.36158
1.39043
1.43497
-0.410449
-0.141543
-0.220189
-1.34064
-1.89259
-1.88711
-1.50817
-0.727412
-1.0155
-1.36084
-1.54889
-0.350437
-0.157999
-0.232336
-0.241826
-0.346841
0.00397807
0.574027
0.395921
0.484736
0.47366
-2.4318
-2.18716
0.360104
0.336188
0.445051
0.00729701
0.216362
0.175836
1.19591
0.430109
0.573348
0.755908
2.71684
-0.621325
-0.790813
-0.789694
-0.565654
-0.529928
-0.44678
-0.805601
-0.711698
2.08574
-0.638123
-0.419732
-0.622087
-0.353202
-0.579754
-0.529233
-0.704178
2.23031
1.72918
1.96639
1.36761
1.86986
1.75794
1.97299
-2.08684
-1.93415
-2.06626
1.01221
1.0426
0.823277
0.898722
0.773452
1.11698
1.2243
1.01763
0.797364
0.935331
0.999597
-0.167269
-0.122079
0.04257
0.116319
-0.162328
-0.442986
-0.476479
-0.401632
-0.0524606
-0.147949
-0.309404
-0.5514
-0.0709488
-0.332904
-0.244652
-0.35913
-0.457067
-0.271209
-0.124797
-0.109398
-0.289305
0.0607894
-0.0988677
-0.0936288
-0.344805
-0.190439
-0.437377
-0.317647
0.0594223
-0.419839
-0.420334
-0.361633
-0.355579
-0.288437
-0.271161
-0.285143
-0.397138
-0.24066
-0.281777
-0.333495
-0.234022
-1.63224
0.697738
0.662584
0.57451
3.60774
0.827159
0.876199
0.68041
0.854919
2.2385
-0.979077
-1.58187
-1.54586
1.84605
-2.13233
-1.46975
2.11811
2.23167
2.27308
1.51942
1.3052
1.38381
1.70261
-0.884452
-0.832975
0.647328
0.933171
3.2043
-2.27036
-1.44535
-1.36047
-1.48626
-0.910631
-0.830505
-0.788502
-1.49953
-1.61966
2.58652
-1.22002
-1.62802
1.87872
0.712533
0.525538
0.477319
0.586178
0.954262
0.434599
0.711753
-1.90607
-1.87658
-2.00004
0.171156
0.346292
0.293814
0.335994
-0.250151
-0.286578
-0.179492
-0.115389
-0.218088
-0.176656
-0.160632
-0.0430099
-0.0978833
-0.0247531
-0.209605
-0.368212
-0.557281
-0.681893
-0.573866
-0.51343
0.0224782
-0.0449861
1.892
1.31177
1.54213
-0.245352
-0.442237
-0.41593
0.0599966
-0.101232
-0.310807
-0.249879
2.41808
1.79109
2.15698
1.72187
1.44193
-0.956539
-1.25985
-0.824026
-0.832878
-0.868693
-0.644461
-0.678433
-0.65658
-0.943346
1.4853
-0.252123
-0.241558
-0.221799
-0.367123
0.981623
1.2309
1.29583
1.23724
1.15044
1.20262
-1.41693
-1.24717
-1.39958
2.98583
1.44083
1.33488
1.49982
1.78547
-1.19434
-1.54695
-1.65152
-1.71926
-0.488127
-0.261012
0.340609
0.673415
0.438889
0.45106
0.43361
0.384855
-1.45251
-0.992242
-0.952566
-3.35816
1.68567
-1.11363
-1.15229
0.479865
1.70262
1.76257
-2.16925
-2.24971
-1.95625
-2.3739
1.33991
1.37158
2.5831
2.71009
2.3066
0.138654
0.456163
0.00801584
0.198057
0.273296
-0.0404212
0.0944443
-1.45738
-1.2771
-1.62821
-1.60402
-1.88827
-2.264
-2.52123
1.40887
0.621238
0.578119
0.58652
0.491315
0.477023
0.710041
0.569961
0.87532
0.467079
0.661343
0.630754
0.646531
0.438059
0.471586
0.51116
0.744444
-0.186266
0.096521
0.425656
0.487788
-1.09469
-1.97733
-1.66879
-1.88042
-1.56059
-1.74948
-1.87469
-1.95715
-1.97707
-2.68117
-1.68244
-1.37811
1.61804
1.17913
1.38716
1.54028
1.29064
-0.755147
-0.367106
-0.313621
-0.414486
-0.520501
-0.727903
-0.57953
-1.32827
-1.68188
1.00013
0.956303
0.882411
-1.29513
-1.3994
0.104573
0.0479059
0.243673
0.179547
0.158152
-0.0941455
0.294083
0.175757
0.226968
0.163496
-0.0720257
-0.0732751
-0.953647
-2.33323
2.86663
1.79867
-1.43295
-1.74854
-1.5129
1.52344
1.4838
1.48366
2.78411
-2.31019
2.54779
-2.31929
-2.56321
-2.00374
-1.93186
-2.23193
2.35939
-2.76786
-0.51527
-0.601158
-0.622795
-0.571505
-0.151148
-0.639066
-0.5642
-2.54038
-1.91028
-2.27194
-2.60191
-0.462731
-0.184982
-0.100132
-0.241937
-0.600884
-0.179432
-0.26963
-0.34223
-0.411982
-0.675191
-0.138712
-0.393141
-0.388532
-0.4068
-0.150246
-1.79847
-1.86993
-1.92518
1.05846
1.08659
0.699862
0.81953
0.868879
0.916261
1.12541
0.525405
0.536639
0.753397
0.626492
0.839875
2.4943
-0.534434
-0.0277678
-0.0399257
-0.0345663
-0.608776
-0.626279
-0.472726
0.90788
-1.47257
-1.33995
-0.550831
-0.465008
-0.251956
-0.352341
-0.458283
-0.678473
-0.446751
-0.360465
-0.546356
-0.355212
-0.49876
-0.742192
-0.510322
-1.74636
-0.411534
-0.628825
-0.344476
-0.321227
-0.107795
-0.530294
-0.62006
-0.606259
-0.752983
-0.71212
-0.293665
-0.35372
-0.0766162
-0.0608171
-0.407716
-0.297079
-0.441274
-0.119639
-0.475298
-0.18035
-0.352651
-0.176141
-0.17283
-0.1562
-0.158404
2.29784
1.50044
1.61108
1.74529
1.62763
1.68337
1.45478
1.49334
1.36429
1.29752
1.36218
1.68993
1.51222
1.52343
1.55521
-2.24035
-2.42565
2.81259
-2.05153
1.20596
1.72447
1.82067
1.55152
1.84489
1.66611
1.56556
1.54249
1.81107
1.77928
1.85011
0.595762
0.250351
-1.28413
-1.13088
-1.10505
-0.932478
-1.11278
-2.9443
-3.59632
1.92764
2.15691
0.484809
0.497137
0.318768
0.420108
-0.0120956
0.12604
0.202349
0.201017
0.224852
-0.324433
0.26692
0.542018
0.210723
0.542807
0.394988
0.142543
0.0465025
0.0866056
-0.0505101
-0.180556
-0.0623642
0.112662
0.169618
2.5134
-3.549
1.04117
-0.407331
-0.339087
-0.70999
-0.533817
0.391267
0.45397
-0.78199
-1.00378
0.752649
0.779207
2.13698
-0.801573
2.14627
0.777268
0.829466
0.970776
0.578519
0.814752
0.724808
-0.98733
-0.995807
-0.781293
-1.08099
-1.25346
-1.23296
-1.02033
-0.940006
-0.827294
-1.16023
-1.11765
-1.24336
-1.15348
-1.26457
-0.113456
-0.198392
-0.213736
-0.307648
-0.37786
-0.289966
-0.223891
-0.304433
-0.389012
-0.584725
-0.484514
-0.164619
-0.232884
-0.430984
-0.167786
-0.293576
-0.160623
-0.343585
-0.217808
-0.0101993
-0.258863
0.00421223
-0.37189
-0.0316269
-0.222073
-0.0022063
-0.283146
-0.45839
-0.353206
-0.293495
-0.601546
-0.473375
1.29351
1.79574
-1.4929
-1.6145
-1.56599
-1.5129
-2.1805
-1.3501
2.69665
2.18004
2.07528
2.58071
-2.0444
-2.46545
-2.2195
-1.96205
2.51119
2.36065
0.87329
1.0121
1.03616
1.2181
-0.166955
0.0143408
0.0780353
0.00071907
0.00819609
0.0402769
-0.0419583
-0.0595089
0.0241361
-2.74387
0.595681
1.15954
0.092598
0.161134
0.101821
0.0495872
-0.258276
0.370142
0.0541048
0.1698
0.054211
0.107039
0.169846
0.141427
0.157691
-0.0437593
-0.0263862
-0.568383
-0.978872
-0.964375
-0.690432
-0.642782
-2.30536
-0.252109
-0.0352665
-0.0957552
-0.225365
-0.144517
-0.0964895
0.076797
-2.51189
1.68596
1.59323
1.57804
1.54416
1.75855
1.36774
1.51938
1.68369
1.45741
1.87611
1.8211
1.99809
-2.64088
-1.83818
-2.00131
1.84159
1.99369
1.67411
3.5394
-0.122184
0.16372
0.219079
-0.109556
-1.20696
-0.965084
-0.748976
-0.786109
-0.451796
-0.743061
-0.617587
-0.861665
0.618502
0.432502
0.349668
0.284356
0.455002
0.313636
0.390129
0.627481
0.762146
0.0406461
0.138798
-1.25991
-1.10003
-0.790155
-0.79176
-1.13784
-0.962914
-1.09489
-0.721326
-0.995409
0.400444
0.423304
2.15323
-1.06412
-2.00879
-2.24613
-0.737619
0.132738
-0.16845
-0.0442394
-0.0122124
-0.134734
-0.244099
-0.127717
-0.327292
-0.222502
-0.247742
-0.273615
-0.0827614
-0.19902
-0.783078
-0.510338
-0.494798
-0.528017
-0.406665
-0.311955
-0.744992
-0.256736
-0.2723
1.06662
0.650818
1.29135
0.788968
1.35417
0.900048
2.78669
2.48371
0.870539
0.871784
0.671139
0.931295
-2.3074
-2.56684
-1.42541
-1.75742
-0.491347
-0.762936
-0.577782
1.89933
0.780728
1.08494
0.714466
0.872405
0.438553
0.539823
0.467218
0.716375
0.25821
0.568841
0.267179
0.694647
0.0942214
0.133137
0.388395
2.20066
-0.633509
-0.65448
-0.505865
-0.942891
0.202074
0.00558782
0.00669107
-0.0270608
0.0572808
1.86643
2.28389
1.92176
-1.45344
-2.75714
1.11724
1.03668
0.676133
0.533346
-2.12006
-2.18936
0.345341
-0.4159
-0.385684
0.306224
2.83571
1.68131
1.76109
1.88633
1.96397
1.61083
-2.05509
-1.75697
-1.16269
-1.33857
-1.3771
-1.84597
2.39352
2.33082
3.19552
2.55408
2.41404
2.19366
-0.200972
-0.270926
-0.156922
-0.168675
-0.228975
-0.235094
-0.316839
-1.42332
-1.47892
-1.14789
-1.31989
-1.45101
-1.57847
-1.64334
-1.67353
-1.16009
-0.821387
-1.24944
-2.72627
1.43525
1.41221
1.90953
0.347372
0.434474
0.286117
1.69376
-1.45629
-1.42481
-1.54711
-1.04568
-1.11617
-1.62016
-1.30331
-0.237539
-0.232189
-0.391807
-0.446086
-0.391965
-0.395769
-0.363291
0.620756
0.578494
-3.03955
-0.231632
-0.309138
-0.173228
-0.239575
-0.212891
-3.04495
-2.44176
-2.39805
0.657182
0.815716
0.647745
0.632801
0.391501
0.608672
-1.66459
-1.74398
-2.48961
-2.44526
2.3556
-1.53755
-1.77004
-1.23866
-1.19942
0.0544514
0.254724
0.0462836
0.347076
0.558437
0.394456
1.28329
0.998493
0.900375
0.728503
-0.846886
-1.26322
-1.13925
-1.08224
-1.01509
2.52235
-3.99006
-1.88662
-1.35363
-3.57041
-0.663078
-1.6389
-1.66234
-1.35046
-1.45611
-1.20687
-1.04557
-1.04669
-1.11174
-1.11539
-1.1506
-1.10033
-1.47727
-1.3752
-0.918877
-0.988583
-1.00572
-1.10006
-1.03703
-1.06649
-0.870278
-1.20926
1.22385
1.69389
1.55432
1.46075
0.48999
0.707458
0.405475
0.837263
0.531899
0.768995
2.69845
-0.199607
2.47769
2.37173
2.32683
2.1801
-0.0878877
-0.305676
-0.118992
-3.04451
-1.20175
-1.49706
-1.25338
-1.48981
0.976708
-2.134
-2.14396
-0.831871
-0.544174
-0.564844
-0.320862
-0.299534
-0.421021
-0.194979
-0.0899052
-0.564439
-2.29155
-2.73194
-2.51437
0.391947
0.63493
0.931341
1.35699
1.52892
-0.110466
-0.230585
-0.0925894
-0.19944
0.196157
0.286796
-0.187899
0.967684
1.26641
0.946511
1.56553
1.1368
0.540217
0.663018
0.0557597
0.0592749
0.258919
0.0839756
0.160129
0.182629
1.56523
-2.62432
1.10178
1.19419
1.57423
1.10947
1.32807
1.05387
1.42451
1.19457
2.77359
0.815775
-2.12435
-2.1158
0.170447
0.15521
-0.170584
0.0412488
-0.0697002
-0.0280097
0.311835
-0.0255829
0.0674451
0.19894
-0.103685
-0.0856518
0.0357856
-0.0477575
-0.236312
0.110713
-0.0403731
0.196671
-0.0446103
0.101304
0.163165
0.0236565
0.0209387
-1.17222
-1.28976
-0.921337
-0.817107
-0.877476
-1.40675
-1.54597
-1.40756
-2.0113
-1.49909
-1.40151
-1.70513
-1.65097
-0.0326564
0.148766
1.53141
1.32579
1.3491
1.28294
1.49531
1.24873
1.07815
1.20349
0.874757
0.781852
0.835013
0.525158
0.543057
0.517537
0.367619
0.556681
0.354603
0.551988
0.608679
0.813479
0.332877
0.159832
0.265261
0.50415
0.705978
0.735988
0.414004
0.732018
0.602459
0.645004
0.544516
0.79842
0.818929
0.886784
0.629584
0.552897
0.47841
0.635894
0.505788
0.729195
1.01954
0.766372
1.10056
1.00858
0.797018
0.815173
0.642348
0.861084
-1.77033
-2.01188
0.370717
-0.482493
-0.249333
-0.406692
-0.612581
-0.138491
-0.502068
-0.424195
-0.415744
1.74558
1.78854
-0.813378
0.0153683
0.0382243
0.0561575
0.0859219
0.0886672
0.574751
0.368908
0.447063
-0.199178
-0.0449582
-0.201715
0.202172
0.288839
-0.809231
-1.04448
-1.30407
-1.0156
-0.955718
-1.26588
-1.06168
2.46407
-0.566299
-0.195527
0.0311801
0.126335
0.0867774
0.235518
1.94985
1.85223
3.28169
-1.62847
2.52781
1.04617
1.00563
0.987337
-1.2043
-0.979
-1.16529
-0.227781
-0.0543718
-0.369995
-1.66709
-1.26529
-2.01706
-0.791365
-1.0887
-1.18335
0.126898
-0.349952
-0.140972
-0.289381
2.43429
0.786931
1.03865
1.55889
1.09973
1.0086
1.1229
1.21278
1.43495
1.04209
1.15098
1.41198
1.26919
-4.02158
-1.69659
-1.04094
-0.93159
-1.0546
-1.26711
-1.30874
-1.05177
-1.15634
-0.971359
-1.01444
-1.31949
-1.03502
0.730785
-2.3896
0.10521
-0.156942
-0.067912
-0.00794518
0.184145
0.06825
-0.00103634
-0.106666
0.152346
0.183925
-0.0583302
-0.159291
0.0113993
0.0616065
0.375746
0.291343
0.342629
0.319849
0.235975
0.0207717
0.290151
-0.00824109
-0.0343863
-0.0609609
-2.10486
0.590028
0.533376
0.433264
0.550762
2.43832
2.54597
2.76911
2.30855
0.817574
0.700056
-2.00034
2.97125
0.662742
0.296243
0.344104
0.778197
0.462598
0.467675
-0.71473
-0.470244
-0.781342
-0.645079
2.45196
2.43069
0.124738
0.334668
0.445852
0.352395
0.0483131
0.38056
0.025558
-0.161927
0.317387
0.31314
0.311315
-1.36597
-1.2674
-0.984384
-1.09651
-1.48596
-1.4386
-1.22485
-0.787806
-0.0943113
0.080452
-0.167363
1.23997
1.78769
1.34669
-0.963722
1.53554
1.49367
1.75309
1.7344
1.58563
-1.51096
-1.74223
-2.03631
-1.99634
-1.97236
1.182
1.00628
1.12617
1.0454
-0.936154
-0.755401
-0.747537
-0.957663
-0.757064
-0.821392
-1.04228
-0.950809
-0.849145
-0.68729
-1.40824
-1.08935
-0.991152
1.57095
-1.10618
-1.15238
-1.34059
-1.24884
-1.09549
-0.558174
-0.927211
2.80163
-2.12196
-2.31527
-0.47749
0.156733
0.263124
-0.014678
0.0833034
0.435331
0.261806
0.162354
0.138318
0.130982
0.149962
0.140399
0.409169
0.225162
0.258625
2.47547
1.01075
1.10228
0.958827
0.732369
1.16611
0.716218
1.04463
0.915359
0.868007
0.977605
1.17661
0.721675
-0.47182
-0.203442
-0.157393
-0.564873
0.935312
0.914369
3.04231
0.208048
0.496737
0.303929
0.106815
0.348448
0.706364
0.192792
0.275115
0.321429
0.296851
0.769681
0.453257
-1.05088
-1.31972
-3.20882
1.1453
0.882649
-0.0532176
0.121715
-0.268622
5.10316
1.0125
0.890521
0.869141
0.478899
0.708412
-0.501821
-0.337325
-0.514303
-1.68898
-1.94522
0.242524
0.513639
0.131948
0.270801
0.102969
0.735863
0.769958
0.719194
0.454799
0.681118
0.568805
-0.774601
-1.72663
2.84022
3.28725
0.92097
1.0886
0.953019
0.9025
1.17426
1.1403
0.376469
-2.68878
0.614108
0.60292
0.644343
0.639803
0.247045
0.362635
0.354369
0.427061
0.657146
0.399625
-2.49226
-2.54755
0.737769
0.585775
-2.39691
-2.14512
1.47509
1.46701
-1.58325
-1.27825
-3.80049
0.998429
1.24084
0.635571
-0.417159
-0.593045
-0.212303
-0.27378
-0.655067
-0.831783
-0.63353
0.605361
-1.23888
-1.41658
-0.869731
-1.08321
-1.08418
-1.20235
-0.791064
-1.48686
-1.00621
-1.45679
-0.946252
-1.14596
-0.720133
-0.869403
-2.04562
1.37252
1.16153
1.39346
1.7367
1.68414
1.86953
1.30979
1.1365
-2.04458
0.880543
0.984082
0.842862
0.774477
0.750193
0.769001
1.00532
0.845257
1.14308
1.02635
0.915758
1.2462
0.989092
0.833256
1.26157
1.85395
3.01197
2.40847
1.90724
2.11377
-2.61852
1.15897
0.91212
1.09325
1.03582
1.43687
1.06689
1.2026
0.147841
0.228671
0.160909
0.0778182
0.0559297
0.373951
-0.113676
-0.200552
-0.196694
-0.390177
-0.170218
-0.217705
0.0881411
0.061205
0.041562
0.10502
1.44195
0.479422
0.730856
2.99423
2.96603
3.48624
3.05457
0.175025
-0.20633
0.275569
0.180946
-0.110631
-0.414653
-0.203712
-0.380085
-0.115369
0.639684
0.720875
0.658104
0.830079
-0.983781
-1.17492
-0.0389286
-0.161804
-0.263889
1.34961
1.23477
0.755171
0.674303
0.296908
0.38572
0.481667
0.566638
0.486585
0.399352
0.41074
0.31771
0.366289
0.455514
-0.494394
-1.07488
-0.830747
-0.365341
-1.0341
-1.0752
-1.15981
-0.667032
-0.851792
-1.10962
-1.2455
1.33999
0.473968
0.208543
0.207526
0.310095
-0.357987
1.33504
1.23635
-0.845765
-0.836752
-1.15518
-0.91601
-1.25457
-1.44761
-1.16998
1.19146
-1.20876
-1.44774
-1.75677
-1.15761
-1.5921
-0.26046
-0.383281
-0.310144
-0.305391
0.00817874
-0.00148242
-0.0251566
-0.278837
-0.125111
-0.302058
-0.22614
-0.102873
-0.998801
-0.930239
-1.06374
-1.75327
-1.91013
0.528014
0.264151
0.314253
0.132399
0.254198
0.399496
0.731493
0.463721
0.464976
0.443956
0.517266
0.776865
0.297733
0.386864
0.561065
0.345895
0.886136
1.11744
1.21233
1.12972
1.23334
0.487548
0.507562
0.460882
0.459401
0.498785
0.478362
0.787125
0.551456
2.78835
-2.54368
-4.02599
0.419872
0.268796
-1.36899
-1.22549
-1.03297
-1.29374
-0.991863
-0.899374
-1.35373
2.55229
2.14541
1.26048
-1.03699
-0.471851
-0.980613
-1.00978
-0.879612
-0.887361
-1.07203
-1.00258
-0.85482
-0.990196
-0.950442
-1.29392
-1.21533
-0.749903
-1.04553
-0.90768
-0.748356
-1.03581
-1.10519
-0.936937
0.432347
-1.0107
-1.02628
-0.628175
-0.734555
-0.509906
-0.723616
-0.611662
-1.04856
-0.823749
2.27927
2.70669
-2.32032
-2.89175
0.0403531
-0.129131
0.0630003
0.296082
0.273069
-0.139162
0.115578
0.120538
0.164641
-0.299775
-0.264068
0.198557
0.234427
-0.208811
-0.223728
0.0808794
-0.225676
0.0775853
-0.0918349
0.0248242
-0.133297
-0.12722
-0.168125
-0.226328
-0.0772771
-0.0433594
-0.0330545
0.916541
0.897203
-0.126981
-0.388114
0.275098
0.197144
0.973251
1.12403
0.840124
0.681436
0.926186
0.874148
0.829426
-0.193837
-0.444248
-0.371329
-0.350882
0.136572
-2.11496
-1.90154
-1.80043
-1.58588
1.07893
0.940847
-0.574912
-0.551773
-0.339259
-0.218248
-0.24574
-0.42037
-0.49247
-0.322735
-0.411577
-0.685627
0.223094
0.0834507
0.409734
0.308884
0.345901
0.320773
0.391057
0.223778
0.194666
0.24558
0.140296
0.40947
0.271275
0.0590732
-0.0111516
0.442582
0.123125
0.10266
0.267663
-1.64665
-0.700593
-0.671921
-2.53159
-2.01162
-2.35965
1.24126
1.17243
0.928418
1.09746
1.06538
-0.827891
-0.791051
-0.759231
-0.736308
-0.886015
-0.586244
-1.07051
-0.983535
-0.719683
-0.658875
-0.982419
-0.857385
2.57731
-0.80616
-0.779113
2.005
1.62212
-1.25522
-0.993902
-1.20625
-1.27725
-2.9066
-1.18783
-1.54896
-0.753295
-0.858746
-0.375908
-0.458926
-0.538843
-0.322774
-0.233742
-0.522226
-0.724106
0.584315
0.377921
0.18298
0.309763
0.458981
-1.19658
-1.00125
-0.842355
-1.11019
-0.995241
-1.00031
-1.29308
0.182189
1.08736
1.17431
1.22385
1.0496
1.00204
0.949663
-0.379989
-0.237732
-0.024093
-0.340901
-0.0469613
0.802544
0.832113
1.0482
0.861246
1.17973
1.1382
1.98241
1.45894
1.94783
1.52275
1.60591
1.61982
1.55047
1.73058
2.02943
1.94596
-1.72087
-1.50362
1.87851
1.97339
2.14225
0.846334
1.09867
-2.17873
1.53505
-2.23618
-2.02616
-2.28915
-0.929431
-1.27586
-1.53441
-1.3017
-1.13131
-1.17434
-1.35316
-1.13999
-1.22791
-1.41451
0.504541
0.181635
0.250927
0.342491
-0.943927
-0.748005
1.52538
-2.68351
1.91614
1.86082
1.59864
1.67878
1.59024
1.67481
1.63081
3.16971
-3.19339
-3.21275
1.56415
0.788035
0.790927
0.830526
1.00052
-2.43779
-0.451625
-0.590892
-0.552346
-0.527423
-0.621125
-0.52856
-0.38334
-0.690851
-0.425987
-0.470084
-0.52489
-0.593263
-0.323219
-0.716209
-0.63647
-0.890946
-0.422173
-0.612636
-0.391814
-0.435044
-0.2817
-0.117129
-0.522186
-1.24942
-1.56392
-1.14946
-0.934401
-1.25714
0.534599
0.609868
0.395111
0.677263
2.27038
-3.00039
-2.7109
-2.77381
0.880221
1.08148
0.732481
0.711594
0.592255
0.698125
0.624887
0.78512
0.780811
0.733164
0.864265
0.510444
0.837766
0.768371
0.690894
0.915296
0.846853
0.880359
0.696976
0.947419
-1.77891
-1.77378
1.55972
2.11295
2.94516
0.452758
0.114303
0.114175
0.00415772
0.455613
0.280337
0.221427
0.134333
0.382181
0.265419
0.116933
0.277502
0.241277
0.180238
0.211801
-0.0368426
0.301672
-0.0831455
0.308113
0.548088
0.348844
0.0992379
0.298302
0.43997
-1.31979
-1.35638
0.673682
1.49252
3.16964
3.16744
-1.6516
-1.54962
-1.1915
-0.19134
-0.376611
-0.350015
-0.126406
-0.379252
-0.271734
-0.465792
-0.344821
-0.569193
-0.390848
-0.842195
-0.26369
-0.0580572
-0.712596
-0.354431
-0.205216
-0.193017
-0.164669
-0.468413
-0.527359
-0.508248
-2.37051
-2.48151
0.681674
0.763776
1.06091
1.15663
-2.34854
-2.52201
-2.57931
-0.823897
-0.637429
-0.686764
-0.782864
-0.943973
-0.743453
-0.604791
1.41629
-0.966537
-0.740017
-1.14571
-0.949075
-1.05582
-0.943363
-0.621211
1.03989
0.919379
0.913147
1.35674
1.33696
-2.56635
-2.49517
1.84218
0.0825629
-0.168785
-8.60587e-005
0.0340158
-0.0768492
-0.164625
-0.209993
-2.26181
-2.27281
1.73477
2.01052
2.25781
1.1148
0.94388
1.01918
0.994851
1.03878
0.845669
0.937722
0.797991
1.11318
0.32395
0.424591
0.121091
-0.294099
-0.0610298
0.18223
0.340151
0.00838935
0.140937
-0.210815
0.0176751
-0.073638
0.402145
0.175155
0.33481
0.112979
-0.0209458
0.504448
0.351207
0.0268436
0.192531
0.219148
0.340944
0.193796
0.311553
0.0552376
0.224437
0.190731
0.211911
-0.0169057
-0.0554883
-0.0344916
0.297811
0.517138
-0.37952
-0.116611
-0.0789172
-0.160262
-1.65366
-1.73165
-1.71247
2.05518
1.3143
1.39299
1.24711
1.41037
1.05458
1.2755
1.28769
1.04985
1.13444
0.992167
0.937595
1.26461
0.812722
1.23457
1.27781
1.17098
-2.34698
0.128994
0.172334
0.160319
-0.00118878
-0.00951436
-0.0345137
0.154142
0.309111
0.366607
-0.145442
-0.108806
-0.0556017
0.0298085
0.160449
0.0568857
0.0438463
0.129629
0.176101
0.255795
-0.0815358
0.0781787
-0.178854
-0.071
-0.074754
-0.0951183
0.0269136
-0.0287475
0.239729
-0.00437388
-1.30822
3.47872
-1.83932
-1.88802
-1.64794
-2.25212
1.94431
2.56358
1.04818
1.14763
0.576321
1.60862
1.81056
1.28339
1.9741
1.86388
1.51077
1.95908
1.99883
0.734891
1.26492
-1.77725
0.458914
0.58442
0.336723
0.789327
0.370071
0.215412
0.500357
-0.00857337
0.534449
0.433505
1.00482
1.01016
0.702092
1.00424
0.792979
-1.04742
-1.03475
-0.836936
0.6564
3.00628
-1.42962
0.998265
1.27448
0.907081
1.1229
1.30771
1.1986
1.45946
-3.13745
-2.76434
-2.51075
1.5643
1.56831
2.02443
1.68153
-1.49989
-1.64159
-1.46369
-1.48516
-1.44617
-1.16542
0.326457
0.00366814
0.00451141
-0.00901893
0.0432639
1.80328
-0.106195
-0.0227616
0.092023
0.348605
0.126007
0.675114
0.844497
-1.532
-2.06388
-1.51527
-0.761851
-0.832627
-1.03736
-0.911954
-1.25193
-1.12094
-0.881356
-0.845877
-0.503715
-0.780581
-0.837864
-0.969106
-0.952823
-0.753488
-0.706644
-0.763097
-0.973304
2.21039
0.549561
-1.58388
-1.44425
-1.49335
-1.2415
-1.86918
-2.12776
0.0645234
-0.00169158
-0.0191382
0.00668193
-1.51254
-1.82394
-1.63995
0.664366
1.51669
1.97989
-1.89192
-1.85067
-2.36009
-2.08404
-2.24121
2.21078
-0.359951
-0.0837359
-0.255247
-0.0818628
-0.383606
-1.54071
1.04128
1.48565
-2.23686
-2.13162
0.311079
0.180858
-0.0413643
-0.214122
-0.465358
-0.394036
-0.294446
-0.727256
0.116657
-1.96998
-1.80258
-2.67356
1.15732
0.823055
0.08281
0.429922
1.22784
0.615865
0.885388
0.854252
0.815567
0.449092
0.867528
0.894183
0.816443
1.21039
1.36181
1.20681
1.53934
-0.125114
-0.281294
-0.296829
-0.487188
-0.342759
-0.247055
-0.552119
-0.511572
-0.408334
1.87834
-0.647941
-0.369291
-0.551758
-0.441869
-0.462258
-0.545968
-0.631577
-0.637683
-0.663914
-0.439541
-0.571482
-0.564166
-0.696839
0.993739
0.75373
0.832736
1.05368
1.03565
-0.174059
-0.0778637
1.2834
1.64044
1.65039
1.34315
-1.38679
2.02201
2.01836
1.76942
1.81407
1.99517
0.651752
-2.48832
-3.50874
3.17505
-3.32068
0.539721
0.475913
0.427629
0.312334
0.419343
0.919077
0.748197
0.784148
-2.55105
0.145676
-0.135858
0.139886
-0.173963
-0.180786
0.344274
0.675173
0.811959
0.20754
0.39372
0.199697
0.363254
0.304689
0.21116
0.26365
0.273634
0.353888
-1.12942
-1.11697
-1.17955
0.507859
0.482612
0.512483
-1.30032
-1.54003
-0.72973
-0.785013
-1.50856
-1.12348
-0.804448
-0.782619
-0.999678
-1.16553
-0.857569
-1.32253
-1.229
-1.20153
-1.2274
-1.31071
-0.502088
-0.420009
-0.914166
2.42159
2.02661
0.205042
0.0277254
0.18425
0.488137
0.385483
0.50297
0.248947
0.28635
0.518977
0.388047
0.480153
-2.40565
-1.60384
-1.33705
1.44363
1.52345
1.27302
0.2633
2.29791
0.20567
-0.0254121
-0.0798083
0.0222283
0.157505
2.81269
2.88364
-3.24254
-3.04511
-0.0761339
-0.142704
0.155086
0.00470107
-0.00848048
0.379302
0.207596
0.179192
-0.111273
-0.101985
-0.0768918
-0.139638
-0.081173
-0.0425963
-0.117673
-0.231628
-0.139045
-0.229219
-0.0229622
0.0629968
-0.0393153
-0.288821
-0.250877
-0.189983
-0.360787
-1.16964
-1.2712
-0.949476
-1.1281
0.120896
0.203799
0.0984923
0.213246
0.296417
1.63655
1.83588
-0.469524
-0.513634
-0.335167
-0.300299
-0.319062
-0.711471
-0.186873
0.120394
-0.0593189
-0.113452
-0.278721
-0.188958
-0.393474
-0.448472
-0.394069
0.142405
0.19093
0.169691
0.0974551
0.013207
-0.284355
0.0548533
-0.0225806
-0.152958
0.0470205
-0.0637817
-0.0936579
-0.116019
0.0443505
-0.233315
1.77986
2.02578
2.01027
2.79671
1.74458
1.63798
0.382889
-0.792306
-0.418261
-0.634541
-0.496644
-0.437389
-0.211285
-0.547339
-0.145411
-0.203254
-0.262579
-0.396081
0.72622
0.714827
2.02421
0.180351
0.421574
-0.239381
0.365676
-0.092919
-0.104732
0.151371
0.32895
0.341643
0.0455939
0.048606
-2.12541
-1.93591
2.94216
-2.31682
-2.37889
-0.28798
-0.483855
-0.424686
-0.604901
2.24863
-1.69997
-1.98482
-2.346
2.63101
-0.0947287
0.0236647
0.288295
-1.38309
-1.08082
-1.20609
2.10907
-0.803631
-0.945161
-0.731488
-0.917067
-1.02447
-0.798466
-0.74813
-0.722571
-0.875682
-0.327925
-0.17009
-0.386473
0.0265696
-0.0662207
-0.11151
-0.167529
-0.00588656
-0.459115
-0.441471
-0.23988
-0.392874
-0.360604
-0.196389
0.0313955
-0.240182
-0.130783
-0.149283
-0.269354
-1.0153
-1.15306
-0.911005
-0.308228
-0.00810507
-0.00309655
0.000751984
0.0906283
0.274889
0.386447
0.0878727
-1.2186
-1.1238
-1.06376
-0.558706
-0.318207
-0.257518
-0.745396
-0.364911
-0.185589
-0.438775
0.401308
0.566911
0.302894
0.553476
-2.39115
-2.51696
-2.33552
-2.17807
1.88814
2.00478
1.74761
0.783556
0.85056
0.445355
0.632127
0.701201
0.765516
-0.193932
-0.348953
0.0407758
-0.0379255
1.31066
0.971398
0.5319
0.451615
0.644303
0.895517
0.829189
0.847677
0.856737
0.861923
1.27084
1.50618
1.50852
-1.73941
-1.55964
-1.69524
-1.68666
-0.170296
0.0428626
-0.154108
0.0531272
0.116859
0.213443
0.388529
-0.0790576
0.118408
2.91257
0.256958
0.0571754
0.18134
0.129749
0.113747
-0.00681964
0.131767
0.145517
0.0189555
0.373952
-2.77121
2.67511
2.06559
2.43794
-1.25392
-0.946884
-0.966114
-0.786308
0.704384
0.411794
0.650676
1.48202
0.68344
0.988314
0.684203
1.27352
1.1881
0.869671
0.833017
0.702336
0.844446
0.911064
0.646716
0.90411
-0.126944
-0.267056
-0.495337
-0.553207
-0.656442
-0.784355
-0.578599
1.7588
1.4018
1.77239
1.49721
1.76528
1.12593
1.32622
1.55134
1.57389
1.35993
-3.72535
2.25619
-2.4936
2.34816
2.23068
1.77194
1.79324
2.34255
-2.2946
0.951022
1.74647
2.02704
1.85154
-1.53552
0.950667
1.1978
0.00407038
-0.0426322
0.0421232
0.0478299
0.0556728
0.148468
-0.295783
0.113831
-0.0475916
0.114902
-0.00128014
-0.160368
-0.0729583
-0.189062
-0.194707
-0.304501
-2.12095
-2.2569
-1.81637
-1.92934
-2.15
-2.30345
0.907034
0.908399
0.79187
2.0995
-3.11502
-2.88809
-1.74607
3.469
0.424217
0.352178
0.201824
0.0428993
1.52579
1.33674
1.43
1.95074
1.9066
0.536763
0.787439
0.716501
-1.63001
-1.71463
-1.84249
-1.51391
-1.69636
-1.67831
-1.65527
-1.46843
-1.26623
-0.342655
-0.0150252
0.171682
-0.0234336
-0.202565
-0.0530444
-0.150361
-0.104047
-0.225883
-0.195664
-0.26013
-0.322715
-0.0730544
-0.00377331
0.123157
-0.142834
-0.237672
-0.0989713
-0.297149
-0.0650294
-0.110431
-2.96107
-0.73888
-0.610745
-0.599159
-0.578247
-0.697091
-0.876725
-0.479481
-0.460433
-1.02429
-0.604644
-0.678727
-1.1362
-0.560592
-0.520608
0.385165
0.631887
0.725624
0.416846
0.330732
-0.0458235
0.326547
0.442329
0.49306
-0.780972
-0.577507
-1.01219
-1.01031
-0.993024
-0.81949
-0.73874
-0.830766
-1.0128
-0.974742
-0.499482
-0.655654
-0.304408
-0.267562
-0.903864
-0.187401
-0.515711
-0.79426
-0.635422
-0.930728
-1.22973
-0.982445
-1.14222
-2.2157
1.09552
1.12205
2.90602
-0.612568
-1.00797
-0.487415
-0.663031
-0.224169
-3.16205
-0.3582
-0.126247
0.073041
-0.0339897
-0.162703
-0.27366
-0.232119
-0.270916
-0.211025
1.70275
1.35275
1.58658
1.48951
1.49153
-1.69258
-1.55212
-1.6721
-1.76147
-1.50877
-1.52976
-0.123741
-0.316376
-0.226772
-0.342498
-0.336826
0.170338
0.024624
-0.0243275
-0.369732
-0.634309
0.424025
0.684997
0.49679
0.392777
0.25033
0.151278
0.172813
0.549301
0.322227
0.168635
0.319471
0.374454
2.34876
2.2401
2.93716
2.20006
1.74964
1.89374
-3.21457
1.43744
1.2818
1.2604
0.00784254
0.059264
-0.236628
-0.319644
-0.277836
-1.10086
-0.755939
-0.827434
0.71624
0.499965
0.582037
0.270485
0.163557
0.187733
0.675798
0.73921
0.734695
0.639448
0.0807557
-1.07272
-1.34551
-1.22273
-1.38576
-1.45169
-0.620764
-0.725849
-0.466533
0.00127388
0.0900939
0.0252996
0.142646
1.74713
2.11884
1.6838
1.46855
0.25267
0.585382
0.958249
0.86533
0.971805
0.827943
0.86801
0.8965
0.949752
1.0703
1.00029
0.795843
0.839124
1.12037
1.09386
0.655799
0.911083
-0.539005
-0.612192
-0.435582
-0.398959
-0.578626
-0.55614
-0.556957
-0.720118
0.268035
0.490228
0.234979
0.397091
0.18831
0.152402
0.373951
0.400396
0.187593
0.228433
0.156684
1.53545
1.26656
-2.10381
1.84437
1.87601
1.88426
1.64386
1.09689
1.28492
1.39925
1.32528
-2.87201
-2.16998
3.75642
1.3363
1.57939
-3.04793
3.01905
-2.24621
1.70049
-1.72764
-1.68897
-1.69364
2.07553
1.15909
1.07688
0.911963
0.813745
1.01103
-0.438162
-0.516315
-0.672544
-0.59664
-0.616392
-0.571196
-0.47344
-0.549415
-0.467041
-0.539148
-0.575578
-0.623496
-0.368962
-0.397678
-0.359959
-0.39654
-0.733775
0.553758
0.552735
-2.94875
-2.17666
0.635979
0.898081
1.03452
0.869583
0.812962
0.806406
-0.294414
-0.467704
-0.780869
-0.656022
-0.908909
-0.837365
-0.811459
-0.765784
-0.258314
-0.138657
2.4767
-3.29575
-0.604318
-0.633656
0.952161
-2.30969
-2.75229
0.255544
-0.263675
-0.367041
-0.229121
-0.20423
-0.349232
-0.515478
-0.415825
-0.495229
-0.218675
-0.171852
-0.430521
-0.5503
-0.354791
-0.338813
-0.306066
-0.822051
-0.647586
-0.528756
-0.798184
-0.701864
-0.982657
-0.537374
-1.15157
2.2612
1.86184
2.05142
-0.786068
-0.89557
-0.532861
-0.371256
-0.766425
-0.336725
-0.544495
-0.601334
-0.803196
-0.401021
-0.521276
-0.568457
-0.592504
-0.652143
-0.764995
0.551031
-3.69465
1.17757
1.30471
1.81983
-1.67123
-1.67298
-1.43033
-1.53824
-1.62781
-1.29295
-1.64849
-1.42762
-3.40493
0.00985599
-0.170609
2.66386
3.19593
3.27156
-2.32321
-2.11199
0.798596
0.491885
0.382946
0.541735
0.531964
0.822798
-0.448373
-0.612548
-0.689046
-0.706549
-0.757526
1.26863
0.89999
0.852264
0.761629
1.26323
2.35985
-0.0895827
-0.220508
0.13144
0.223366
0.0244715
-0.0248859
0.789221
-1.02783
-1.1198
-1.31331
0.294501
2.05798
-2.30271
-2.10159
-1.43227
-1.71074
-1.36815
-0.768651
-1.16885
0.634315
0.160798
0.33911
0.282799
0.368772
0.0694013
-0.0076923
0.52065
0.829456
0.259453
-0.314725
-2.26909
-2.42919
-1.91295
-2.0556
-2.11931
-2.21445
1.35237
1.5341
1.44853
-1.24288
-0.953086
-0.855522
0.967792
0.398378
-0.125811
0.279628
-0.08386
0.3895
0.580091
0.43812
0.449306
0.378964
0.378339
0.44082
0.296857
-0.20248
-0.647965
-0.277126
-0.39148
-0.373762
-0.179391
-0.161841
-0.241081
1.70614
1.48213
2.39122
3.29431
-0.988469
-0.875339
-1.02508
-1.01634
-1.02954
-0.759348
-1.62142
-1.39036
1.29206
1.3787
1.32821
1.35508
2.49268
0.671879
0.431943
-0.983209
-3.55751
3.18701
2.61274
-2.10043
-2.14564
-0.0272188
-2.23979
2.19891
0.271412
0.1767
0.21253
0.267115
-0.135695
-0.0674225
-0.109999
-0.196502
0.0429268
0.113641
-0.279584
0.283051
0.0407565
0.127989
3.04091
1.12771
-1.70024
-1.74773
-1.73814
-1.94865
-1.64396
-1.58579
-1.5182
-1.72304
-1.672
-1.44979
-1.60098
-1.90559
-2.10414
-1.08127
-1.99198
-1.80774
0.937779
1.17655
1.06427
0.938861
0.78974
3.59685
-1.88247
-1.35167
1.18627
-0.510643
1.7064
2.13569
1.94817
0.315849
0.107232
0.20132
0.0354275
0.0950748
0.134388
0.371389
0.415184
-0.00162676
0.0795212
0.0986061
0.0360088
0.330564
-0.109198
0.170982
0.148366
0.162696
-0.107498
-0.196347
-0.216022
-0.48678
-0.275757
-0.11716
1.57238
-2.1318
-2.04715
3.57062
-1.47843
-0.834798
-0.565732
-0.720471
-0.727603
-0.898025
-0.98097
-0.0673924
-0.0235511
-0.256308
1.19432
1.17879
0.838221
-0.353709
-0.2613
-0.365034
-0.316473
-0.082689
-0.200259
0.523996
0.862327
0.869197
0.6725
0.545261
0.736792
1.37822
1.67579
-1.69809
-1.78169
-1.87414
-1.50171
0.890736
1.15671
0.94601
1.69201
-0.633465
-0.696439
-0.512601
-0.536351
-0.850201
-0.393617
-0.652789
-0.548465
-0.477553
-0.63749
-0.466039
-0.255934
-0.209108
2.14641
1.90704
1.30105
-2.8327
0.639825
0.746314
0.268386
0.240942
0.666999
0.605876
0.510406
-0.721747
-0.508271
-0.494094
-0.887422
-0.616713
1.50452
1.52835
1.45331
1.49315
1.50092
1.7524
2.19713
1.91628
2.81249
2.18182
-2.62281
-2.70542
-1.05593
-1.23692
-1.14699
-1.18225
-0.820994
-1.04307
-1.46927
-1.15563
-1.41984
2.23055
2.22382
2.20322
1.83739
2.05284
0.773268
0.610608
0.849627
0.568597
0.742631
0.715405
-0.149956
0.465008
0.357742
0.349583
0.182827
0.232025
0.017677
0.347805
0.42214
0.791187
-2.54654
1.67128
1.77648
2.08884
-0.587036
-0.50219
-0.653113
-0.48689
-0.682586
-0.438502
-0.597965
-3.03062
1.06161
-1.6263
-1.19631
-1.82299
-1.46282
2.65254
0.377392
0.589655
0.336092
0.224415
0.38406
0.178922
0.222109
0.175561
0.34804
0.245664
0.333955
0.369275
0.369116
0.299772
1.268
2.65632
-0.378108
3.25548
-2.67632
0.769989
0.919672
0.797481
2.04113
-1.93592
-1.75913
1.58774
1.41751
1.42225
-1.15626
-0.819969
-0.784574
-1.315
-1.0382
-1.28256
-1.36539
-1.29515
-1.19857
-1.73983
-1.32917
2.01113
0.118929
0.437301
0.421962
-0.0396761
0.0392513
0.217592
0.104982
0.262356
0.099087
0.446647
-0.708897
-0.92847
-2.49077
2.02341
1.90903
-3.64683
1.18602
1.34333
1.03962
0.959128
1.44282
1.39992
2.11761
-2.00747
2.06985
-1.43833
-1.72861
1.26123
2.11053
2.52692
2.7983
-2.62577
-2.28289
-2.62621
-0.360589
-0.248619
-0.161016
-0.449385
-1.75904
-1.79481
-0.0389847
0.00504769
0.107322
0.326507
0.371182
2.06111
2.27023
0.430916
0.739627
0.673638
0.908479
0.355972
0.137818
0.165191
0.673081
-0.0818063
0.117316
0.430043
0.707384
0.497064
-0.83937
-0.774427
-0.582516
-2.41153
-3.09144
-1.60072
-1.7797
-0.0421554
0.0823698
-0.0524393
0.0101128
-0.142398
0.237349
-0.171038
0.0657487
0.221759
-0.0693955
-0.115427
-0.245903
-0.4692
2.25381
1.09132
0.0770983
0.325063
1.05623
0.975903
0.740877
0.614586
0.835841
0.934776
0.877576
0.00475476
-0.24015
-0.910205
-0.975422
-0.480911
-1.20039
-0.837991
-0.864489
0.695541
0.826354
0.600512
0.657893
0.915322
0.942681
0.865645
1.06232
0.6968
0.818618
0.780195
-0.289907
-0.281324
-0.322798
-0.356678
-0.436937
-0.394378
-0.275014
-0.488429
-0.308645
-0.22597
-0.449037
0.0669491
1.99064
1.83159
1.84698
2.02422
2.05486
2.5942
1.07302
1.32413
0.702558
0.728125
0.754216
0.913373
0.865724
0.648877
0.600795
0.401271
1.30238
1.23482
2.51586
2.37295
2.55947
0.955763
0.697338
0.910223
0.871672
0.609366
0.370546
0.580955
0.480543
-1.19634
-1.94649
-2.10616
-1.88148
-2.13133
-1.94121
0.00814509
-0.179921
0.535366
0.559397
0.597292
0.474757
0.449385
0.473798
0.425931
0.435764
3.60485
1.50456
1.24689
1.37379
1.42418
1.41171
-0.899853
1.77189
-2.18091
-2.23134
-1.96202
-2.49223
-2.1497
-1.9364
-1.58584
-1.26979
-1.71389
-1.24238
-1.48727
-1.27347
1.90292
1.87927
-0.89341
-0.807312
-0.408678
-0.849355
-1.04468
-1.04816
-1.04665
1.60582
1.41626
1.36718
1.30203
0.960417
-0.381327
-0.277576
1.84394
1.86374
1.80518
2.03462
-2.01603
0.00888832
-0.0130105
0.0484264
-1.91181
-1.78735
1.59369
1.31121
1.24421
1.21078
1.29755
1.55682
1.54643
1.31391
1.11314
1.27511
1.62492
1.37019
2.34568
2.16568
3.06335
-1.53796
-1.64366
-1.58524
-1.81519
-2.27805
-2.04696
0.235446
0.172752
0.0145798
-0.500183
1.68204
2.29434
-3.97336
0.0389185
-0.240521
-0.149994
-0.185064
-0.643726
-0.308931
-0.244034
-0.430564
-0.360539
-2.71691
0.45744
0.766932
0.647117
0.554942
0.672129
0.624067
0.803623
-0.373176
-0.473123
-0.488892
-0.499552
-0.506411
-0.579025
-0.172539
-0.572386
-0.663094
-0.735161
-0.714611
-0.690479
-0.82469
2.15919
-2.70705
-2.17484
0.750694
0.639453
0.685993
0.974763
1.11302
0.994248
1.00632
1.04301
1.04957
0.91641
1.05609
1.41944
1.14078
1.12765
3.48281
2.31241
2.21047
-1.71033
-1.85238
-1.72126
-1.66162
-2.0333
-2.02758
-2.27202
-1.55752
-1.80179
-1.59701
2.03003
-3.34472
1.51458
1.67377
1.65517
1.14751
1.03265
1.15522
2.29879
-1.23445
-1.25695
-1.36733
2.76907
1.27762
0.485852
0.453678
0.538229
0.798778
0.516349
-1.06792
-0.69746
-1.35741
-0.886637
-0.671838
-1.06974
-0.891918
-1.33617
-0.941521
-1.56943
-0.44659
-0.556679
-0.550546
-0.953826
-0.515852
-0.846031
-0.264301
-0.341826
-2.34403
1.04009
-0.369165
-0.310628
-0.736514
-2.58903
-1.01603
-0.877032
-0.905692
1.05895
1.08353
0.495695
1.45448
1.84922
-0.180724
0.0755809
0.163109
-2.47103
-2.15616
-2.02265
1.25409
-0.7993
-0.796645
-0.900652
-0.836587
-0.634861
-0.975363
-0.986138
-0.786433
-0.981202
-1.82941
0.140124
0.133834
-2.4145
-2.60948
0.378846
-1.79153
-2.94661
-1.73491
-1.86229
-2.18827
-0.0605255
-0.126059
0.167964
0.131722
-0.225026
-0.433625
-0.444263
-0.127103
-0.0873521
0.0306876
-0.166226
0.0256323
-0.31351
-0.139153
-0.178727
0.00306875
-0.167886
-0.320831
0.129125
-0.405714
-0.0234794
0.100988
-0.136885
-0.161498
-0.00491956
-0.379557
-0.479158
-0.312578
-0.492896
-0.00244854
-0.339904
-0.22015
-0.382092
-0.337588
-0.265501
-0.283336
-0.624592
-0.300569
-1.80294
-2.00998
-1.18335
-0.880969
-0.631011
0.081806
-2.27502
-2.16264
-0.2428
-0.24118
-2.24231
1.29302
1.65436
0.541489
1.43742
1.173
1.32742
1.22061
1.2187
1.13884
1.10268
1.18829
1.35553
0.979023
1.20373
0.805944
0.494732
1.62958
2.42373
1.00419
-1.39726
-0.92981
-1.17062
-1.15615
0.684247
-0.909402
-1.57738
-3.71007
-0.670634
-1.36997
-1.09376
-1.51323
-1.16187
-0.123904
2.4169
-2.66221
0.156857
0.0253556
-3.06587
0.666494
0.693508
0.281545
0.280634
0.561665
0.538373
-1.68612
-1.65943
2.18982
2.19088
-0.763386
-0.613761
0.819646
1.1089
1.13427
1.44231
-0.76357
-1.27092
-0.80988
1.87864
1.84974
-2.53387
-0.2673
-0.190933
1.60247
-1.64652
-1.65704
-1.74526
-1.3115
0.0477958
-1.21958
-1.46037
-1.14351
-1.38436
-1.05305
0.101959
0.235814
0.180651
0.291658
0.0687991
-0.0466121
0.0651049
0.224238
0.184255
-0.247332
-0.251067
0.125774
-0.0821973
-0.85574
-0.796191
-0.946954
-1.00902
-1.06414
-1.09505
-0.90747
-1.27148
-1.3884
1.76194
1.99679
-0.204712
-0.468323
-0.178311
-0.0314172
2.54925
-0.807415
-0.512129
-0.501676
-1.93736
-1.91666
1.88932
1.94006
1.99727
1.87377
2.04862
1.11011
0.690605
0.916043
0.806197
0.760861
0.82935
0.923175
0.966731
1.10079
-2.50998
-1.95157
-1.36755
-1.8978
-1.20666
-1.5789
-0.722011
0.305106
0.692573
0.843569
-1.87274
-2.1815
-2.24456
-1.14589
-0.987338
-0.944562
-1.12103
-1.2076
0.437666
2.75713
-2.07415
0.200845
0.638781
0.725282
0.981892
0.971076
0.523283
1.27915
1.40757
1.36292
0.975871
1.14027
0.968524
1.19917
1.12765
1.86208
1.90935
0.131259
0.0880837
0.0190775
-0.113762
-0.251995
-0.117331
-0.196376
-0.15775
-0.0639317
-0.158372
-0.167876
-0.977194
-1.42901
-2.41737
0.219889
0.346191
0.0170921
0.125363
2.69208
0.919884
0.696698
0.749662
0.914809
1.37566
1.09502
1.24426
1.22561
1.13818
0.981738
1.31501
0.782911
-1.32638
-1.56502
-1.1093
-1.12749
-1.29598
-1.21607
-1.56804
1.96563
1.85356
-1.17759
-1.25706
-1.11939
-1.45758
-1.29683
-1.17964
-1.06148
-1.22551
3.15068
3.07375
1.75409
1.48661
1.78367
1.6913
-1.70001
-1.76942
-1.79547
-1.04031
-0.91965
-0.798266
-0.940501
-1.22054
-1.11489
-0.844125
-0.88619
-0.939367
-0.611894
-0.66299
-0.659997
-0.662121
-1.00498
-1.25649
-1.2218
-1.11663
-1.10165
-0.949755
-0.998787
-1.21727
0.054421
-0.150813
-0.267016
-0.198816
-0.139016
-0.0790531
0.0719423
-0.0258629
-0.0782946
-0.398299
-0.45204
2.45937
0.562623
0.523134
-3.47049
1.30589
0.916268
1.12838
1.09161
1.28148
0.946225
1.01544
1.00511
-0.99928
-0.922584
-1.12589
2.0836
2.22131
2.09863
2.21016
-0.91752
-0.893888
-0.626776
-0.625723
-0.732556
-0.747568
-1.437
-1.56317
-1.16028
-1.31806
-1.35299
-1.08708
-1.10784
-2.9276
3.603
-2.56537
1.07118
1.15295
1.904
1.22126
1.31976
1.36573
1.5263
1.48941
2.57667
1.99468
2.20537
2.1299
-0.458875
-0.735428
-0.923369
-0.129188
-0.458623
-2.42589
-2.0403
-0.820337
-4.31221
1.74058
1.72159
-0.375743
-0.438632
-0.423225
-0.632496
-0.598341
0.0807983
-0.0342429
-0.371871
0.0514583
-0.293251
0.00252786
-0.255132
0.172529
-0.608805
-0.834498
-0.639734
-0.665244
-0.787478
0.994725
0.896018
0.899211
1.01364
1.00039
0.751867
0.756396
1.06891
1.26756
2.96982
0.707986
0.604334
0.722261
0.72352
0.676432
1.09339
0.995421
0.905341
0.891183
0.838327
0.639284
-0.349183
1.44798
-1.66509
-1.8147
-0.9346
-0.880205
-0.436419
-0.908217
-0.878017
-0.776857
-0.861472
-0.907676
-0.827173
1.17266
1.26475
1.30632
1.17927
1.45528
1.37713
-0.127285
-0.0503604
-0.0736922
-0.159845
1.22529
1.1567
0.981507
0.980384
1.43233
0.624658
0.464605
0.438417
0.598365
0.65811
0.434095
-1.73846
-0.857208
-0.844506
-0.692613
-3.12721
-1.95724
-2.19314
-1.82793
1.45453
1.55162
1.82765
3.10735
3.00365
2.1341
-0.156074
0.181212
-0.126022
-0.0872958
-0.0917951
-0.848677
-0.954349
-0.499908
-0.726201
-0.743441
-0.658518
-0.824989
0.158621
0.201476
0.740226
0.408424
0.340439
0.623605
-0.877315
-0.974839
-1.12347
-1.17215
-0.951627
-0.605256
-0.625909
0.967044
1.02168
0.631792
1.04788
1.05615
0.931776
0.977135
0.925174
1.19662
2.03544
1.89348
1.9191
1.80502
2.0314
-0.723011
-0.717272
-0.606006
-0.788787
-1.25579
-1.57419
-1.6293
-1.32123
-1.44032
-1.58417
-1.3039
-1.26625
-0.0145685
-0.64437
-0.13644
-0.140419
1.53887
0.986638
1.21542
1.08393
1.35041
1.49736
1.63421
1.37159
1.49853
1.12871
1.24491
1.68809
0.757579
-1.08782
-1.24405
-1.3533
0.109569
-0.0892746
-0.123121
-0.365155
0.111978
0.347495
0.246729
-0.129169
0.106188
-1.29012
-1.62295
-1.26008
-1.23959
-1.63579
-1.21272
-1.21507
-1.20304
-1.09949
-0.962693
-0.879667
-1.23156
-0.935035
-1.21582
-1.08478
-1.16741
-1.11713
-1.08067
-0.927282
-0.957545
-1.02207
-1.13066
-0.896234
-0.768854
-1.07704
-0.481443
-0.655594
-0.687316
-1.2273
-0.737363
-0.625952
-0.951708
-0.85866
-0.949387
-0.790416
-0.94287
-0.650473
-2.09866
-1.83242
0.505841
-3.03558
3.11835
-0.553296
-0.0699324
0.142422
-0.163344
-0.431773
1.4322
1.41686
1.17333
1.25
1.46863
1.29199
1.4384
1.78001
1.58589
1.30639
1.24448
-0.716021
-0.566708
-0.394895
-0.38279
-0.431496
2.51087
2.48217
0.858381
0.757678
0.581645
-1.84872
-2.00634
-2.07748
-2.1908
-1.86911
-1.32624
-3.93401
-0.920942
-1.0315
-0.917295
-0.609366
0.00739807
-0.0625592
0.332554
0.104304
0.0303639
0.0865826
0.189666
0.26936
0.159531
0.299221
0.522203
0.438935
0.427531
-0.0848193
0.0650639
-0.0213613
-0.155734
0.0938678
-1.73271
-4.47636
1.57372
1.84619
1.84953
-0.639036
-0.498594
-0.70188
-0.417963
-0.678401
-0.724919
-0.496868
-0.673662
-0.619193
-0.657197
-0.738405
-0.770791
-0.674569
-0.728285
-0.652354
-0.665147
-0.670967
-0.922425
-0.629686
-0.766289
-0.632823
-0.711478
-0.674708
-0.751768
-0.539591
-0.600985
2.54714
2.03713
2.10376
2.47907
2.09111
2.51919
0.597535
0.665909
0.92028
0.490565
0.798068
0.709847
0.812221
0.909143
0.524664
0.565877
0.770092
0.477104
0.354203
0.810259
-0.0384039
0.211029
0.898495
-1.60747
-1.2636
-1.225
-1.33518
-1.40526
-1.57185
0.660779
0.652527
0.816075
0.53949
0.935738
0.709366
0.274745
0.880443
0.905827
0.831433
0.646291
0.841446
0.412944
0.522813
0.774335
1.70156
1.40787
1.29846
0.00172188
0.161188
-2.79739
-1.24895
-1.4258
-1.59717
-1.41721
-1.20317
-1.2441
-1.1734
-0.263806
-0.144032
-0.288826
-0.325022
-0.802576
-0.609438
-0.733128
2.13001
1.93821
1.61245
1.9643
1.89534
0.0166901
0.0247052
0.470257
0.119031
0.0749643
0.0954667
0.0223349
-1.97923
-2.62598
-1.48804
2.00419
2.1925
2.10305
-0.855235
-0.877766
-1.10839
-1.22647
1.03069
2.26246
-0.395846
-0.651971
-0.483328
-0.555896
-0.454069
-3.30842
1.18964
1.30259
1.09454
1.33979
1.26159
0.806245
1.0478
1.01657
0.862341
-1.47894
1.95903
0.959413
1.42578
1.00031
0.878571
0.86681
1.10666
1.13153
1.41113
1.26977
1.13911
1.00525
1.16952
1.39428
1.07064
1.08466
1.3104
-1.39602
-2.58639
0.804176
0.880567
0.962581
0.644751
1.01263
1.18906
1.0083
0.842557
1.2129
0.883264
0.597068
0.725468
0.824755
0.927863
-1.02586
-0.788466
-0.997694
-0.851721
-0.960956
-0.957979
-0.979813
-0.74735
-0.845765
-1.04892
-0.877125
-0.6801
-0.910462
-1.13375
-1.07864
-0.658998
-0.669004
-0.746814
-0.461469
-1.04268
-0.701314
-0.503041
-0.511676
1.12961
1.01306
0.890787
1.34689
1.0255
1.13329
1.30063
-0.476491
-0.564862
-0.413194
-0.464376
-0.396626
-0.581324
-0.567082
-0.526737
-0.598379
-0.358776
-0.254268
2.48875
-1.62171
-1.58747
-1.21621
-0.839253
-1.10131
-1.23269
-1.19991
-0.221968
0.0508444
0.0298212
-0.363295
4.6047
1.56525
1.2608
0.778475
0.925596
-0.792754
-0.178197
-0.285755
-0.252334
-0.0421674
-0.572394
-0.485768
-0.259618
-0.118412
-0.217824
-0.214117
0.0133486
-1.33108
-1.18484
-1.34698
-1.44417
-0.459273
2.42095
-0.924754
-0.829453
-0.939338
-1.27618
-1.21983
-0.942035
-1.16897
-1.10487
3.44318
-0.343093
1.70902
1.50738
1.60293
-0.624065
-0.598045
-0.494054
-0.65932
-0.406391
-0.667349
-0.705741
-0.632707
-0.401633
-0.35984
-0.690864
-0.713919
-0.683652
-0.647582
-0.698517
-0.760844
-0.401725
-0.259857
-1.3207
-1.36769
-1.37246
-1.86302
3.13943
0.47917
0.629893
0.29392
2.22484
2.00535
-1.6177
-1.73165
-1.78246
0.250645
-1.21274
-1.00031
0.721011
0.395436
0.53507
0.371523
0.834147
0.472175
0.632903
0.664545
0.684522
2.71908
2.54779
-2.22144
2.0923
1.99946
-2.26246
0.991913
0.965291
1.25039
1.11424
1.20518
1.25396
1.45481
1.43011
1.29828
1.54829
1.18323
1.31159
0.374467
0.626973
0.532207
0.559067
0.302113
-0.276939
-0.10927
-0.103384
-0.129802
0.0115946
-0.0364031
0.11437
0.195195
-0.339277
-2.59522
-0.555393
-0.633208
-0.597007
-0.392358
-0.339196
-0.362878
-0.607692
-0.108305
-1.078
0.217021
-0.141346
0.105865
0.126211
0.16651
0.070222
1.55094
-0.191915
-0.48126
-0.25537
-0.469344
-0.474191
-0.448416
-0.603908
-0.140088
-0.128656
-0.109236
-0.393535
-0.559427
-0.549049
-0.480344
1.70235
1.62712
1.86559
3.83573
3.9257
0.483898
0.32208
0.49048
0.259904
0.280197
0.384199
0.590835
0.58454
0.698688
1.49689
1.35547
1.46774
1.09106
1.6304
1.95697
1.71531
-0.101336
-0.0778087
0.195436
0.0918535
-0.0936004
1.23966
1.32244
0.974171
0.927366
1.36052
1.15105
0.832108
1.07457
0.620841
0.778378
0.142751
0.549736
-1.7101
1.73695
-2.69873
-2.64614
-0.67573
-0.367468
-0.33393
-0.21514
-0.579611
-0.585962
-0.516744
-0.456718
-0.474417
-0.327233
-0.472943
-0.203834
0.0152708
-0.146259
-0.772401
-0.549953
2.12585
2.08936
1.79928
0.841953
-1.90582
-1.97082
-1.7237
1.92171
2.4363
2.3873
2.24442
-2.64039
-1.40734
0.961818
0.761811
0.721636
0.752223
1.07977
1.22561
-3.09445
1.15393
0.566727
1.72637
1.61719
-0.559705
-0.440708
-0.543473
-0.881314
-0.643504
-1.07403
-1.07498
-3.04945
-0.356667
-0.195713
-1.415
-1.26169
-0.239949
0.156359
0.0452454
0.873769
0.59804
0.845155
0.802065
-3.48694
-3.6902
0.207175
-0.0913979
-0.14988
-0.234289
0.0473002
-0.0257816
0.275357
-0.0769512
-0.0904217
-0.696398
-0.554096
-0.370925
-0.1978
-0.143666
-0.328228
-0.383438
-0.653837
-0.477815
0.500229
0.385856
0.669679
0.711491
0.210865
0.823114
0.928425
0.717548
0.551841
0.63651
0.82297
0.688032
0.961517
0.744716
0.938462
1.28185
0.533665
0.204027
0.588954
-3.9167
2.90406
2.45017
-2.34767
-0.62644
-0.657372
-0.836692
-1.50799
-1.48748
-1.44029
-0.911389
-1.34774
-0.15597
-0.196821
-0.14135
-0.328052
-2.42752
-1.98272
-0.0824032
-0.0872693
0.0332219
-0.204388
-0.135706
-0.148352
-0.318008
0.0629155
-0.308818
2.19411
1.95882
1.85283
-0.328449
-0.575301
-0.516968
-0.577772
-0.394994
-0.55078
-0.340008
-0.51717
-0.467698
-0.212006
-2.03241
-2.14606
-0.538946
-0.606157
-0.436624
-0.595855
-0.411792
-0.42738
-0.351502
-0.488446
-0.213665
-0.406069
-0.711286
-0.454237
0.202953
-0.210422
-2.32396
-1.99862
1.79111
1.72506
1.75559
1.85315
0.575623
0.480802
-0.0489646
0.188444
-0.842776
-0.763531
2.53507
-0.113778
0.00888454
-0.0991038
-0.130526
-0.147589
0.0912073
-2.46827
-2.02407
1.38192
1.34466
-0.653391
-0.320961
2.27394
0.306757
0.502479
-1.207
-1.11079
-1.31592
-1.34807
-1.36928
-1.28758
-1.46309
0.35227
0.113247
0.215633
0.251628
0.339067
0.155038
0.406286
0.492573
0.336238
0.571194
0.421806
-3.91604
-0.766589
-0.327975
1.97865
2.24155
2.59559
2.31649
-0.68156
-0.757911
-0.754019
-0.733629
-0.547359
-0.594217
-0.976018
-0.855801
-0.824679
-0.8534
-0.190931
-0.454518
-0.569937
-0.268507
-0.0872725
0.463026
0.45411
0.812472
0.897762
0.713728
-0.586778
-0.739161
-0.995236
-0.673091
-0.861576
-0.647703
-0.840054
-0.712106
-0.771833
-1.75079
2.04131
-1.74751
-1.72608
0.629557
-1.57138
0.107755
-0.260294
3.39624
0.102125
0.14857
0.151173
0.165254
0.0441263
0.11657
0.0171447
-0.190015
0.189678
1.75253
0.478276
0.518918
0.479665
0.465365
0.525198
0.246256
0.322275
0.386027
0.695384
2.24882
1.64681
-2.27911
-1.61936
-0.0481284
0.0737251
0.0978958
0.189663
0.369585
0.244888
0.0281525
0.300729
0.181415
0.000964283
0.277995
0.33739
0.11835
-0.0114364
0.000246499
0.0560391
0.480789
0.276767
0.305072
0.464188
0.332801
-1.13167
-1.28534
-1.09846
1.49064
1.50925
1.63433
1.71173
1.51875
-1.54919
-1.46389
-1.15061
-0.668843
-1.20878
-0.802617
-0.723481
1.55334
1.465
1.54808
1.4496
1.27753
1.42033
1.81064
1.90434
-0.0606615
-0.228726
-0.409663
-0.108789
0.162087
0.203742
-3.08983
-1.46223
-1.98702
-2.07968
-0.129074
-2.36219
-1.50906
-1.94147
-2.14888
-1.85663
-1.91152
-2.26692
-1.34774
-1.21528
-1.52192
-1.86142
-2.12938
-2.49317
-2.25281
2.6485
3.43713
0.341644
-0.0348368
-0.410476
-0.102207
-0.0753938
-0.261499
0.137502
-0.178358
-0.129585
-0.0197319
-0.261089
-0.0834878
-0.121716
-0.00409553
-0.214375
0.0438201
0.0815897
-0.0172425
-0.0940124
-0.0311232
0.0230437
-0.22054
2.1212
2.08638
2.18431
-2.32532
1.43284
1.57634
1.43722
-0.600417
-0.63102
-0.557053
-0.432642
-0.216474
-0.811501
-0.386336
-0.747166
-0.573289
-0.6967
-0.574799
-0.554714
-0.704714
-0.320218
-1.24067
-1.63615
-1.60217
2.40931
2.60145
-3.3142
0.984637
1.46262
0.655589
0.574779
0.763578
0.348701
0.565968
0.892609
-2.96153
1.30805
1.31944
1.31804
1.18706
1.05654
1.18359
1.4635
1.2163
1.40194
1.02052
1.30239
1.17194
1.21522
1.39934
1.07765
1.32547
1.27742
-0.0371028
-1.43293
-0.853293
-1.86212
-1.75649
-1.84087
-1.52367
-1.23588
-1.22682
0.205939
0.16067
-2.90786
-0.137698
0.0943723
0.0851085
-0.0375513
-0.120046
0.0505337
-0.112559
0.038867
0.795698
-0.46092
-0.288508
-0.368436
-0.487509
-0.507042
-0.285463
-0.785742
-0.529082
-0.5213
-0.228067
-0.362838
-0.134326
-0.317193
-0.506786
-0.450232
0.493627
0.460027
0.407375
0.355984
-0.0170519
-0.0248917
0.0493359
0.0503619
0.105188
-2.35692
-3.65991
2.03445
1.95976
1.83331
-2.78783
-0.851066
-1.18707
0.523279
0.455764
0.584722
1.05885
0.863296
0.838129
0.222942
0.314246
0.0165725
0.379663
0.378009
0.0927428
0.317954
0.20903
0.280968
-1.92856
-1.76006
-1.59593
2.70975
1.65679
-1.75589
-1.87827
-0.601722
-0.592832
-0.636839
-0.644085
-0.787387
-0.824641
-0.949582
-0.641164
-0.613385
-0.951388
-0.621564
-2.23785
-1.09707
-1.27428
-1.24915
-1.53998
-1.58295
-1.07578
0.0787583
-0.150358
-0.244355
0.300164
0.0475648
0.0132623
0.044624
-0.316516
-0.291354
0.0979093
-0.0433715
-0.258614
-0.125295
-0.0316516
-0.406093
-0.344458
2.77741
0.307663
0.278713
0.0897567
0.656156
0.692808
-0.109052
-0.1052
0.0645621
1.47809
1.80346
1.72062
0.577393
1.50886
1.07878
1.65075
1.73685
1.52971
-0.0933712
0.124238
0.105653
-2.67445
-1.79251
-0.177015
-0.0570496
0.284133
0.251802
-0.13762
-0.0708457
0.412033
0.477669
0.365159
0.643968
0.467406
0.233022
-2.30551
-2.27996
0.306752
0.205409
0.249299
0.246163
-1.35307
-3.33641
-3.48813
2.45469
2.58325
1.73752
1.71258
2.12218
-0.0714724
-0.141756
0.0781187
-0.191152
2.60818
2.55889
3.98346
-1.30984
0.604441
0.812184
0.752036
0.780753
0.581814
0.753966
0.562196
1.36351
1.54481
-2.76849
0.541124
0.811774
0.490648
0.534959
0.782431
0.998028
0.798067
0.682016
0.60684
0.749381
0.999751
0.658265
0.658759
0.832941
0.55053
0.693573
0.721108
0.607694
0.728093
0.687515
0.805215
3.0723
-1.67363
-0.0577857
1.13442
2.2558
1.9748
-2.59991
-2.58107
2.31457
-1.2032
-1.12738
-1.13702
-0.000863157
-0.119501
-1.37712
2.1594
1.82176
-1.44089
-0.977598
-1.04612
-1.14789
-1.06642
-1.31045
0.860784
1.19722
0.956492
0.869184
1.06372
1.19994
0.884646
0.913555
1.12794
1.28659
1.27406
1.00284
0.939172
-0.155216
-0.0556531
-0.501561
-0.32854
-0.0374447
-0.139893
-0.106701
-0.175489
-0.476331
-0.302996
-0.135639
-0.197227
-0.29321
-0.811034
-1.7784
-1.2531
-0.788728
-0.447807
2.42359
2.55556
2.19589
0.619884
0.634916
0.525435
1.17311
1.05687
0.983688
0.968411
1.60865
0.777347
0.835421
0.807449
0.94967
-1.34424
-1.9044
-1.55067
-1.26921
-1.22384
-1.39401
0.906234
1.16829
1.04694
2.99202
0.422396
0.65651
0.792808
0.581747
1.02068
1.61717
1.90896
1.90597
2.79474
-0.535073
-0.506936
-0.739358
-2.41389
1.95505
1.10642
-2.24865
-1.38539
-1.06809
-1.37219
0.765377
0.518339
0.833452
0.653755
0.651369
0.716602
0.781165
0.595538
0.568222
2.06216
2.21367
1.97649
0.0584295
-0.747591
-0.72384
1.65786
1.73328
1.45712
1.31098
1.24001
1.4805
1.58122
-1.77453
-3.58986
1.0921
1.26384
0.123666
-1.27894
-1.16137
-1.25734
-0.871994
-0.792136
-0.666255
-0.342881
2.54271
-2.51293
-2.19228
-2.88582
-2.2105
-1.98474
-2.88194
1.79992
1.49061
2.09866
1.7599
1.85612
0.0253358
-0.0199035
0.200669
-0.113349
2.66883
-0.428727
-0.344466
-0.666233
-0.712076
-0.735315
-0.662047
-0.672462
2.44805
0.607645
1.37594
1.41718
1.58709
1.68667
1.94947
-2.44793
-2.35105
-0.394445
-0.285753
-0.397638
-0.323544
-0.39248
-2.99048
1.41396
0.794686
0.66014
0.661466
0.823675
0.551839
1.15267
0.953756
1.35427
0.834146
0.849438
1.95401
1.74814
-1.11869
-1.07089
-1.8142
-1.75935
-2.04705
0.277649
0.393806
-0.839877
-0.641725
-0.633663
2.13237
1.88651
2.22348
-1.70914
1.36306
1.24156
1.62458
1.74552
1.97293
-2.50949
0.815372
0.79429
-0.395985
0.256051
0.0833993
-0.213547
0.62991
0.757734
0.476986
0.803889
1.03171
0.95693
0.741329
0.915075
-1.77714
-1.54801
-1.94453
-1.28256
1.55954
-0.0141136
0.0789806
-0.129704
0.123721
0.375554
0.159519
0.163082
-0.0448548
0.0294492
0.213375
-0.00637606
0.0621627
-0.155908
-0.0614895
-0.154607
0.363855
0.224655
0.580897
0.261305
-0.0621583
0.251648
0.300478
0.295302
0.0778712
0.0883275
0.0606585
0.00927766
-0.0644063
0.398861
0.0773558
0.0235891
2.20333
1.76376
1.47739
1.27738
1.291
-1.71391
0.447661
0.656294
0.900402
0.809876
0.683839
0.673509
-1.73682
-1.69209
-1.64147
-1.47128
-1.49633
1.03382
0.586095
0.757822
1.02252
0.999212
1.31041
1.0302
1.14316
1.17819
0.830232
0.956591
1.14995
1.10112
1.06793
1.62232
1.74966
1.65497
1.47624
0.713275
0.361725
0.422074
0.485909
0.487202
0.426093
0.420263
0.532492
0.607109
0.491683
0.420251
0.523058
1.38185
0.972463
1.26818
0.86106
0.838962
0.733858
0.0785444
0.0857577
0.0586149
0.293546
-0.801315
-0.69899
-0.694581
-0.552256
-0.697583
-0.710178
-0.976829
-0.81627
-0.711548
-2.07831
-1.75328
0.993921
1.13285
1.03788
0.905738
0.876947
1.66459
1.59206
1.50084
2.95017
1.99334
1.55228
1.95413
2.79752
-0.0275227
-0.0993577
-1.99727
-1.73177
-1.95347
0.763273
0.924512
0.712872
1.14023
0.919588
-1.95203
-2.1568
-1.91778
-2.33836
-1.52426
1.26914
1.66536
1.02821
1.37637
1.13159
1.36
1.57458
1.34869
1.71953
1.46907
-2.21081
-2.29276
2.024
1.15746
0.884824
-1.33669
-1.3751
0.211869
0.073002
0.345174
1.75404
1.57521
1.54427
1.47627
1.36179
1.59159
1.76331
1.70749
-0.809314
-0.885657
0.188193
0.169103
0.0321627
-1.15314
-1.11334
-0.701755
-1.05514
-1.14733
0.706393
0.186398
0.28364
0.256577
0.419133
0.595368
0.445083
-0.0219774
0.145439
0.0421428
2.79337
2.30897
-1.71255
-1.37607
-1.72482
2.41675
2.35138
-2.36107
0.387978
0.583312
-0.629039
-0.977281
-0.243534
-0.302343
-0.0239198
-0.123929
-0.450571
-0.375417
-0.236331
-0.173014
-0.118209
0.193165
0.118537
0.370497
0.108399
0.0641557
-0.013977
2.21139
0.0588603
0.250802
0.356301
0.491701
-0.156864
2.56532
2.24993
2.71041
2.34025
1.52586
1.50941
1.11857
1.17307
1.32161
1.01716
1.08752
1.0344
0.792794
0.683425
0.918836
-0.355926
-0.20902
-0.232075
-0.0275109
-0.118059
-0.949712
-1.34336
-1.06157
-1.48099
1.3008
1.75819
1.37059
-1.2849
-0.673498
1.96233
2.07861
2.21445
1.70264
1.80366
1.45602
1.6308
-3.94551
2.13647
1.23591
1.23952
1.38981
0.720324
0.431215
-2.24722
-2.35132
-2.21237
-1.24237
-1.27818
-1.26924
-1.25991
-2.66614
-0.125343
-0.492536
-0.0803786
-0.0989597
-0.175316
-1.57801
-0.435161
-0.674187
-0.611141
-0.621914
-0.611773
-0.483666
-2.10274
1.93786
2.04339
-1.7544
-1.6638
-1.63697
-0.756291
-1.0227
-0.744683
-1.02478
-1.10781
-1.02904
-1.10524
-1.14105
-0.858965
-0.892735
-1.35843
-1.34795
1.99021
2.32989
1.79753
2.37603
1.99035
1.18723
1.03838
1.23885
1.15863
1.03595
1.4052
1.13602
1.03997
0.906514
1.12593
1.25263
1.4346
1.33179
1.08136
1.0019
1.04109
1.4438
0.0894574
0.303266
0.299506
0.202275
0.783046
0.619427
-0.00549481
0.475551
0.395536
-0.0185915
0.144613
0.0298647
-0.0944743
1.29844
-3.85168
-1.82416
-1.72435
-1.74087
-1.80428
-1.74102
1.42488
-1.39416
-1.42139
-1.85594
-1.60415
-1.66705
-1.53906
-1.90347
1.13987
1.20056
1.29617
1.50093
1.10419
1.19041
1.38907
-2.51833
-2.2648
1.74518
1.53245
-1.10582
-1.6868
-1.14454
-1.16078
-1.21815
-1.0267
-0.923938
-0.37886
0.281456
-0.0547236
0.096863
0.317209
0.285452
0.429076
0.183547
-2.3535
0.201969
0.344328
0.302186
0.100459
0.153561
0.186301
0.00846385
0.408404
0.664286
-0.742362
-0.979267
-0.994487
-0.997373
-0.640963
-0.849483
-0.450948
-0.461743
-0.843633
-0.394105
-0.341926
-0.110323
-0.16272
-0.62346
-1.66159
-1.28428
-0.261078
-0.338752
-0.270612
-0.0573835
-0.160377
-0.0618824
-0.01776
0.0141915
-2.23495
-0.146625
-0.240663
-0.387698
-0.231624
-0.105061
0.0572621
0.234885
-0.14946
-0.120926
-0.153831
-0.24024
-0.145266
-1.5458
-1.96549
0.585056
0.888586
0.927091
1.3317
0.890751
1.24321
1.23675
1.57165
1.42851
1.37776
1.25471
1.01393
-0.894777
-0.555366
-0.374815
1.4353
1.30917
1.27537
1.73451
1.26552
1.58046
1.42889
1.45258
1.49447
1.57742
1.23044
1.25998
-1.93644
-0.987127
-1.13471
-0.94124
-1.2916
-1.08419
-1.07578
-1.25241
2.8596
1.26946
1.58521
1.74813
0.953761
1.30216
0.093763
-0.195653
0.168103
0.0875903
-0.158807
-0.110896
-0.0683315
1.71815
2.20746
2.15441
0.76059
0.622465
0.321185
2.67599
2.31986
-2.2392
-2.13721
-1.67327
-1.74091
-1.32169
1.00871
0.373782
0.638053
0.550521
0.177879
0.309613
0.92245
0.612569
0.561165
0.6206
0.548794
0.657933
1.12975
0.779648
0.747148
0.711196
0.812501
2.17726
0.74891
1.68848
1.71594
-1.93563
-2.03254
0.516004
0.223904
0.288956
0.277085
0.257174
-0.0516505
-0.107848
-0.0408244
0.341312
0.312722
0.218594
0.171246
0.46774
1.18957
1.366
1.29102
1.30482
0.977709
1.16297
2.711
1.54126
1.47127
1.47472
1.51188
1.73873
1.62695
1.36686
-1.80967
-1.69954
-1.96872
-1.74674
-0.193088
-0.270867
0.0644321
0.60329
0.725456
1.44853
1.53223
1.67386
-2.02269
-2.45781
-2.04735
0.213182
0.734685
0.624843
0.614278
1.92137
1.39122
1.63702
1.71189
1.987
2.13366
0.791683
1.0234
-0.362602
-0.120926
0.44365
0.723713
2.70892
-0.941954
-0.770677
1.23713
-2.01332
-1.86433
-2.41478
-2.14132
2.2018
2.49212
2.26114
1.03221
1.02435
1.129
1.37261
1.20419
-1.15446
-2.79276
-0.912883
-0.890986
-0.973086
-0.510028
-0.323661
-0.617515
-0.434704
-1.22976
-1.1899
-2.05941
0.874812
1.02114
0.853924
1.02284
0.992369
1.09505
1.0656
0.960855
0.101025
-1.85449
-1.29198
-1.46402
-1.96592
-1.4502
-1.58996
-1.31477
0.841668
1.12218
-1.40456
-1.05547
-1.31356
-0.778336
-0.677276
1.42958
1.71473
2.40508
2.72652
-1.29385
0.942071
2.72102
1.37363
1.49144
-0.0760633
-0.112349
-0.305222
0.0462617
-0.106267
-0.189108
-0.143058
-0.0564312
-0.0493288
-0.589509
-0.475348
-0.402031
-0.561898
-0.773811
-0.597783
-0.717819
-0.709102
-0.530486
-0.757886
-0.849726
-0.610899
-0.636498
-0.724558
-0.786072
-0.658303
-0.23858
-0.468706
-0.604333
-0.589323
-0.4134
-0.223245
-0.144852
-0.122538
-0.208794
-0.383152
-0.31902
-0.293131
-0.62779
-0.680014
-0.401827
-0.846035
-0.451977
-0.715712
-0.66546
-0.476731
-0.129045
-0.42549
-0.389317
-1.37856
-1.529
1.61679
1.39379
1.40435
1.60117
1.25503
1.03526
1.22926
1.27657
2.74482
3.11584
2.10366
-2.40139
-1.99315
-2.10199
-2.16858
-1.85781
-2.25286
-0.692978
-0.644391
-0.547432
-0.609085
-0.570965
-0.412729
-0.588428
-0.870946
-0.756517
-0.925764
-0.775373
-0.70706
-0.509229
-1.16021
-1.19237
-0.97384
-1.33874
-1.1146
-1.10833
-1.31389
-1.35713
-1.42223
-1.64972
-1.80767
-1.87111
-2.19962
2.79556
2.66774
2.48585
1.2521
1.01811
-0.117791
-0.121125
-0.0661442
-0.494694
-0.117631
1.11215
1.12275
1.02521
1.21327
1.22439
1.37525
1.22105
1.34028
2.45161
2.27028
-0.578004
-0.419004
-0.456613
-0.379404
-0.477956
-0.486234
-0.476675
-0.0817955
-0.217847
2.17785
0.290681
0.424736
0.638491
0.568893
0.703097
0.443062
0.430309
0.887119
0.666361
0.895399
0.906162
0.835819
0.832214
0.734904
0.655445
0.130977
0.107153
0.182016
0.0840044
0.0563014
0.174611
0.0067039
0.0169892
0.0302189
-0.240263
-0.207754
0.28956
0.109321
-0.180415
0.0735772
-0.18602
-0.0456637
0.412806
-0.0111539
-0.0731148
0.150346
0.00910709
0.0220138
-0.105173
0.628264
0.597621
0.986049
0.965157
0.438877
0.857098
4.19418
-0.226925
1.86072
1.91937
-2.36674
-2.32112
-1.77186
-2.5909
1.93024
-0.380222
-0.511538
-0.467636
-0.636801
-0.41354
-0.480804
-0.445637
-0.342117
-1.56709
0.519417
0.0974845
0.449547
0.321095
0.564552
0.0977889
0.697203
0.485422
0.425558
0.573276
0.257957
-0.293543
-0.0446513
-0.359303
-0.258262
-2.13143
2.77727
1.30387
-0.212962
-0.13611
-0.382984
-0.0297277
-0.35935
-0.247544
-0.272769
0.00334291
-0.230186
0.169803
-0.138785
-0.0132383
-0.131096
-0.275752
0.012764
0.176419
-0.094783
0.341989
-0.29747
0.236229
-0.00259499
0.287982
-0.0403078
-0.289465
0.142093
0.0815839
-0.0201767
-2.80051
2.50571
2.76752
2.53965
-1.59716
-0.945886
-0.83791
-1.00695
-0.586056
-1.02311
-1.09036
-1.16191
-1.43543
-2.73664
0.453167
0.35079
0.339608
0.299102
1.08432
0.682075
1.02683
0.917471
0.877596
0.783599
0.911523
0.633094
0.814654
0.994766
1.10653
1.07328
0.812759
0.790625
1.39296
1.06
1.15293
1.42563
1.12982
1.06145
1.16032
0.936795
-3.67243
1.29927
1.48894
1.7856
1.52844
1.60194
1.58425
-1.30173
-1.43613
-1.50483
-1.70701
-1.72045
-1.28658
-1.08919
-1.23454
-0.882177
-2.60595
-2.54106
0.333422
0.0136167
-0.0709016
0.0380439
0.197828
0.749217
0.896265
0.941905
1.07098
0.672698
0.613116
0.995904
0.839635
1.10052
-0.741937
-0.66409
-0.963692
-0.927067
-0.678787
3.09999
0.678286
1.03559
0.826254
0.845234
-0.920886
-1.19003
-1.1301
-0.863628
-0.623092
-0.594273
-0.915678
0.615924
0.701532
0.839465
0.547676
1.00482
0.923244
0.926048
0.480441
0.994188
0.656915
0.486385
0.835083
0.77645
0.537814
0.588079
0.741042
0.995672
1.18714
0.956581
0.858715
0.831323
0.769056
-0.87175
-0.988668
-0.822222
-0.038435
-0.130457
-0.00972792
-0.256961
-0.334152
-2.03189
-1.33247
-1.11737
-1.26147
-1.28313
0.467497
0.55621
0.403293
0.306648
0.685163
0.139232
0.226339
0.563738
0.226295
0.305663
0.0176619
0.299652
0.896956
-1.22434
-0.892557
-0.998772
-0.893103
-1.05787
-1.30944
-1.21243
-1.26428
-1.09672
-1.08265
-0.819138
-0.809973
2.45907
-1.13983
-1.17236
0.45358
0.230993
0.0570057
0.446806
0.1787
0.158709
0.106762
0.135105
0.405806
0.380141
0.387433
0.521528
0.182389
0.234991
0.400815
0.347835
0.563718
0.582683
0.640452
0.16366
0.18295
0.281029
0.291711
0.0909452
0.38596
0.298911
-0.815181
-0.8594
-0.847449
-0.830327
-0.669766
-0.71059
-1.07389
-0.965467
-0.875962
-1.26654
-0.9027
-1.04791
-1.20845
-1.12418
0.140747
0.139886
0.066212
0.125647
0.786921
1.07017
-0.877053
-1.26425
-1.20629
-1.08337
-1.07532
-1.19491
-1.35167
-0.135879
2.13927
1.07996
1.10118
1.39978
3.66455
1.38415
1.2212
1.09061
1.45524
1.68012
1.94172
1.51514
2.74751
2.12648
-3.69249
1.0602
1.07933
0.82819
-0.912874
-0.974624
-1.39105
-2.33143
-2.38139
-2.09502
-2.08407
-1.81566
1.62452
2.1881
0.128835
-0.00551143
0.146349
0.326297
0.0567776
0.775414
0.511346
-0.151579
-0.0513559
-3.323
-2.16421
-0.108126
-0.211965
-0.575858
-0.486541
-0.756844
-0.471559
-0.191508
0.906911
1.04541
0.910253
0.805037
0.876333
0.7224
0.567899
0.859472
0.806466
0.673797
0.596573
0.685126
0.982169
2.61665
-2.65159
1.74746
2.09212
1.62128
2.44498
-1.68269
-1.36582
-1.45452
-1.27447
-0.431546
-0.573276
0.668688
0.409764
0.665709
0.465961
0.458231
0.587199
0.615642
1.04468
0.680701
0.757249
0.811995
0.65412
0.700624
0.707633
0.689108
0.938912
0.851511
0.424762
1.09549
0.886159
0.859058
1.05961
1.05371
1.79818
1.82889
2.08127
-1.92577
1.15532
1.40093
-1.54625
-1.14039
-1.52639
-1.60365
1.21389
1.33976
1.78536
1.61973
1.58311
1.77433
1.23321
-1.08411
-0.904558
-0.818829
-1.07132
0.268342
0.268508
1.93511
1.85475
4.52138
-0.405931
-0.508172
-0.45987
-0.455489
-0.0395915
-0.279264
-0.0185856
-0.22972
-0.17157
-0.290961
-0.133928
-0.208591
-0.251981
-0.375913
-0.232207
-0.151699
-0.50052
-0.218781
-1.80961
-1.66901
0.658727
0.352219
0.258478
0.487915
0.127891
0.315894
0.165269
0.183262
1.93331
-3.10854
-2.49163
1.96812
-1.61662
-1.52284
-1.79104
-1.55589
-1.00332
-1.24208
-1.29559
-1.29279
-1.38968
-1.3958
-2.36058
-2.48427
-2.30619
-1.53066
-1.81208
2.08311
1.84196
0.114458
0.0638356
0.299175
0.454968
-0.0376638
2.10425
1.79296
0.738746
0.871165
0.845552
2.51331
2.69218
2.32368
-1.80624
-1.65569
-2.32803
-1.46638
-1.50578
-1.77696
-1.50728
-1.69375
-1.73487
0.752099
0.688209
0.705917
1.01679
0.673989
1.16402
0.479137
0.411127
0.892023
0.789019
0.646269
0.381036
0.551292
0.702771
0.651191
0.669677
0.453848
0.230104
0.518662
0.571486
-3.04177
-2.7929
1.72603
1.15421
1.17916
1.564
1.26139
1.62531
-1.98682
-1.7446
-0.486167
-0.570638
-0.581514
-0.426037
-1.23573
-1.31948
-0.6996
-0.99679
-0.0925502
0.58467
0.637528
0.621575
0.654578
0.366987
1.21209
0.885545
0.316367
0.253617
0.0675088
1.75027
2.28315
1.07538
0.963081
-1.79858
0.252284
0.429374
0.45325
0.351448
0.229641
0.318524
0.310797
-2.75816
-2.4148
1.51316
0.566784
1.6125
1.20516
1.46077
-1.69007
-1.1911
-1.38393
-1.2757
-1.1692
-1.25021
-0.809975
-0.912368
-0.445694
-0.649667
-0.520918
-0.434869
-0.650854
-0.531246
-0.307917
-0.247091
-0.534061
-0.547111
-0.337927
-0.316134
-0.309975
-0.305918
-0.276201
-0.801416
-0.450384
-0.792591
-0.718277
-0.599333
-0.64882
-0.387732
-0.340743
-0.271545
-0.286974
-0.146311
-0.388302
-0.344274
-0.396281
-1.87647
-1.81088
-0.415217
-0.398003
-0.280551
-0.0103148
-0.0640462
-0.883645
-0.822027
-0.760874
-0.655087
-0.233462
-0.211821
-0.0259498
0.00650419
-0.567705
-0.36232
-1.05971
-1.09527
-1.15002
-1.27104
-0.838697
-1.1251
-1.15845
-1.2759
-1.35842
-1.36954
-0.313311
-0.466501
-0.570748
-1.65936
-1.70568
-1.97919
-2.61538
-1.0861
-1.08705
-1.12278
-0.811422
-0.815475
-0.896335
-1.02329
-1.10697
-1.03312
-0.898629
-0.734659
-0.765455
-0.8169
-0.921627
-0.87338
-0.811346
-1.03014
-2.3314
1.51003
1.39018
-0.553465
-0.719458
-0.627035
-0.0296122
-0.526918
-0.607603
-0.30715
-0.55996
-0.343561
-0.388058
-2.39975
0.878044
0.765602
1.13305
0.381344
0.314857
0.223709
-3.41822
0.227931
-0.0747873
0.173995
1.53466
1.02408
-1.30551
-0.911482
2.49854
-0.0819225
-0.637782
-2.65606
-1.33709
-1.34774
-1.60581
-1.99869
-2.03294
-1.97973
-1.39389
1.63773
1.52169
1.49062
-1.22596
-1.26088
-1.11651
-1.59064
1.43205
1.10942
1.21917
1.27519
1.22642
1.44371
1.27828
1.239
1.15135
3.46477
1.08133
0.942995
1.06135
0.874927
1.13055
0.976373
-1.61735
-1.97508
-0.0252461
0.122484
0.952928
1.16179
1.21064
1.21879
1.02693
1.09204
0.809914
1.47088
1.45899
1.153
1.33191
1.3865
1.16437
1.20669
1.17472
1.09647
2.24439
0.605612
0.515434
0.418726
-1.40378
0.308642
0.0874121
0.253921
0.231441
0.104134
0.285519
0.321763
0.474262
0.449948
-0.758968
-0.670587
-1.23752
-0.939097
-0.958412
-0.944239
2.23949
-0.246273
-0.466402
-1.35653
0.447955
0.39048
0.312185
0.979623
1.29424
1.36971
1.48401
-2.17104
-1.42596
-1.84263
-1.18956
-1.53782
1.22461
1.14095
0.792297
0.922149
0.637219
0.989156
0.136332
0.0245487
0.133425
0.102006
0.380222
2.87903
-2.65256
-0.0540317
-0.0379902
0.0827339
0.439971
0.696691
0.628136
1.02805
-0.722346
-0.293233
-0.389954
-0.418738
-2.41445
-2.54399
-2.44239
-2.99964
-1.29544
-1.24812
-1.28667
-1.20716
-0.205598
-0.17417
-0.601178
0.519571
0.405626
3.40688
0.305454
2.61368
1.04401
-1.02642
-0.440104
-0.707103
0.128885
0.0689415
0.0684393
0.170433
0.00245063
0.0125597
6.9502e-005
0.178218
-0.937083
-1.03567
-0.740431
-0.586553
-0.765207
-0.291778
-2.63047
1.70368
-0.18581
-0.398502
-2.47026
2.2646
0.385612
0.204948
0.106067
0.556611
0.194803
0.185844
0.121159
-3.19105
-2.65802
0.777007
0.75349
0.983054
0.979299
0.983412
0.892847
0.651031
0.302726
0.482555
0.733835
0.746541
0.835916
-0.499929
-0.805822
-0.791623
-2.91787
-0.490397
-0.813925
-0.912557
-0.695344
-0.722095
-0.688805
-0.508947
-0.965867
-0.82378
-0.659911
-0.266579
-0.27856
-0.0719187
-0.244163
-0.106598
-0.143261
-0.180888
-0.288704
1.77246
1.92692
-0.202856
-0.124524
0.0993291
0.0338666
0.273574
0.236385
0.246688
0.378952
0.494489
1.32106
1.06078
1.19063
0.97416
0.934796
0.95834
1.10038
1.40721
1.41737
1.36403
1.28941
-3.0339
1.17782
1.26201
1.13928
3.45253
-2.2021
-0.991066
-2.41792
1.72445
1.90837
-1.12829
-2.54693
-2.58416
-1.52174
-1.49457
-1.58508
-1.4134
-1.40261
-1.35072
-0.962716
-2.21122
-0.983647
-0.774344
-1.06853
-0.95831
2.10213
0.776325
-1.45215
-1.59741
-2.54833
-3.00171
-1.71777
-1.56819
-1.56429
-1.44204
-1.7867
-1.69241
0.782013
0.708057
0.72473
1.05896
0.888786
0.872411
-3.76021
2.93885
-0.701503
-0.63403
-0.493169
-0.401933
1.63503
1.6743
2.08257
1.69114
2.00859
2.16946
1.8335
2.06648
0.26903
0.208521
-0.4207
0.0844778
0.0581737
-0.184634
0.27881
-0.158545
0.246751
0.0185802
0.08927
-0.0759694
0.0190484
0.00847817
-0.0628161
0.113174
0.129147
0.0912951
-0.0624426
0.206571
-0.785568
-0.670918
-0.619892
2.2508
-1.40643
-1.62193
-1.86611
-0.306231
-0.927183
-0.249298
-0.699841
-0.843953
-1.13544
-0.39818
-0.960884
-0.552604
-0.404925
-0.447251
-0.58265
-0.890282
-1.04653
-0.841312
-0.871862
-1.2681
-0.473678
-1.2474
-0.754018
-0.949186
-0.985111
-0.95139
-1.02359
3.94635
-2.35611
3.49524
1.90297
1.48032
1.9853
1.91817
1.6149
1.79279
-0.528959
-0.875899
-0.891356
-0.883464
0.0761623
0.393823
2.83232
-0.367137
-2.48074
-0.915308
-1.18836
-0.876729
-1.47579
-1.2535
2.01746
2.47943
1.81284
-1.1046
-1.29862
2.40005
2.52032
-2.45403
1.19272
1.06713
1.06653
2.42626
-0.736726
-1.02275
0.510083
0.332029
0.365107
0.302546
0.346763
1.78964
1.27304
1.44932
1.86403
-0.565607
-0.20221
-0.266263
-0.187298
-0.24898
-0.646103
-0.334386
3.28994
1.79223
1.98935
1.66372
1.88092
-0.160727
-0.226837
0.112836
1.72036
1.69245
1.44042
0.174978
0.348885
0.214797
-0.27993
-0.1724
-0.257238
-0.37728
-0.0766585
0.0835102
0.00870037
-0.0665871
0.125286
0.0645377
-0.190203
-0.398083
-3.21224
-0.45143
2.89978
-3.08537
0.956533
0.93514
0.98441
0.960891
0.878171
0.7873
0.967986
0.810746
1.12859
3.57612
-1.71257
-1.55717
-1.30449
2.26267
2.04222
2.2653
-1.43122
-1.80682
0.0147804
-0.196962
-0.0868953
-0.129663
0.0388368
0.248251
0.194837
0.20258
0.0482745
0.17552
0.174904
-0.000697864
-2.18453
-2.42622
-0.572791
-0.539865
-0.76628
-0.678715
-0.625756
-0.454594
-0.30613
0.641752
0.604185
0.399549
0.514861
0.372942
0.35624
0.351157
0.172921
-2.37841
-2.54313
0.102024
0.379757
0.0333871
0.0527606
0.365665
0.325756
1.12224
-0.320575
-0.401183
-0.564885
-0.424702
-0.499834
-0.589688
-0.369282
4.84762
-2.3284
1.3107
1.52654
-1.9916
0.51331
0.570378
0.580263
0.411132
0.854711
-0.797244
-1.11774
-0.725922
-0.762798
-0.813259
-0.782752
-0.60962
-0.928823
-0.858818
-0.650823
-0.752324
-2.63473
-1.57893
-1.87277
-1.96534
-1.64011
-1.57368
-1.55136
1.83266
1.8478
-0.421005
-0.331394
0.03676
0.0496446
-0.322802
-0.445327
-0.181235
0.0364836
0.0892352
0.322609
-0.123836
2.02119
1.75974
1.55595
-1.54832
1.05812
1.2502
-1.85486
-1.3739
-1.50989
-1.5013
-1.22857
-1.44724
-0.00834451
0.157762
0.430987
-0.187876
0.0339183
0.0972181
0.120356
0.36291
0.562254
0.0457694
-0.404389
-0.271582
-0.666422
-0.755737
-0.382735
-0.48276
-0.450606
-0.422035
-0.422824
-0.342111
-0.519744
-0.76894
-0.18354
-0.16747
-0.199302
-0.24843
0.60829
0.796064
0.647886
0.825611
0.85832
0.743593
0.911248
0.937246
1.00065
0.822873
0.872714
0.636154
0.658633
0.755482
0.869499
2.31625
2.05591
2.37774
2.12027
2.07582
2.12459
2.20002
1.98872
1.90789
2.03788
1.91432
2.02244
-0.214469
-0.374972
-0.313683
-0.133443
-0.0442458
-0.00288187
-0.534796
-0.763925
-0.839059
-0.807761
-0.992619
-0.719979
-0.476835
-0.559628
-0.566915
2.9132
0.70609
1.08606
0.712583
0.702293
0.729431
0.485341
0.422315
0.683171
0.720166
0.60581
-0.482195
2.46724
-1.86142
-0.46138
-0.0156522
-0.0418661
-0.00889274
-0.302999
-0.395662
-0.306596
-0.270022
-0.0944861
-0.0961435
-0.137872
-0.138129
-0.335579
-0.295932
-0.336305
-0.515441
-0.613206
-0.202899
-0.139578
-0.195708
-0.306395
-0.463507
1.48877
-0.972354
0.915891
1.22645
1.03056
1.00018
1.06131
0.769127
0.941225
0.791903
0.816892
0.718537
0.898978
0.967486
0.938324
0.785217
3.6197
-2.76271
-2.71301
-1.85346
-0.901013
0.916407
0.616937
0.749564
1.03745
1.13364
0.935753
-3.36557
0.76065
1.86827
1.52776
-0.566286
-0.515058
-1.06936
-0.780295
-0.154393
-0.101646
-0.50832
1.90276
1.73394
1.94393
-4.04697
1.36375
1.33016
1.19149
1.64398
1.78932
1.26244
1.69586
0.616966
2.05763
