1.52
1.76334
-0.997262
-0.260916
-1.4881
-0.998559
0.243734
0.021889
1.43696
-0.461045
-0.596506
1.16069
0.140601
0.665592
0.229339
0.815125
-0.32969
0.0530146
0.259835
0.815983
-0.229015
-1.28909
0.0190774
-1.88019
-1.38679
0.0966882
-0.974063
1.31609
-0.235575
2.46401
-0.117487
-0.414874
0.733424
-0.136561
-2.82195
0.441548
-0.479176
-1.08578
0.0305385
0.83959
0.724915
-1.14354
0.767103
1.03069
0.363909
-0.0927441
0.414607
1.22007
0.283912
-1.30965
-1.73966
-1.44965
-0.337962
0.975504
0.284411
-2.19423
1.43069
-1.64101
1.10616
-0.46585
-0.351388
-1.07704
1.74074
-0.243427
-0.349998
1.18721
0.46052
0.442576
1.24036
-2.16828
-0.440694
-0.502216
-2.867
0.62731
0.603851
0.167409
0.685427
0.856162
0.656394
-0.0860964
-2.40617
-0.434468
-0.802835
-0.477712
-0.382761
0.35207
-0.483357
-0.95973
0.737335
-0.983129
0.597603
-1.61722
0.576554
0.219849
-0.893606
-0.795254
0.0104854
0.187677
0.949209
-0.673646
-0.396927
-0.873167
2.80211
-0.553729
-2.18796
-0.115774
-0.521393
-2.01391
2.38524
-0.0180544
1.02028
1.22878
-1.09187
-0.086499
0.332413
0.551297
0.226846
-0.58581
2.03535
-1.33674
0.834992
0.474382
0.368785
1.10479
0.442298
1.03925
-0.0799949
0.266403
-1.18942
-2.49596
1.10007
-0.823332
0.450962
0.842452
-0.803121
-0.46961
0.320851
0.182254
-0.689688
-1.16
1.9474
-1.05612
-0.130215
1.17863
-0.36921
0.853702
0.532495
0.524914
-1.25519
-0.533524
-0.282492
1.78782
-1.02159
-1.8325
-1.72156
0.663219
0.320203
-2.0638
0.00914696
1.27364
-1.0389
0.506677
0.376894
0.209364
-1.76256
0.300082
0.108002
0.55504
0.537656
0.0814359
-1.51362
-0.0168345
0.405488
0.760082
0.719912
1.09015
0.232908
1.67873
0.487632
0.477866
-0.756163
0.921692
0.214741
0.389981
2.02204
-0.949531
1.02333
-1.76123
2.06629
-2.15137
-2.50919
-2.42112
-0.355358
1.32186
0.983306
-0.91569
-0.157701
-0.850249
-1.04204
-1.03316
2.70071
1.88984
-2.57346
0.234352
0.569888
0.0190703
-0.399037
-2.13135
-0.864212
0.766107
-1.58644
0.118911
-1.94846
-2.2854
1.08146
0.374375
1.02673
0.685193
-0.488178
-0.843052
-0.82597
-1.56551
1.94435
-0.735988
1.22722
0.3215
-0.625182
1.0604
1.28139
-0.48811
-0.00456235
1.35906
0.247051
-3.4664
-1.22843
0.980451
-0.188116
-0.0223655
0.653499
1.65546
0.888786
0.644837
1.05297
-1.15719
1.55056
-0.183426
-1.10206
-1.3142
-0.0822567
2.01603
1.94012
0.36256
0.286592
0.303174
-0.781891
-0.82701
-2.20145
0.180193
-0.367024
0.139575
-1.70479
-1.08463
0.0732262
0.289574
1.59269
-1.84419
1.11531
-1.85565
-0.351279
-0.297973
-0.872382
1.02176
-0.12163
-1.06489
-0.0951587
-0.851781
-0.671592
1.41486
-0.790687
-0.639992
1.75345
1.32008
1.18407
-0.952147
1.05332
0.195252
-0.708207
-1.25462
-2.2498
-0.90279
-0.272848
0.298673
0.751634
-1.21603
2.44435
0.878876
0.0400609
0.649804
-2.45923
0.690084
0.390681
-0.793216
0.665014
2.48308
2.00506
2.34147
-1.61207
1.71017
-0.126934
1.74147
-1.23369
-0.64427
-1.58903
-0.854885
0.593927
1.38696
-0.279133
0.256867
0.811625
0.811472
-0.486075
-0.298047
-0.780834
-1.10035
1.73343
0.0836645
1.91356
-0.952875
0.808956
0.0856319
-0.0794378
-1.20425
0.437281
-2.42195
-1.05113
0.173359
-1.29536
2.4064
0.783358
1.98752
0.104182
0.252469
0.0329015
-1.43335
-0.0692663
-0.0694819
-0.812637
0.268188
-1.76099
-0.432379
-1.49893
-0.207355
-0.416325
0.75544
0.888685
1.55135
-0.849983
1.32621
1.54403
-1.04969
-0.280073
-0.275417
0.44977
0.682643
-2.18937
-0.62678
-2.07498
0.219002
-0.763242
1.8008
0.506732
0.359918
0.960966
-2.36535
-0.0364558
-0.47841
2.2587
0.126911
0.415164
1.60872
-0.434019
0.240187
0.107455
0.313961
0.178848
-0.469282
-0.737989
1.44427
1.23893
2.25387
-1.22319
1.66189
0.890413
-0.159142
-0.510446
0.72689
-1.24525
1.8476
-0.633574
-0.993062
0.451147
1.90148
0.333406
-0.250296
0.212266
0.840546
2.24181
0.820309
1.89158
0.250119
-0.0330676
0.973208
-1.71417
0.519272
-1.60778
-0.357952
-0.633367
0.0356509
0.212827
1.49638
0.404574
0.742245
0.404793
1.65529
0.403083
-0.457659
-0.374016
0.675613
1.34128
-0.835784
-0.075664
-0.38075
1.88372
1.83634
0.397458
-1.42225
-0.931697
-0.698125
0.247213
1.03928
0.390616
-0.239022
-0.402512
0.608015
0.0376301
-0.689117
0.63524
-1.75694
0.664598
-0.184615
0.236337
-0.800743
-0.313652
-1.97445
-0.872893
0.0252679
0.0961032
0.00585083
-0.539061
-1.16241
-1.79046
-0.0647994
1.05743
0.218283
0.0786039
-0.934041
0.496324
-0.154522
0.45469
0.343124
-0.150348
-1.23503
0.659198
1.03109
0.358877
0.82585
0.311494
-0.883464
-0.189266
0.232429
1.66961
-0.430081
0.171146
-0.487471
-0.0267329
0.174311
-0.486396
0.423408
-0.297755
2.20927
0.532554
0.980036
-0.331057
-1.35349
1.24685
-0.563451
0.325367
1.43902
0.460475
0.810228
-1.58052
-0.388468
0.0844059
2.46051
1.867
-0.0760077
0.709439
0.701815
0.076944
-0.208875
-0.345736
-0.522236
-0.644473
-1.29144
0.693073
-0.977591
0.515795
-1.60008
1.83338
0.303808
0.416819
0.736579
0.261562
-0.412881
-1.36134
1.15175
1.69844
0.976732
1.19419
-2.11819
-0.554811
1.90978
-0.0991866
0.360865
-1.52667
-0.226637
0.8118
-0.416396
-0.0936685
-0.325828
1.56967
0.153947
-0.0480562
2.08758
-0.252463
0.261266
0.935812
-1.47655
0.081738
1.04628
0.810107
-1.95226
1.26227
-1.94833
0.823904
1.01691
-0.701188
0.473809
1.9146
0.516323
2.88936
-0.192435
0.548529
1.24934
-0.460727
1.13668
0.449226
1.34225
-0.306831
0.838662
-1.22728
0.235862
-1.83976
0.0894399
-1.75787
1.00309
-0.590132
-0.278718
0.0722037
0.0100395
0.277625
1.01408
-1.27803
2.72427
0.0940947
1.4571
1.09621
-0.711296
-0.855248
-0.478861
0.592389
1.9661
-2.25691
-0.145674
0.247852
-1.80772
-0.765704
-1.02882
0.514016
-0.0441721
-0.0923818
0.337119
1.13802
-1.29582
-0.447665
-0.335687
0.420058
0.785959
-0.259522
1.32899
-0.30929
0.492396
-0.0401521
-1.10057
1.21556
-0.458301
-0.686552
-1.30052
-1.79198
0.524704
0.791379
-0.00900334
1.06951
1.06763
1.30352
0.0162157
-1.15579
0.981605
-0.0746547
0.315987
1.98389
0.546963
0.420112
-1.70158
-1.04036
0.635017
-0.12327
-0.715092
0.666572
-2.8138
-0.548783
0.703677
-0.381191
-1.17971
0.593185
-0.788965
-0.464591
-0.577359
2.07995
-1.34874
-0.93773
-1.65749
0.447782
-0.743149
1.65058
1.01282
0.284375
-1.13582
-1.2308
1.52361
-0.976855
2.11301
0.0569409
-0.0711894
1.11808
1.37292
0.0538394
-0.00111983
-0.791476
-0.896318
1.58672
1.11274
1.26006
0.73294
0.677544
-1.33542
2.74027
-0.122697
0.855124
3.01191
-0.826389
-0.514101
0.443919
-0.555505
0.441295
0.555949
-0.0287481
-0.729819
0.15375
0.113293
1.39005
-0.398992
0.415323
0.852317
0.883287
2.69703
-0.415343
-0.76498
2.33783
1.07569
-0.64543
-0.996406
-0.592408
-0.116096
0.239249
-0.035808
0.0252542
-0.83096
-2.12789
-0.709112
-1.0949
-1.08186
1.88436
0.45381
-0.736908
1.52786
0.136197
-0.471152
-1.99619
-0.798136
1.77973
-0.786554
1.02859
1.23555
2.04669
0.207657
0.448344
0.384695
-0.61237
0.250827
-0.921403
-0.28262
1.29255
-1.60257
-0.336242
1.17891
0.881237
-0.0322082
2.10138
0.751611
-0.992734
-1.59325
0.688558
-0.813482
-0.0402831
-0.360576
0.13188
-0.68957
0.110322
0.0820577
0.212687
-0.21846
0.755179
0.298166
-1.04206
0.220973
-0.727176
-0.279675
0.144144
-0.756704
-0.754861
-0.595332
-0.447954
-1.4185
0.789723
-0.98396
1.83438
0.102678
-0.30048
1.24551
-0.473663
-1.21151
0.502198
1.04895
0.57454
-0.900168
-0.469368
-1.08134
-2.08101
-1.58124
1.69287
-0.383965
1.67147
-2.49498
-1.92432
-0.132135
2.7072
-0.176182
0.934848
1.45894
0.269229
3.06016
0.628566
1.58469
-1.61571
-1.11178
-0.682877
-0.0566259
1.31254
0.668185
1.57755
0.579737
-1.03177
1.30229
0.744473
-0.657182
0.844604
-1.03186
0.572532
0.000179521
0.237736
-0.550956
0.165813
0.166054
-1.01472
-2.33038
-0.0831126
0.649363
-2.20386
-2.26805
-0.299006
-1.43513
1.96033
-1.29204
-0.449739
1.00016
-0.24163
0.941134
-0.358137
-0.223019
1.38559
0.770374
-0.974853
-0.391604
-0.104016
-0.297518
-0.321001
0.250618
-0.433489
-2.61187
-0.322751
0.0837001
-1.22253
-0.647611
-1.14793
-2.05533
-0.251404
0.317469
0.0926914
2.55557
0.611091
0.423783
-0.350319
-1.23473
0.684011
-0.519179
0.231003
-2.05513
-2.45163
1.22983
-1.08658
-0.49746
-1.61776
-0.618172
0.778199
0.986335
-0.610527
-0.455564
-1.05328
0.0904408
-1.70217
1.39614
0.147865
-1.90306
0.390932
-0.897122
0.29033
-0.488631
1.56395
-1.22761
-2.35906
-1.24097
-0.654674
-0.499866
0.326721
1.57799
-0.360892
2.66302
-1.87568
0.12537
1.05478
-0.13166
-2.32366
-1.8466
-0.341576
-1.98
-0.202256
-0.0331209
0.234536
3.06014
1.35254
-0.685426
-0.0757186
0.00133555
-0.0291589
1.68266
1.22828
-2.07507
0.161871
-1.1648
1.6682
0.467165
-0.502942
1.26991
0.724302
-0.00393053
0.490858
-0.0212681
0.440696
0.603777
0.555972
-1.42183
-0.70207
1.83177
-1.66292
-0.105668
0.718636
-1.94785
0.20324
-1.07443
-1.15827
-1.77575
-1.48275
-0.225519
-1.648
-0.327391
0.194494
-1.64895
0.368685
-1.19253
2.1458
-0.0153006
-1.61675
0.884562
0.429262
-0.410808
-0.886005
0.562957
0.798445
1.75214
0.400062
0.0269711
1.51359
0.503985
0.902595
-0.461256
0.358114
-1.00054
0.131321
0.903719
0.860724
-0.11668
-0.950895
1.22252
1.41963
1.12226
-0.222687
-0.865698
-0.39381
-0.526714
0.65924
-1.24715
-0.76169
2.25156
0.90364
-0.920231
-1.48806
-0.109473
0.29806
0.391552
-1.094
0.294769
2.46219
0.577141
-0.653853
-0.944097
-1.15328
-2.12391
0.211734
-1.34822
0.544069
-0.0515544
1.556
1.5662
0.848829
1.3414
-0.612681
0.327402
0.442857
-1.95598
0.594926
0.797928
1.81491
-0.561517
-1.31027
-0.287751
-1.32998
0.252121
1.31649
-2.53484
-1.62277
0.278786
-1.18824
-1.00006
-0.249013
-0.459796
0.330075
0.569121
0.46198
-2.11239
1.61607
-1.22314
-0.463174
-0.140498
2.4833
-2.11626
1.8163
0.621608
0.917655
0.314644
1.38256
0.396851
0.534109
-1.45602
-0.353673
-1.01945
0.712773
-0.503852
0.277631
0.9441
-0.0516153
-0.735279
0.540223
0.959548
-0.238217
-0.508663
1.43084
-1.60702
0.00833895
-0.139729
0.075451
-0.70791
-1.53505
1.48186
1.0224
-0.834412
0.588545
-1.46016
-0.833702
0.0830577
0.860074
-0.154166
0.893058
-0.408963
0.589966
2.85808
-0.145392
-0.229125
-0.633438
-2.19861
1.56821
0.538729
0.0303766
0.393218
0.515737
-0.330015
0.221
0.847309
-0.0188546
-0.4511
-1.50555
-1.00572
-0.311289
2.52231
-0.120303
-0.127544
1.28113
0.798117
-0.470957
0.4341
-0.12735
-1.32619
-1.12142
-0.22618
0.428191
2.37139
0.764761
-1.9869
0.399593
1.98108
-0.607862
2.15298
-1.52269
-1.38188
-0.311523
-0.402994
-2.1205
-1.78598
-0.479865
-1.1355
0.827556
0.96359
0.33767
1.13115
1.2909
1.02858
-0.589792
-0.593132
-1.87547
-1.94461
-0.829358
1.08601
-1.47706
-0.295959
-0.886977
-0.899775
-0.497272
1.49985
-1.93227
-0.12527
-0.5249
-0.373557
-0.0997412
-0.370418
-0.0801697
0.78129
0.772351
-0.101728
-0.484618
0.562316
0.92464
1.44328
0.139984
0.0434196
-0.614838
-0.421614
0.371211
-0.689082
0.0906958
-0.512237
1.34959
0.244673
1.33169
-0.0549155
-0.792054
0.38357
0.91203
2.17514
1.21811
0.812066
1.80622
-0.172651
-0.820167
0.774552
-0.0533085
0.281353
2.13587
1.85401
0.059512
1.27087
0.055463
1.18571
0.406711
-0.736568
0.928151
0.184437
1.52713
0.104005
-0.343206
-0.811758
-0.603556
-0.583836
-1.68171
-1.92239
-0.117098
-0.622683
1.49088
-0.613742
0.115182
1.51401
0.20015
-0.824582
0.140191
-0.50318
2.1803
0.532743
-1.36631
0.660173
-2.20457
0.761563
-0.517701
-0.824205
-0.285806
1.14312
-0.145793
-0.279731
-0.0340575
-1.05645
2.3072
0.963506
0.819436
-0.387857
-0.443439
1.24118
-0.114846
-0.592176
2.03877
-2.33109
-0.171959
-0.719109
2.07582
0.457105
-0.222418
1.61785
0.331833
-0.355768
0.63357
-0.688097
0.431701
1.65995
-1.46503
1.50647
-0.144317
-0.999001
-0.221506
-1.32239
0.554516
2.62897
-2.02448
-1.77671
1.30299
-1.88278
1.18823
-0.182983
0.226732
0.158648
1.74814
-0.500322
-0.819778
-0.455073
-1.10991
0.897204
-0.891225
0.290497
1.25139
0.196063
-0.589528
-0.0973084
-1.77993
-2.12936
-0.900418
0.221084
0.270371
0.585814
0.523125
-1.3908
-0.932188
-0.259365
1.22911
-0.822294
-1.18239
0.0830186
0.349141
-0.634784
-0.137093
-0.0151896
-0.384148
1.72705
-0.385469
-2.01244
0.596232
2.42874
0.0509391
0.925139
-1.37331
-3.48363
-0.108475
-0.741388
1.01559
-0.192119
0.466493
-0.174858
-0.25783
2.54504
-0.40968
1.18108
0.953328
1.49538
0.0592936
1.23827
0.135282
-2.60456
1.46436
-1.39189
0.840753
1.2131
-0.876075
-0.168636
0.693639
-1.33822
0.397302
-0.435471
1.28326
0.291158
1.61298
0.947728
-0.148443
0.0868652
-1.49832
0.179013
1.01134
-0.727563
0.423407
0.57477
0.706676
1.15017
0.205856
0.0685844
-0.186732
0.36609
-1.09105
-2.18157
-1.32194
-1.08318
0.018942
-0.547945
-1.08659
2.04818
-0.524284
0.0391629
1.59911
-2.05296
-1.08605
-0.893787
-1.06059
-1.3195
0.154389
1.49758
0.214063
1.38349
0.355936
-1.4811
0.700349
-1.47445
1.85209
-1.14275
0.216898
0.555338
1.32409
1.82879
-0.94375
1.40228
-0.373427
0.983207
-1.48474
1.15545
0.975536
-0.786341
-0.522066
-1.00808
2.67381
0.863037
2.07089
-0.580671
-0.987078
0.532761
-1.44111
-1.20749
1.42303
-0.0348296
-0.453461
0.456185
0.636792
-0.215082
-0.9735
-1.19485
0.903881
0.118325
-1.17215
0.136275
1.52483
2.14696
-0.669301
0.596208
1.00034
-0.738286
-1.30414
-0.536907
1.05918
-0.268285
2.02191
0.530356
-0.846761
0.377038
0.857361
0.787409
0.298438
0.268367
-0.472778
1.09398
0.482878
-1.60504
1.85908
0.135597
1.1932
-0.670222
-1.65631
-0.0146249
0.318252
0.329066
-0.248214
1.35618
-1.78231
-0.0992663
-1.94987
-1.7296
0.593147
1.04348
-0.549417
0.666234
0.836973
0.124921
-1.53624
0.774129
0.495574
0.053953
-1.94292
-0.512322
-2.06517
-1.16744
-0.710773
-2.84296
-0.661877
-1.17604
0.982846
1.41737
0.194497
-0.362834
-0.506228
-1.10455
2.19482
-0.643627
0.881389
0.312546
1.19619
-0.361362
1.68522
-0.516105
0.459438
1.51783
0.0718112
-0.988951
0.45906
-0.30565
-0.566336
0.356242
0.148744
0.0826397
0.528971
-1.97658
1.9431
-3.13006
0.523111
-1.03207
0.547656
-0.919504
2.18033
1.77311
-1.03452
-0.386322
0.353939
-0.309136
0.296694
2.13832
0.515221
1.20393
-0.63668
0.805962
-0.142826
-1.26534
0.453579
1.26599
-1.57153
1.61382
-0.707469
-1.60667
-1.0788
-0.315431
-0.481513
-0.841592
1.35745
1.62588
-1.76947
1.37798
0.879905
-1.27386
-1.49703
0.0275899
1.1986
0.244899
0.732477
-1.1252
-0.0758245
1.40889
1.43577
0.551694
-1.24688
0.606085
-0.766854
1.36427
0.149641
0.726193
0.65501
-0.317414
0.327772
-0.891746
-1.54365
-0.268447
1.48753
1.89773
1.29836
0.859829
1.74802
-0.185516
0.245784
1.86181
-0.836561
0.214037
0.814556
0.636322
0.589225
0.248052
1.50109
-2.42407
0.746874
-0.942369
-0.547159
-0.812278
-0.319401
0.27204
-0.286984
1.07942
0.530948
0.24747
0.922072
-0.0167158
-0.566737
-0.17089
0.301451
-1.39809
-1.24996
-0.47444
-0.788445
-0.624039
0.556271
-1.13653
0.580843
1.43893
-0.15106
1.40459
0.436163
0.662653
-0.452378
-1.1853
0.142184
-0.320766
0.612116
-0.546595
-1.07935
-1.63927
-2.82178
-0.860224
-0.291139
-0.432064
0.342594
-0.303341
-1.27294
0.804312
0.174739
-1.34541
0.0458866
0.702795
1.60083
2.09939
0.972883
2.58173
-2.14714
1.35525
1.13446
0.822231
0.882395
-0.68082
-2.01217
0.501767
1.2978
-0.574195
1.42714
-0.52914
-1.08899
-1.86524
2.00594
-1.38011
0.695212
0.804862
-0.676044
0.497273
1.34054
0.00183762
0.301918
1.23901
-0.271058
1.58051
1.17648
0.477077
-0.858077
0.474092
-0.981613
-0.072351
3.61302
-0.373419
-1.14041
-0.068718
1.42364
-1.84383
-1.14144
-0.406473
-0.371308
0.857033
-0.744248
1.69422
-0.240852
-0.905497
-0.761271
1.52053
-0.338868
0.60792
-0.376223
0.206426
0.199048
1.2202
-2.39984
0.434586
-0.29871
-0.14715
0.716334
0.134457
-1.73904
-1.423
2.09624
-1.46671
0.970357
2.32422
-0.13653
-0.372861
0.0763984
1.37483
-0.545667
-2.70268
0.878023
1.776
0.869425
1.69414
0.327138
-0.633423
-0.57828
-0.878705
-0.730211
0.107115
0.177365
-1.89519
0.506435
-0.244881
0.547755
-1.57361
-0.419098
-0.453857
-0.44968
1.56168
-1.13821
-1.97298
-1.29695
-1.13892
0.0672482
0.405394
0.0176276
0.0339441
0.340755
-1.91637
0.27779
-1.19088
0.237148
-0.333016
-0.225795
-0.516009
0.102157
0.339587
0.314179
-0.291657
0.457991
0.43594
1.20895
1.40534
-1.50132
1.44108
-1.37781
1.12221
1.48544
0.38933
-0.654239
-0.108031
-1.33724
-0.821426
0.16505
0.125895
0.396421
0.181502
-0.70576
0.512869
-0.828324
-0.358907
1.1267
0.800797
-0.481709
-0.408235
0.500252
-1.51313
2.14389
0.618972
1.25872
1.18428
-0.665581
-0.290953
0.260323
0.872841
-1.30916
1.40897
-0.208565
-2.72123
-1.79701
-0.915254
-1.55944
0.51622
0.557649
-0.364438
1.44816
-0.699527
-2.12007
-0.346832
-1.11002
0.00938792
1.5143
-0.851109
0.0465022
0.407526
1.04924
-1.27599
0.376033
0.173122
-1.98229
-0.656968
0.480031
-0.793866
0.461274
-0.902055
1.10578
1.63085
0.751338
0.937022
0.674052
1.06506
-4.1867
-0.0714145
1.2922
-1.20314
-1.13739
0.232444
0.0108626
-1.14533
-0.509081
0.0244286
0.822014
0.540983
0.982848
1.14758
-0.855403
0.92782
-0.354148
0.86508
-0.683709
0.232455
0.763255
-1.77758
-0.778164
-0.265153
-0.730644
-0.707376
-1.9446
-0.360053
0.890749
-2.74326
1.08705
0.956603
0.8501
-0.390548
0.59794
1.59011
0.592141
-0.573897
1.25902
-1.43177
1.48608
-0.63037
0.321938
-0.00233244
0.151549
-1.92695
-1.85235
1.20009
-1.27323
-0.136761
-1.90881
-0.981814
-0.706911
0.464227
0.959307
0.637694
-0.122264
1.79132
2.07688
-0.648882
-0.568164
1.0742
0.558232
-0.226077
-1.08605
0.757716
-1.20966
0.621925
0.86481
1.42169
1.41253
0.849583
0.0549407
0.122633
-1.14817
-0.0458607
0.203561
0.304982
0.616683
0.157153
-1.41666
1.86621
0.998482
1.83958
-1.09387
-1.43577
0.118716
1.14502
1.06297
0.056042
-0.47304
-0.110747
-0.86072
1.76676
-1.29845
-0.111983
-1.49351
0.978895
0.481235
0.820413
-0.263488
-0.495141
0.211105
0.230642
0.783414
2.40616
-0.31204
-0.407595
1.58027
0.879302
-2.18268
-2.31152
0.383584
0.102236
0.637611
-3.15092
1.35875
1.18427
0.274602
2.02893
1.95124
0.422065
1.23843
0.622418
0.814652
0.538807
-1.10053
-0.71682
-0.683641
1.25174
-0.752109
0.81789
-0.590967
-0.5539
-0.633093
-0.204596
-1.97757
0.395611
0.375749
-1.3254
-0.791255
-1.63156
-0.459219
0.470695
-1.67225
0.23692
-0.448139
-1.25535
-1.38429
-1.0845
0.51455
0.376405
1.45096
0.125486
0.301932
0.768129
-0.153246
0.292358
0.347586
-0.272033
0.056789
0.371634
0.868633
-0.0594762
2.66611
0.206381
-0.642572
-0.038499
0.249052
0.684478
1.97743
0.951769
-0.244216
0.680127
1.16111
-0.224003
-0.809893
0.108768
0.154408
-0.315886
0.988309
-1.37279
-0.0214816
-0.342035
1.82012
-0.385956
-1.79341
0.566978
2.00731
-0.282195
-0.371178
-0.0196063
-1.97749
-0.109027
0.952165
1.56188
-1.05599
0.236567
1.83649
-0.924727
-0.668986
0.210382
-0.286617
-1.16888
1.05429
-1.25381
-0.934091
-0.556803
0.0755337
0.466656
0.0437473
0.351655
-2.24514
-0.0943943
1.31249
-0.349687
0.0335761
1.43355
-2.13354
1.70933
2.5103
1.20386
-0.497633
0.357483
0.896238
1.26502
-0.137264
0.0467319
0.438212
0.374952
0.640328
0.389505
-0.561668
-0.360006
-1.87279
4.21664
0.230923
-1.64365
-0.988177
0.712265
-0.349782
0.967499
1.66398
-1.39423
-0.44811
0.872074
0.354071
1.05568
0.0864122
-0.436403
-1.66721
1.36788
-0.0959429
0.815203
1.5156
1.11047
-2.693
0.791579
-0.0461331
2.37206
2.24193
1.24765
-0.0646829
-0.123016
2.38215
-0.0526278
1.27877
0.833755
1.6153
0.472807
0.0854864
1.93179
0.0983082
0.14932
0.182575
0.703206
2.19862
-0.410146
0.0498342
-0.459635
1.1886
0.581453
-0.266866
-0.849721
0.204236
0.187298
0.970011
-2.23896
0.796753
0.379849
-0.611112
-0.535665
-0.48628
0.498052
1.00603
1.51975
-0.344196
-0.135182
-0.564924
-1.3832
1.39547
-0.476223
-1.06373
-0.534789
-0.102646
1.98557
0.9535
0.0184493
-0.142046
2.18071
0.728707
-0.261153
-1.00093
0.0957832
-1.64219
0.816904
-0.132653
-1.44351
-2.08136
1.00665
0.544421
1.42503
0.139187
-0.631118
0.677561
-0.738024
-0.32509
0.430589
-2.00162
0.215581
-2.25829
0.927107
0.0269217
-0.963598
-0.653125
1.64091
0.446907
-0.0526221
0.635755
0.667714
0.825478
-0.757503
-0.771853
0.480389
-0.56839
-0.255197
0.8712
1.16991
1.7506
-0.451433
-2.03302
-0.914537
-0.58036
1.09698
-1.20416
-2.19452
-0.540407
-0.677304
-1.66538
-0.820525
-0.213918
0.916532
0.319409
-0.51639
2.61897
-0.281735
1.06683
-0.737858
-1.02983
-1.24507
-0.0932532
-1.78843
0.294813
-0.913553
-0.399031
-1.06531
0.185752
1.78153
1.54908
-0.801225
0.170502
-0.0571078
-0.920293
-0.168444
-0.105104
-0.85108
-1.84182
1.08398
-1.23475
-1.04802
-0.294314
-0.10944
-0.541662
-0.0241591
-0.19328
-0.192805
0.179945
-0.0267319
2.01536
-1.23475
1.99496
0.150756
0.437578
-1.7072
1.2297
-1.37355
0.540746
-0.986419
0.491279
-0.0379137
1.28427
-0.950722
0.607707
-0.131196
-0.349958
0.175865
-0.660385
-1.6856
0.426745
0.658327
0.118712
-1.54614
-0.909224
0.817299
0.266361
1.25468
1.19635
0.235018
-0.545093
1.54027
-0.145473
1.88306
0.855628
-1.63452
1.62408
0.844702
-0.358622
1.77262
-1.16047
-0.48805
0.174301
-1.29528
-0.678353
-1.40379
0.55328
-1.8379
-0.101806
0.137551
-1.4159
-0.146348
0.0787048
-0.580269
0.470483
0.698042
0.396201
-0.195666
0.325414
-3.26915
-0.630327
1.07365
1.31331
-0.00509451
-1.5262
-1.29604
-2.9634
-0.126212
0.61854
-0.0717581
0.791215
-2.37065
-0.865521
-1.19891
-0.0799127
0.536088
-0.253976
-0.766138
-0.37287
-0.609884
-0.575272
1.78635
1.38436
-0.492326
-0.786349
1.70333
1.70091
1.37864
0.371469
-0.285133
-1.32616
-1.39794
0.65159
-0.0103423
-0.447114
-1.23072
1.36628
2.93283
0.843626
0.733427
0.162005
1.43817
1.48878
-0.197477
0.541049
0.834938
0.0330908
-0.437816
-2.33375
-0.281513
0.668149
0.796148
0.531267
0.358615
-0.894406
1.69224
-0.440708
0.824251
1.28665
0.154632
0.642088
0.923119
1.17764
0.0650167
-0.421975
2.06101
2.33779
0.07236
-1.10598
1.17152
-0.680496
0.482073
-0.710709
0.612806
0.932765
0.0126967
1.53921
2.38125
2.52729
0.595575
-0.0665307
0.331435
1.32679
-0.110055
0.825023
-1.1267
-1.29538
0.897756
0.929619
-1.65363
-0.633377
-1.34789
-0.535192
-1.48946
-0.717497
-0.0138445
-1.41908
-0.364424
-0.510911
0.829191
0.748354
1.34121
0.840973
-1.10239
0.512942
1.36782
-1.06619
-0.592424
0.0376076
1.45328
0.36858
-0.118391
-0.471253
0.439551
0.202151
-0.87604
-0.828771
-0.675326
1.1766
1.79425
1.40261
0.893236
0.719052
-0.756765
-0.87703
0.269203
1.13012
-0.214301
0.342727
-1.66077
-0.335256
0.700662
1.43309
0.612537
1.43187
0.0424129
-0.694565
-1.06363
0.165112
-0.335835
-1.10651
0.88234
0.287199
-1.08531
-1.73716
-0.170784
-0.965032
1.26824
-0.556425
-0.225945
-0.297824
0.686619
-0.488015
0.026098
-1.13707
0.69261
0.0375801
0.486839
2.08588
0.00803762
-0.151878
2.50096
1.58101
-0.406525
-0.119011
1.19763
-0.32089
-1.46672
0.492051
0.590976
-1.15748
0.133829
-0.154628
-1.91144
1.47776
1.96273
-1.74116
-0.121147
-0.17891
0.181793
1.0676
-2.5332
-0.799815
-1.0516
-0.572979
0.269283
-0.689044
-1.10541
-0.430325
-1.12478
0.268666
0.313924
-0.171167
-0.296255
-2.1189
1.45945
-0.466476
-2.37889
1.48387
0.568839
0.383048
0.855311
-0.318976
0.430413
0.794357
-0.936606
-0.113687
0.13376
2.19852
1.11294
2.73235
0.716565
0.185448
-0.47291
0.274464
-0.121057
-0.849051
1.27228
1.1443
0.777833
0.0235608
-0.548376
1.24595
-0.819182
0.13422
-0.593548
-0.880035
1.16696
0.449293
-0.74433
-0.892073
-0.306651
0.332213
0.36456
1.25154
-0.898235
-2.45008
-1.79244
1.65348
2.99513
-0.542423
0.266161
0.351724
0.747761
-1.45499
-1.44185
-1.05207
-2.98359
0.794216
-0.967103
-0.803418
0.344975
0.747588
1.01287
0.723229
-1.21773
-0.11938
1.06975
1.33082
1.2605
-0.261778
-0.0464605
0.0654655
-0.550001
0.346811
0.772916
-0.792207
1.42537
-1.94607
-0.24767
-0.186567
0.676665
0.527496
2.76922
-0.508788
0.657818
1.99371
-0.348734
-1.12387
-0.314151
-0.145083
0.292827
0.17323
0.372866
1.18682
-0.909162
1.31276
1.06525
0.333082
-0.483569
-1.85361
1.5405
-2.66119
-1.25101
1.08823
0.557975
-0.946001
-0.690851
1.07413
0.398458
0.180166
0.492138
-1.93277
-1.66025
-1.71808
-0.757113
1.12506
0.201168
-0.562399
-0.485929
0.30113
0.467555
0.334842
1.87941
0.627193
-2.14456
-0.665275
0.45182
0.963213
-0.468736
-2.04532
0.428721
1.59621
1.1389
1.09371
-0.245163
-0.582118
-1.02111
-0.367359
1.42226
0.227066
-0.0476311
-0.589294
0.855777
0.671725
-0.0840698
-0.654078
-1.32112
-0.900124
0.0447731
-0.704612
0.390509
0.508261
1.38253
0.0145816
-0.160706
-0.865554
0.536736
0.968283
0.679342
0.236539
0.635715
1.03097
-0.708241
-1.20399
0.762242
1.7481
0.0282382
1.61953
0.84215
-0.143749
-0.383586
-1.66774
-1.3515
0.882624
-1.61176
0.85847
0.634438
-0.0763707
0.649106
0.421914
-0.840992
0.726506
0.830764
-0.0971967
-1.66505
-0.386605
1.32194
-1.66589
0.232113
-0.20667
1.51557
-0.955221
1.24588
-0.56267
1.79833
-0.583154
-0.429333
0.856455
-0.0323524
-2.51895
0.859455
-0.00980164
-1.01574
-0.209118
-0.424903
-0.143
1.13142
0.991004
-0.022051
0.116246
-0.737906
-0.512905
0.251832
-0.0728701
-0.304858
0.978337
0.602279
1.44544
1.62741
-1.27918
1.61663
1.31686
0.875289
0.654727
0.23168
-0.0561747
1.5029
-0.108421
-0.320301
-1.56481
-0.679207
-1.70929
-1.36842
-0.793729
-0.709019
0.701641
-0.176855
1.28414
-0.237123
0.461417
0.0619035
-1.81488
-1.804
2.0397
0.041338
0.880173
-1.10149
-0.227475
0.39451
-0.403807
-0.245185
0.860906
0.389063
-1.60486
-0.779193
-2.24592
1.09055
1.0023
0.732176
1.07572
0.887994
0.175936
-0.712862
2.52366
-0.33354
-0.244338
-0.518469
-2.0797
0.452795
0.426529
0.699555
1.45425
-0.463612
1.24299
-0.697996
-0.696334
0.0143065
0.2662
-0.390754
-0.150503
0.0164311
0.980862
-1.16792
1.35496
0.940977
0.258033
1.95235
-0.6002
-0.692039
-1.07819
-0.816449
-1.23445
-0.134088
-2.18951
0.965255
-0.00613676
0.978597
0.989025
-0.354232
0.0735018
0.523625
-2.31419
0.285221
-0.57483
1.11909
0.0189474
0.21472
-1.24977
-1.37106
0.662944
0.64968
0.772892
-1.71324
0.0846033
0.908595
-0.020181
-0.362189
-0.0369236
2.65745
-0.983674
-1.29022
0.992651
0.498669
1.41872
-0.185067
-0.148526
0.263636
-1.07721
0.0061011
0.597427
1.34556
-1.33384
-0.737172
0.301808
-0.613957
0.70961
-0.657751
-0.155351
-0.553305
-0.370965
-0.301671
-0.556964
-1.49044
0.392166
1.12431
-1.29639
-1.00681
1.30324
-1.44328
-1.26908
-0.886296
-1.23686
2.12719
0.464599
0.210998
-0.843397
-0.114563
0.778084
2.1335
1.23216
-1.86171
-0.33356
0.277576
-1.80516
-0.61432
1.54914
0.34556
1.43019
0.0481827
-0.326033
2.4725
1.44804
-0.0501599
0.381079
0.164287
-0.0823152
-1.46474
-1.0728
0.106906
0.291758
-1.84336
-2.02866
1.2822
0.522318
0.0212329
2.01
-0.73266
0.478371
0.409325
1.02341
-0.896568
-1.22035
-0.543676
-1.29908
-0.378741
-0.554322
0.542807
0.367361
0.451478
-0.504133
-2.78073
0.0263749
0.381506
-0.800183
-1.19789
-0.178374
0.331203
2.18076
-0.283107
-0.638447
0.497632
1.70142
2.35717
-2.06201
0.213584
0.0645711
-0.771288
-1.158
-0.434169
1.32872
0.412805
0.631326
1.62131
0.329209
-1.31442
-0.155364
-1.11789
0.460654
-0.899729
-1.87604
-0.76212
-0.51732
-0.11907
-0.449191
-1.52317
-0.570642
1.41202
0.325827
-0.508399
0.431806
-0.293481
-1.06229
-0.106036
0.540657
0.625601
-1.08668
-0.608911
0.284753
-1.16945
-2.32964
-2.75334
-2.18714
1.97787
0.154911
1.32434
-0.756565
-0.14244
0.512602
1.64603
-0.293995
-0.760653
0.985548
0.375859
1.34824
1.63947
0.150331
2.62789
-0.159686
-1.39303
-0.330178
-1.92501
1.17482
1.58783
-1.4972
1.45373
0.135961
0.0441087
-1.1831
0.625885
-1.08212
-1.25938
-1.97927
-2.08731
-0.263843
0.284878
0.911487
0.381063
-1.43785
-1.3747
-0.0567263
0.595226
0.3957
0.589547
2.37089
2.61699
1.20755
-0.334551
0.931098
1.19583
-1.49365
-1.51037
-1.52292
0.402233
-0.290358
-2.99128
0.868659
1.99137
1.34441
-0.566992
-0.471481
-0.635962
-0.533343
0.412253
0.242022
1.99073
0.131763
1.55314
-0.0261433
-1.02011
-3.18666
-2.31016
-0.120952
1.14186
3.03578
1.89273
-0.0352731
-2.11697
-0.792004
-0.530793
0.87889
1.27425
-0.03837
0.891835
-0.269854
-1.14585
-0.713228
-1.10851
-0.62408
0.411452
-1.39225
-0.058006
0.789771
-0.122902
0.687235
0.865175
0.447544
0.186274
0.0891798
-1.1103
2.29056
-0.269996
0.877659
-2.08759
-1.95832
-0.613748
4.09842
-0.384968
0.63054
-0.344945
0.717164
1.60997
3.15203
0.702776
0.303947
-1.37484
1.48288
1.51032
0.469863
0.913803
0.0730658
-1.03044
-0.887751
1.12514
0.426735
-1.31024
-1.20153
-0.62252
0.84123
0.350334
0.172411
-0.230382
-0.573796
-0.191309
-0.469174
-0.622757
-0.701038
-0.543557
1.18781
0.572578
1.252
-0.369964
0.729522
0.440311
1.34388
0.339864
2.23777
0.729709
0.459341
1.17206
0.89376
3.72058
1.57282
-0.858284
-0.610392
0.087771
-1.09861
-1.12809
1.55691
2.27491
0.796518
0.0538854
-0.417398
-1.58578
1.08187
-1.81243
0.356787
-0.417562
0.0128241
-0.971567
-0.0839842
-0.626479
0.846433
-0.486936
-0.70696
-1.05268
0.951279
1.17077
1.81611
3.28369
-0.125473
0.767675
-1.6818
0.355653
-1.12893
1.29066
2.32939
-0.723038
0.553695
-0.681169
0.964316
0.664042
-1.02729
0.10334
-0.175453
0.215439
0.19367
-0.422771
-0.269155
-1.57594
0.1443
0.676937
-0.414229
-1.53339
0.688609
-0.42674
0.644069
-1.00055
0.0706101
1.02332
-0.633193
-0.993022
-1.25388
-1.45581
-0.0806756
0.431967
0.849578
-1.21971
0.297005
0.13992
-0.400955
-0.640903
0.113156
-1.21102
0.593251
-1.61207
-1.35611
-1.77022
-0.885709
0.696532
0.93029
0.03888
1.62417
1.00606
-1.2672
-0.666875
0.160544
-0.313918
0.771124
-0.00464036
0.32828
0.975504
1.14757
1.01146
0.566898
0.922673
0.240928
-0.387321
-2.214
-1.10522
-0.219797
-1.79016
0.418529
-0.13281
0.524055
0.506946
0.41096
1.38643
0.208078
-0.425279
-0.121378
-2.00179
-1.49091
1.18892
-0.798731
-0.53146
0.12134
0.924991
0.132993
1.23159
-2.4454
0.713299
0.812378
1.71259
1.9209
-0.202174
0.0246228
-1.12397
-1.82807
2.39854
0.385543
1.15207
-0.806321
-0.306873
0.584178
1.22298
-0.5456
0.804541
1.2659
1.37913
0.131674
-0.854541
-0.402442
0.508753
-0.762565
2.03978
-1.53061
1.86895
-0.425392
-0.618389
0.148552
1.128
-0.336073
-1.96575
1.97896
-2.44078
-2.6556
1.78614
0.0646291
-0.599387
0.477325
-0.183995
-0.731882
0.601248
0.780872
-0.120136
-1.54433
-0.850089
-0.253472
-0.943852
0.147696
1.85124
-1.71671
0.996133
-0.210482
1.19983
-1.4598
0.968318
1.79118
0.878962
-1.20586
0.588923
-0.284069
-0.600851
-0.141952
0.536525
-0.229245
0.352495
0.972576
-0.0144791
0.518935
1.92477
0.787163
-0.24206
-1.22926
1.15593
-1.26102
0.308236
0.406587
0.0974895
-1.10543
0.857318
-1.07938
0.651709
-0.210282
-0.279033
0.621295
0.453379
1.64908
-1.76881
0.36117
-0.750218
-0.97458
0.410904
1.20382
1.23744
-1.27421
-1.0431
-1.46294
-1.52692
-0.593006
0.0126564
-0.168687
-0.589946
-0.615947
-2.05792
1.69351
-0.407335
-0.292085
0.715214
-0.637442
0.568859
1.46293
-0.946569
1.80216
0.278105
-0.0462113
1.55885
0.446008
0.407146
-0.857304
1.75567
-0.876457
0.0570944
-1.59607
0.858423
-0.302737
0.686209
0.0820257
0.457185
-0.217061
-1.82388
-0.585564
2.86814
0.757522
-0.204571
-0.176232
-0.874593
0.728422
2.1042
0.667802
1.00122
-0.0282489
-0.141555
1.36375
-1.28928
0.0934038
1.67763
0.998245
1.53926
0.162746
1.29589
-1.24038
-0.773725
-0.403482
0.62805
0.788377
0.498081
0.399499
0.113132
-1.48658
-1.91219
1.11982
-0.0192691
2.80853
-1.19184
-0.772808
0.559564
1.38646
0.246469
0.734726
-0.516205
1.09728
-1.1988
-0.587532
-0.15742
-0.414915
-1.49648
-0.418091
0.546992
-0.396809
-0.603562
-1.54079
-0.725033
0.696426
1.98267
0.888247
0.385611
-2.18041
0.0763482
-1.16978
1.44628
-0.191777
-2.05865
-1.83808
0.251844
0.230729
0.791276
0.555901
-2.15331
-2.37653
0.303558
0.323773
-0.951964
-0.122028
0.707551
0.489243
2.17781
-1.35537
1.21734
0.850276
-1.38348
-2.15918
-0.83083
-0.405582
0.476134
1.53534
-1.33662
1.08136
-0.00154324
-1.8594
-2.29419
-0.0884603
-0.467549
1.82005
0.712598
-1.10261
-2.24183
0.0016211
-1.93524
-1.15927
0.713222
-0.0620955
0.26841
0.629003
-0.0153031
-0.536642
-0.686861
-0.662334
-0.286609
-0.194291
0.36803
-0.631721
-0.736351
-0.162714
-1.52932
1.17941
1.35417
0.032854
-0.756397
0.161868
-0.450527
2.22066
-0.972276
-0.237783
-0.523299
0.401374
0.447666
0.724113
-1.03472
-2.02998
1.25714
-1.28461
-1.03125
2.24844
-0.163706
-0.373812
0.441156
-1.49994
-0.313577
0.805232
-0.88921
-0.404191
0.479149
-1.19992
0.726538
1.15976
-1.69994
-0.496523
-1.08594
-0.541225
-0.802722
2.49481
1.09635
-0.207265
-0.0306261
-0.440032
-1.21756
1.51013
0.473388
-0.561044
0.848841
0.219943
1.52092
-0.0253489
1.46148
-1.33611
0.815827
-0.889794
-1.30555
-1.08326
-0.0485694
-1.21309
1.90624
1.25012
-1.15012
-1.9986
-0.735684
0.563119
-2.0591
-3.17723
-1.38913
0.0514778
2.6827
1.54893
0.187225
-0.641193
1.59287
1.03684
-1.16543
3.06408
-1.50966
0.426098
-1.04408
0.317543
-0.881553
-1.31695
1.16055
-0.807191
1.5545
-0.889591
-0.104941
2.11644
-0.217584
1.72687
-0.0998977
3.107
-0.556886
-1.52992
0.5159
-0.538504
-1.99884
1.03104
-1.44177
-0.00487935
-0.250833
2.18622
-0.229807
-1.3332
-1.73511
0.979908
0.68238
0.876307
-0.281359
2.33259
0.674632
-0.261144
-1.12586
-0.323036
-1.35776
0.596056
-0.287958
-0.867766
-0.690978
0.776443
1.17013
0.55866
0.0757379
-1.13946
-1.85845
-2.59215
0.341373
-0.0110631
1.46251
0.935072
1.39925
1.02368
0.884778
0.76899
-3.0804
-0.109401
0.906016
-0.428949
0.174678
-1.68071
1.84805
1.68796
0.228123
0.456172
0.0313395
-0.0761057
0.308733
-0.411614
0.622073
-1.40225
0.143009
-0.427915
-2.24908
-0.472193
1.14366
-0.098345
-1.76729
-1.98619
-0.177529
-0.124757
1.91622
-2.38493
-0.209959
0.373421
-2.20625
0.00621324
2.01629
0.709692
0.321203
-0.205844
0.26574
-1.03472
1.52347
0.268512
1.51752
-0.00362596
1.31982
1.223
-1.57025
-1.05503
0.277871
1.1416
-2.37933
0.762124
-0.485333
-0.557543
1.06406
0.603626
-1.67625
-1.04618
-0.599178
-1.42671
-0.089862
-2.18666
-0.766873
1.15182
-1.37246
0.857036
-0.178876
-2.18468
-1.69413
-0.0129995
0.809622
0.353709
-0.270403
-1.38042
0.278761
-0.691537
0.411458
0.705191
-2.28768
-0.676564
-0.966806
-0.482661
2.37558
-2.03829
-1.81805
-2.53623
0.0715804
-1.3124
0.815994
1.09568
-1.26635
-1.18983
-0.463992
-0.0220369
0.803837
1.39011
0.535459
0.500981
0.330685
0.0108058
0.873284
0.615885
1.69193
-0.304548
-0.782361
-1.63402
1.49188
0.728666
-0.857578
0.629555
-0.127425
0.348101
0.221747
-0.624435
-0.636434
0.491696
1.74349
0.414422
-0.622212
-0.55691
0.662698
0.656896
1.69028
0.708449
0.230707
-1.39319
-0.255277
0.321161
-0.0874778
-0.439885
-0.193933
0.207447
0.119275
0.061874
0.169603
-0.306955
1.04604
0.426778
-0.165237
-0.617334
1.06174
0.761637
0.0601121
-0.121187
-0.728466
0.692486
2.42761
-0.290479
-2.04175
-1.5941
-0.0569693
-2.00584
0.594351
-1.09083
-0.0727835
0.267603
0.142809
-0.49422
-0.403721
-0.644934
-1.35214
-2.63858
0.976351
-2.05636
0.0383167
-3.4901
0.159986
-1.24
1.26488
-1.59463
0.394326
-1.09223
-0.282586
0.100069
-1.73305
0.673276
0.71342
-1.2842
1.75247
0.278967
-0.799695
0.709895
-0.0726046
2.37707
0.53557
-1.61442
-0.625881
-2.07507
0.543839
0.268789
1.32685
0.539974
1.09544
-0.571286
0.965474
1.63796
0.773185
-0.910644
-1.98591
0.14546
1.48763
0.881947
0.943381
0.999468
-0.522143
0.210942
-0.188831
-1.29749
-0.545049
0.460135
0.164446
-0.652402
-0.332257
-0.244689
-1.90799
-0.904571
-0.978984
2.74139
-0.632683
0.813174
-0.196369
0.24211
-1.40791
1.35177
-0.496893
0.440546
0.622848
-0.876715
0.589147
-0.113596
0.0759643
-0.396828
0.874769
-0.985254
-2.40255
0.996906
0.696959
0.123322
-0.290683
-1.27292
1.18838
1.81723
1.80494
-1.00951
-1.41587
-0.240802
-1.3044
-0.461427
0.587092
-0.0559618
-0.786926
1.41367
-0.552814
-2.50909
-0.861409
0.377894
1.11986
1.69753
1.6599
0.110861
0.161222
2.1532
2.00703
-1.60424
0.278204
-0.887235
-1.72087
0.210543
-0.109093
-0.348427
-0.546761
0.0629402
1.57577
0.907286
-1.78119
1.06012
-1.21843
-1.26321
-0.830746
-0.870971
0.205813
0.86418
-1.15037
0.317196
2.67381
1.37941
-0.584648
-0.670947
0.819355
1.09705
-1.12062
-0.387672
-1.46759
0.570934
0.870827
0.404641
0.258024
-0.711804
-0.823373
-1.3328
-1.89792
-0.0032107
1.99703
1.43846
-3.09465
1.08746
1.09551
-0.0471632
0.40762
1.75273
-1.30871
-0.826205
-1.05137
-0.767192
0.508725
-0.218259
0.562876
0.114426
2.29131
-0.423351
1.71044
-0.682696
-0.172759
-1.04549
0.907312
-2.30921
0.654731
-1.19886
0.621316
-0.324386
-0.737169
0.533785
0.248236
0.462172
-0.179971
-1.16337
1.91555
0.0663515
-1.54725
-1.6682
-1.06115
-1.80901
1.66006
1.22156
-1.09414
0.670569
1.4161
2.47246
-1.61582
-0.210345
-0.0914531
1.22552
-2.67413
0.279829
-0.318451
-0.265598
0.442623
0.402039
1.24426
0.206259
-1.74081
-1.05338
0.989872
2.20437
-0.995292
0.0715752
-2.04972
-1.31226
-0.173516
1.53779
-0.30021
-0.108043
-0.763317
-1.19874
-0.186244
-0.867016
0.111154
0.400234
-0.853521
1.9981
1.87956
-0.330949
0.759976
-0.927264
0.696307
-2.46958
-1.14803
-0.189089
-0.65242
2.79259
0.512389
1.26506
-1.01026
0.00991342
-1.93314
-1.69036
2.84863
2.30449
-1.41302
-0.86559
1.29534
0.433255
-0.695375
-1.23106
-0.383949
1.23408
0.629442
-0.199896
-0.174514
0.292402
-1.2557
0.879818
1.20754
1.6906
0.714315
-0.0668712
-0.473769
-0.641457
0.699111
1.0069
0.739646
-0.392604
-0.548501
1.29942
-0.0903778
-0.0490214
0.134296
0.708334
-0.301513
-1.94775
-0.427404
2.69504
-0.414746
-0.4568
-0.595348
1.23196
1.11835
0.32907
0.946129
0.326571
-0.544045
0.998595
2.57328
1.11165
0.389155
0.550998
-1.07391
-0.108775
0.887979
-0.177802
1.59899
-0.147131
0.318755
0.621911
-2.34075
1.53659
0.92468
1.01842
1.67438
0.0229431
1.25656
-0.729114
-0.565569
-3.189
0.796824
-1.03958
1.53174
3.56343
-1.56728
0.471304
1.15223
-0.246065
0.341065
0.344633
-0.0691449
-1.29503
-1.21334
-0.536352
0.518807
-0.491357
-0.370269
-0.0850024
1.05057
-1.39261
-1.21438
-0.174833
-0.101434
2.21252
1.15224
-0.251549
-0.61239
-0.357857
-1.05921
-0.474052
-0.644459
-0.311682
0.239786
-0.0552166
0.615709
1.15417
1.63807
1.84272
1.75096
0.268626
1.03733
0.169198
0.496161
0.352362
-0.140099
-1.52449
0.0608195
0.390932
1.13225
-0.0629752
1.22111
1.24609
-1.9434
0.63756
1.50081
-1.77653
-0.588148
-1.74202
-1.01732
0.83356
-0.0721335
1.3362
-1.00198
-0.33381
-0.85306
-0.325567
-3.28505
0.15814
-0.222728
-1.42716
0.158744
-1.46841
1.08466
1.22316
1.62905
1.28891
-0.627779
-1.8027
-0.844985
-0.112338
-0.103273
-1.10091
0.247936
-0.36443
0.261962
-0.922048
0.172608
1.66981
-0.339808
1.14576
0.975734
-0.13329
-0.776017
-1.15226
-0.869806
-0.0523349
-3.37406
0.52196
-0.619925
0.203203
1.29747
0.532901
1.35946
0.369444
-0.593051
1.91785
-0.00296989
0.575809
-0.20445
-1.28178
-0.331075
0.503135
0.61323
1.23481
1.62163
0.563023
0.408378
-0.872467
0.613393
0.79235
1.35697
0.531205
1.33386
0.217925
-2.49787
-0.017553
-0.7171
0.436555
0.385585
-0.650399
-0.215855
-1.15395
-0.466921
-1.70367
0.629227
-2.23845
0.690589
1.29353
1.11565
0.529447
-0.260295
-0.466981
-0.175498
1.59836
-0.141295
-0.161595
-0.0644414
-0.896487
0.455247
0.388336
0.180334
-0.562287
0.145032
-0.647006
0.0962826
-1.56269
0.408981
0.571083
-1.81206
0.907093
-0.161847
1.03073
2.02607
1.38077
0.335283
0.383247
-0.108265
-2.82112
-0.825758
-1.0639
0.419159
-3.29904
-1.72556
0.244448
-0.423107
0.46269
0.202843
1.57416
0.482443
-0.21635
-1.5214
-1.38955
1.87921
0.306382
-3.31271
-1.23904
0.392236
-0.224763
0.551383
-0.767531
-1.531
-1.74869
0.182282
-0.520882
0.15752
-0.916163
1.46017
-0.0457327
0.484702
0.78038
0.331582
0.0586235
2.67468
0.560265
2.00449
-1.50904
-0.510486
-1.82429
1.32351
0.433971
0.6309
-0.430416
-2.46573
0.79994
1.23548
-1.32389
-0.648226
0.830033
-0.104462
1.19051
0.52286
0.348352
-0.115008
-0.458726
-0.47257
-0.0552731
-0.893218
0.853537
-1.88769
-2.20572
-0.222572
1.14697
-0.614299
-1.08404
-1.47767
-0.641737
0.000275875
-0.848361
0.532015
-0.179503
-0.309902
0.881994
-1.1936
-1.22841
-2.40046
-1.02502
-1.60586
-1.15293
-0.74603
1.74473
0.609349
0.642655
0.219199
0.943074
0.14622
-0.573572
-0.753862
-0.975931
-0.459314
-0.958939
1.47356
1.24896
1.41305
0.648877
0.209232
2.36599
0.219675
-1.61707
0.273945
-0.369042
0.0554018
0.855319
-0.564852
-0.381748
-2.53235
0.295925
-0.948196
-1.13501
0.234482
-2.32255
2.84011
0.403012
0.989247
1.87216
-0.724206
1.44673
-0.485547
-0.350208
-2.58336
0.610014
-0.874509
-0.229168
-0.078731
-0.401975
0.487553
1.16934
1.7405
1.4096
0.0267852
-0.24021
-1.24952
-0.871367
-1.15803
-0.160243
2.09484
-0.163076
-1.49253
-1.73143
0.73283
-0.225751
-1.15828
-0.593857
0.452262
0.328222
0.119456
0.475391
1.55048
-0.655836
0.172281
0.222613
-1.24789
0.257238
1.06453
0.897781
-0.671963
-1.63414
2.7012
-0.292921
-0.294037
0.507696
0.365232
0.497108
-0.938878
0.0241951
-1.41235
0.961292
-1.18095
-1.08249
-0.52328
-0.998624
1.52192
-0.732147
0.0380669
-0.824522
-1.56192
-0.464081
0.33965
-0.11591
0.0112002
-0.47504
-0.357369
-1.78005
1.51984
0.214096
1.32278
-0.634475
-2.00905
-0.836836
-1.98207
-0.686347
1.48052
-0.677487
-0.592803
-0.487984
-1.40068
0.105061
-1.76035
2.44451
1.87746
0.781436
0.0631613
0.000833355
-0.366353
0.630962
1.73058
0.436146
0.383187
1.37837
1.44342
-1.04499
1.70155
2.04867
0.748059
-0.388018
-1.69722
2.25733
1.45058
-0.0277075
-0.66856
-1.7419
-1.72159
0.651446
1.41331
-2.10553
-0.987182
-0.171686
-0.0375841
1.3058
0.519391
0.0637913
0.0972779
0.945986
1.19358
-0.67486
0.235056
0.45767
1.94882
0.99753
1.87318
0.106809
-0.369548
0.805537
0.522196
-2.11138
0.0749229
0.719488
-0.489947
1.74137
1.55501
-1.17879
-1.63046
-0.419756
0.49752
1.43071
-0.785247
0.074677
-0.499274
0.484196
-0.415743
0.401712
0.153221
0.117794
-0.0807155
0.711384
-0.256229
0.37494
0.46514
-0.478246
-0.817496
1.08677
-1.08886
-0.576821
-0.152952
1.56003
0.401168
1.56582
0.519927
2.65128
0.065584
2.43299
0.505794
-0.623722
0.658359
0.426218
0.870154
-0.58663
1.01603
-0.513182
0.0960542
-0.106569
0.605726
-0.828635
-0.879997
-0.189496
0.0796857
-0.559822
0.140898
0.667809
-1.92235
-2.03658
1.66818
0.794841
0.7457
-1.16755
0.0151201
-1.07989
-1.72439
-1.75396
-1.43825
0.537055
-1.68009
-0.329794
0.82976
-0.465333
-1.2568
1.19255
1.66785
1.07498
-0.182378
0.863245
-0.180713
-0.838917
1.32369
0.875955
-0.690505
0.188136
-0.979987
0.982253
0.133202
0.726877
-1.75961
-0.293972
1.11111
-0.752838
1.44297
0.102539
-0.911654
-0.982669
0.134416
-0.167209
-1.65072
-0.835891
-1.44113
-1.08713
1.05561
-0.120658
-0.0773212
0.157614
0.732672
-0.250925
-1.39915
-0.62321
-0.0763723
-0.0303713
1.78132
-0.123132
-0.0948289
-0.0955253
-0.488447
0.216705
-0.938422
-0.463427
0.038993
-0.0804698
1.24289
1.95506
-0.709271
0.655941
-0.182828
-0.0419294
1.63688
-0.248945
-1.50478
1.07821
0.765576
0.533146
-1.40958
0.563212
-0.387643
0.618283
1.3913
-0.215919
1.58124
-1.29195
-0.780638
-0.172371
2.34549
1.3431
1.33464
-1.98815
-0.72452
0.298286
0.800536
-0.227829
0.150473
1.25569
0.0958548
-0.507214
-0.573655
0.757459
-1.35152
1.1977
1.38069
0.452612
0.297757
-0.225221
0.110858
0.605787
-0.223916
-0.227815
0.936774
1.23563
-1.46593
-0.146679
1.23204
0.714055
-0.301164
-1.44697
-0.391405
1.11562
-0.013008
0.491718
-0.965858
-1.20234
1.10371
0.0513331
-0.572775
2.65179
-1.24824
1.01572
-0.830964
-0.97222
1.86761
1.93786
-0.872616
0.343655
-1.14647
0.179541
0.266097
0.963502
-0.97549
0.266919
-1.71149
1.493
0.321069
-0.964054
0.350023
1.18114
-0.311475
0.80713
-0.0712345
0.917727
-0.956105
0.387482
-0.71574
-0.604766
0.390892
1.44012
-0.808749
-0.153127
-1.12139
-1.14779
-0.561002
0.420421
0.208368
0.699633
-0.302694
0.284716
1.16121
0.578055
-0.82125
1.58586
0.297692
0.298476
0.319722
0.471229
-0.030682
0.439458
0.985771
-0.872837
-1.51508
0.925932
0.279272
-1.76257
0.530111
1.05644
1.70286
0.610515
-1.05803
0.0966254
0.172602
0.719222
2.10978
0.222741
-0.745971
-2.03276
0.687702
-0.926395
0.942268
-0.0875503
-1.46438
0.0268195
2.07042
-0.815157
1.40851
1.72559
-0.765385
-0.110933
1.3289
-0.792067
-1.12855
-0.553579
-0.838555
0.0370504
0.883153
0.545036
-0.425395
-0.83717
-1.69556
-0.0357893
0.20943
-0.823523
0.280133
0.562985
1.04946
-1.52162
-0.804759
1.85264
-1.23704
2.96322
-0.406937
1.08775
-0.0124754
-0.147271
-0.143474
0.330548
0.29194
-0.913463
-0.798857
-1.7784
-1.88357
-0.654788
1.30002
0.301226
-1.97016
1.2554
-0.278086
-0.311077
0.0629369
-0.819687
-1.95018
0.722311
-0.863
0.256053
-0.955796
0.628555
-1.20054
-0.84832
1.69535
-0.572446
-1.67055
-0.400569
-0.0164473
-0.711352
-1.27699
0.77192
-0.0528395
-1.79092
-1.06513
0.341583
1.90296
1.24094
0.0795207
-0.847852
-0.862873
0.21864
0.552675
0.926865
1.94228
1.72368
0.026588
-0.164279
0.968716
0.822208
1.63092
1.04359
-1.09656
-1.03365
0.00888155
0.477286
-1.06647
-1.65399
-0.673254
-1.07756
-0.0565302
0.384751
0.709496
0.957568
0.82802
-1.07955
0.72311
0.292271
-0.19745
-0.398753
-0.854718
0.19892
1.08238
0.254829
-0.553396
0.379425
-0.0478079
-0.540208
0.282104
0.805245
-1.1403
-0.15698
-0.0221334
-2.07334
0.372634
-0.308903
0.0569976
0.528646
-1.11419
-0.412228
-0.578887
0.346183
-0.15243
-0.39044
1.23009
-1.83168
-0.920522
0.401741
0.314216
0.807599
2.5087
-1.47196
-0.198317
2.53912
-1.04469
0.0489696
-0.730693
0.365531
2.33998
0.64103
-1.12423
1.10098
0.343438
1.12718
-1.39804
-0.534148
0.938731
0.130909
-0.806309
1.02506
-2.38781
2.66147
0.402255
0.922986
1.60792
-0.543987
-0.254709
0.130103
1.79744
-0.201368
0.194106
1.02646
-1.96174
0.284976
-0.147031
-0.115402
1.31496
0.508061
0.00263361
-0.317456
-0.302867
-1.02754
0.377455
-0.363067
-0.432096
-1.73599
2.29816
1.42762
0.454892
0.0797875
0.774149
1.52846
1.78288
-2.41251
-2.10143
-0.343021
-2.87848
-1.92284
0.23323
1.90411
0.345906
-0.526784
1.19465
1.05061
0.60636
-1.92421
0.13702
-0.589963
-2.68777
-0.96837
1.91863
-0.637907
0.871815
0.548489
-1.40902
0.524202
0.117999
0.351851
-0.355342
0.0894099
-1.64397
-1.87423
-0.0716492
-0.800801
-0.624961
-0.903355
-0.420579
0.738274
-0.652082
-0.289097
-0.337292
-0.397745
0.53809
2.41678
0.0131108
0.579287
0.620193
1.21241
