2.97951
4.71966
4.46905
6.69018
4.51525
4.73929
5.12071
5.47994
5.03483
5.60131
5.68066
6.07943
5.40451
4.68742
4.85077
6.58885
4.83716
5.00827
5.69935
4.3865
5.56696
4.10744
4.49171
4.62667
4.56703
5.96137
6.26187
4.1624
5.44208
5.96917
4.96004
4.65717
6.45655
5.86963
6.40778
5.88845
4.13317
4.6887
5.21552
5.62838
5.78647
5.52322
5.39955
4.57266
4.55105
3.84178
4.56445
4.79922
4.26666
4.97237
5.08988
4.86932
4.78966
6.4624
4.43206
4.55941
4.05947
5.03185
5.57527
5.95836
4.53668
5.07972
6.30012
6.25223
6.62518
6.54508
5.99424
5.90682
6.13334
6.31392
5.71707
5.67301
6.91057
5.75511
4.38151
5.14099
5.76212
5.84861
5.40985
5.53773
5.78249
7.25664
4.52694
5.25722
4.92454
4.47742
5.62481
4.59369
5.0511
3.82198
2.51209
3.77235
3.88371
3.86937
4.6908
3.6753
3.68456
3.96133
5.60717
6.47912
5.98145
6.02649
5.8214
5.65575
5.3146
6.10768
6.06953
4.78858
5.70634
6.70945
5.7607
5.49099
4.80018
5.89685
4.91971
4.53551
4.29646
5.08905
4.34733
4.5846
5.38629
6.20285
5.79174
5.57431
5.27501
5.76595
5.32383
6.45279
6.00425
6.46704
5.63527
5.81917
4.75791
3.85647
4.80314
5.84042
3.63525
6.05065
4.4082
4.0511
4.13703
3.98861
5.68706
4.87295
4.53658
4.79198
4.80377
5.55317
5.74278
6.10054
6.05782
4.09985
4.41854
5.50564
5.39342
5.15005
4.14627
3.64017
5.67565
6.48588
5.67594
5.80428
6.67662
5.82563
6.49587
6.54855
6.25683
6.42243
6.04463
6.30767
5.76745
5.95194
5.14902
5.55058
5.49079
6.1543
6.41801
6.25468
5.83056
6.53009
5.33894
5.64394
5.38906
4.09319
6.02064
6.50538
5.36977
4.58185
2.52718
5.33544
5.64697
5.47529
4.96286
5.59731
5.79173
5.90604
6.47283
4.92155
4.33901
4.0781
2.96415
4.78541
4.01086
4.57553
6.70245
5.94154
6.69199
4.81245
5.34919
5.1222
6.0883
6.24303
6.79724
6.56767
6.66187
6.39705
6.51719
6.34905
6.48097
6.16926
4.11478
4.39632
4.98595
4.04443
3.54701
4.16276
3.89641
4.04799
6.44206
6.54263
5.58363
3.66041
3.46331
4.7763
5.77584
6.3231
5.41514
5.28445
5.38543
5.87386
4.77883
5.51938
2.92256
5.78594
5.36833
6.23985
4.4823
4.52478
4.26427
3.98397
5.25028
5.82201
5.49864
5.24844
4.9677
4.86068
5.76671
6.45867
4.65066
4.50583
5.17161
2.97685
4.6626
5.87017
5.51932
5.46003
5.80376
6.04341
6.04714
4.31565
6.30818
5.01969
3.95717
3.78482
6.30337
6.41392
5.47146
4.73546
3.96828
3.15157
5.30596
5.33807
6.59793
2.82089
2.71649
5.08544
4.82682
4.56347
5.19263
5.53426
5.51566
5.67513
5.81621
5.33163
5.33536
6.17126
4.85778
5.46945
5.12756
4.81817
5.83078
6.02406
6.07433
7.16952
6.83648
7.73723
5.98779
6.11007
6.81261
6.0508
4.63211
5.25677
4.97077
4.89098
3.5052
6.8549
5.81601
5.85012
6.06533
5.63378
4.84189
5.40825
5.46445
5.6285
6.54051
5.39819
5.16517
4.82097
5.85698
4.84516
4.47877
5.08265
4.80147
4.97409
5.42004
5.58458
6.23262
5.85406
5.78841
5.45168
7.56992
5.0926
5.12456
4.79447
5.7328
3.33918
4.69645
4.51363
5.87901
5.73022
5.9156
5.42339
6.02549
5.59373
5.31173
5.02
3.28699
3.60684
4.19793
4.95968
5.79157
4.91321
4.66026
4.00092
4.26341
2.91313
5.5368
5.83226
5.27653
5.51377
4.82991
5.2831
5.1872
4.58002
5.37811
5.56481
5.25748
4.63462
4.29996
5.28066
5.46707
3.71106
4.16593
3.89238
3.24958
4.29181
3.64416
3.09633
4.45359
4.19794
5.38769
5.9743
3.59795
4.78275
5.17718
5.16034
5.0124
5.88284
4.03653
4.39283
3.20448
3.34291
5.96125
5.14024
3.71568
4.30801
4.63521
3.78693
4.08815
4.02278
4.85533
3.91464
3.83249
2.95373
3.44372
4.75921
4.17917
3.38557
4.5877
3.90768
2.47919
4.03302
4.28258
4.1063
4.12177
4.36302
4.64833
4.62165
4.01567
4.27277
3.8993
3.92546
3.02436
3.49923
4.5475
7.22168
6.27776
5.59374
5.11932
3.99665
4.62253
6.40212
5.93765
5.25204
5.07297
5.52278
2.92033
4.80938
4.95294
5.42907
4.41236
5.25538
2.21906
4.87841
5.53069
4.80716
7.5257
7.31317
6.49165
5.74115
6.30225
5.23111
4.97965
5.21287
4.84045
4.96461
4.99612
4.18499
5.08685
3.88406
3.93404
5.13497
6.15801
5.41429
5.62924
6.18088
3.50168
5.05086
4.83232
5.08705
5.26987
4.80388
4.50627
5.22864
3.26294
3.29744
7.04849
6.04585
5.72057
6.247
6.04051
6.24552
5.92743
5.21188
3.73691
5.23037
5.25705
6.55093
5.14816
4.99703
5.74424
6.1888
3.68799
3.51697
5.83312
5.11187
4.06751
3.94296
4.04773
5.50014
3.95347
3.74714
4.7012
3.58799
5.00601
4.04756
4.4349
3.80366
4.80138
4.53397
5.41493
4.37562
4.80763
4.81415
3.75404
4.17524
3.99773
3.78637
4.10289
4.35196
5.38517
5.22317
4.75725
6.56698
4.03605
5.0513
3.90227
5.3929
5.63453
4.80884
4.62221
4.24822
4.6582
4.5735
5.0746
5.16362
4.28425
3.68061
3.05172
4.50744
4.28782
4.75741
2.73347
4.6199
2.10277
5.91172
4.06877
4.51186
4.52867
3.79254
4.59891
4.17793
4.04018
4.84637
6.20627
5.23495
6.21284
2.13465
5.7427
6.70768
4.45971
4.84976
4.76586
6.47944
4.23807
4.60383
4.96258
2.61751
5.37179
5.1084
6.32211
6.34234
4.91386
4.42969
5.73666
6.23101
3.37318
2.88446
3.77628
4.46573
3.8296
3.89432
2.97477
4.56717
5.49245
4.74315
3.9572
4.25797
2.67731
6.45728
6.10204
5.8757
5.51962
4.51083
3.74973
4.56073
5.67099
6.15424
4.3664
5.15827
4.94334
6.32029
6.18837
7.07166
6.55375
4.6406
4.81252
4.44479
4.63367
4.04686
4.1484
4.86071
3.20982
3.84101
4.04589
3.61494
3.19305
3.81258
4.00439
3.2731
4.07942
5.2323
4.8707
2.3117
3.72459
4.04945
4.47897
2.76664
5.84415
3.90515
4.82881
4.65848
4.65202
4.82541
4.13262
3.75185
4.03447
4.49859
6.10152
5.49294
5.77737
4.0737
5.61456
4.53508
4.40473
5.06177
5.59794
5.61747
6.24595
5.75753
4.87694
4.89523
4.63271
5.66907
4.21613
3.83264
3.74749
5.58099
5.10962
4.6617
5.32792
5.3936
3.32386
4.77715
4.65628
3.67173
3.2982
4.42565
2.40822
4.06666
3.73509
3.85193
3.82257
4.01537
4.21223
4.03471
5.78009
4.37479
4.14634
3.31726
3.57666
3.66597
3.64526
3.68396
3.2785
3.40905
5.74468
5.45401
6.64774
4.33695
4.63992
4.75928
5.00797
4.73327
4.65068
2.12833
3.37502
2.02969
3.20482
3.58378
3.09018
4.6461
5.81575
5.78461
6.22146
5.12248
5.19681
4.88862
3.3318
3.28511
2.0385
3.50716
4.43948
3.25638
2.16531
4.14919
4.34443
4.46687
3.47085
3.85568
4.25301
6.30304
4.67445
3.13581
3.77725
7.71041
7.43212
5.61976
5.6609
5.10797
5.63456
4.47178
4.12168
4.11026
3.99781
3.83789
5.35962
5.5658
4.57082
6.63426
5.43268
5.35188
5.05792
6.36699
6.12833
6.01207
4.29063
4.10215
4.03887
4.70201
5.73263
5.69017
6.11693
5.5859
5.26416
4.84405
4.82859
5.46714
5.88718
4.91769
3.30624
4.05046
4.13335
4.50853
4.32113
4.83478
3.11537
3.11796
4.02542
4.54973
4.38483
4.78048
5.04092
5.24348
2.81195
5.07979
5.34694
5.44847
5.54037
5.38929
5.29633
5.48597
5.86735
5.53189
5.75723
4.76728
6.15907
5.53285
4.97562
5.56992
5.48563
5.53168
4.72609
5.35528
6.76644
4.72311
5.61102
6.21759
4.44674
6.86462
5.2231
5.10245
4.08377
4.51473
4.15994
4.81976
4.14653
4.58717
4.92043
5.39715
5.46425
3.59534
4.08687
4.93272
5.43214
4.436
7.29576
7.18124
5.89653
6.17992
6.07379
6.16028
5.71388
6.18305
5.93346
4.66683
5.40869
6.51744
4.66125
4.52234
5.24312
5.89346
5.4039
5.01664
5.32201
3.36246
5.03248
5.85782
5.14898
5.49783
5.36922
6.72854
4.59247
5.24453
5.40761
4.38891
3.41615
3.24214
3.98252
5.00767
3.33749
4.02673
5.61964
5.06768
6.32674
3.24549
2.01105
4.81737
4.57017
4.6448
3.79374
3.64508
5.60281
4.94369
5.01187
4.35148
4.31146
3.66482
3.80434
3.88756
4.13389
3.52885
2.77967
3.57723
2.77155
3.37887
3.02632
3.54775
4.39145
4.72078
4.37217
4.76465
3.97653
3.63271
4.12415
3.73891
4.58366
4.82151
3.92477
4.15456
3.38995
3.61631
3.96446
4.0733
4.24287
3.67187
3.52395
2.8494
6.21932
3.79548
4.41459
2.49844
3.66296
3.80022
3.47814
3.3943
4.0216
2.96449
4.41688
6.21227
5.76898
6.11308
5.57325
4.72627
4.60986
4.67886
5.96525
4.78287
3.9537
4.61897
5.01831
4.97525
5.76122
5.72823
5.40695
5.72655
5.92772
5.79755
5.48324
5.61044
6.75953
6.13594
7.66209
6.6579
4.39635
4.92374
2.57771
4.33038
4.90539
4.38237
5.03836
5.07602
5.26457
4.78254
4.32505
5.78191
5.47478
7.17044
6.693
6.35139
5.16345
5.32176
5.84343
5.95708
4.48238
5.46777
5.06288
5.14256
4.50372
5.17071
4.13569
4.90401
4.93571
4.66849
4.67529
5.7027
5.63236
5.56701
5.32272
5.83021
6.94545
4.70002
5.57357
5.20276
3.55317
4.57798
5.05008
7.15988
7.33152
7.4418
5.25529
6.09865
6.33388
4.90514
5.69198
2.51131
3.34658
4.24475
3.74529
4.5946
2.99044
4.27903
3.99644
2.05102
4.38486
3.90938
6.46634
6.50576
5.32178
5.47279
5.52975
5.71052
4.93254
5.9559
5.86518
4.25942
4.45583
6.1026
6.08779
6.28956
5.03899
4.97545
5.08261
4.7153
4.04834
4.24719
3.7982
6.50666
5.09448
5.48138
3.59605
6.01438
2.97336
3.29193
4.01211
5.12436
5.56962
5.2045
4.89485
5.0499
5.36626
6.09649
5.7381
7.55639
6.91499
5.08254
4.48156
4.37731
4.79365
4.88163
5.11656
3.90803
5.01002
5.27637
4.79094
4.72674
5.62265
5.09204
5.5311
5.6981
5.29298
5.41465
2.74427
3.11816
3.46553
5.19372
5.37221
4.25521
4.85773
5.63363
3.70394
5.27505
5.46941
5.18219
4.82627
3.61127
3.74411
3.6885
2.72753
3.86157
3.56987
3.53658
3.36147
3.50896
4.25914
4.21255
4.40107
3.52271
4.2029
4.68458
6.23453
3.83656
4.28974
2.95749
3.89682
4.84964
6.17617
4.85942
5.47146
4.91386
5.83716
4.6417
4.54457
4.71855
6.44506
5.25608
4.82167
4.67162
4.35434
6.30079
5.97768
6.1684
6.40731
6.81136
6.37043
4.74954
3.88138
5.38857
4.8156
4.82275
6.82456
5.64115
6.02378
5.38553
6.46013
4.82693
4.95444
4.70534
2.53277
2.17064
2.9085
3.24194
1.81726
5.8517
5.48784
5.54941
4.07092
5.13054
5.6769
4.04924
4.05932
5.61427
4.54056
4.39089
5.44311
5.83691
5.54909
6.52183
6.40863
4.95925
5.5183
5.78524
5.24141
5.15234
4.64679
7.47266
6.26324
5.76643
5.72665
5.40302
6.30474
6.01817
5.53784
6.08691
6.76485
5.84195
6.41874
5.54672
5.65077
6.0303
5.7935
5.3519
5.04022
5.17683
4.07642
5.21106
6.13359
2.99899
5.15344
3.81227
3.84551
3.88008
4.43309
4.57189
4.94965
6.01249
5.8003
3.80658
3.86628
4.07505
5.10266
4.5935
4.66664
5.07678
5.33106
5.41176
5.10942
5.04091
5.35162
4.63626
4.16582
3.67193
4.00266
3.84915
3.95566
3.69104
4.7927
4.79939
5.06276
4.9189
4.68917
5.22187
4.48583
3.78799
3.68394
3.39718
4.61861
4.59094
5.6908
5.88455
4.8316
5.01826
6.3705
5.43622
5.44968
6.28627
5.79734
6.03604
5.38887
4.87893
5.46709
5.98882
6.4221
7.20549
2.49902
4.11419
5.4577
5.55952
3.54765
4.79281
5.01441
4.66965
4.4765
5.75824
3.94324
5.19533
5.19665
5.50359
4.60736
4.64875
6.38417
2.98305
3.62864
3.49129
4.05219
3.62724
5.59991
5.28152
4.77119
5.51671
5.61124
5.56695
5.13441
2.27241
4.62136
3.33767
1.91603
3.06087
3.13555
3.82231
4.45024
5.2266
3.00528
3.40966
6.36692
7.70867
5.31905
4.70462
4.42018
4.24851
5.45807
5.00208
6.39609
6.34669
4.88492
5.25331
5.2475
4.96348
5.03086
4.11251
2.8842
4.0363
4.36159
4.48561
5.28947
5.11674
5.29649
5.66473
4.33527
4.59135
2.79525
5.48901
6.53659
4.04923
6.12073
3.87277
3.18805
3.49237
5.49712
5.47063
4.91095
4.85334
6.1255
6.00537
5.52036
5.17473
5.73413
6.42283
5.77038
5.10125
5.17256
4.96216
4.58621
4.03828
6.90314
7.49913
5.26763
5.33326
5.89101
5.99876
3.76968
4.20754
6.269
5.45198
5.32982
4.66358
4.53904
4.908
5.03734
5.15915
4.82893
5.67406
4.80273
3.86481
1.93495
4.80473
4.46056
3.70365
3.23788
3.10031
4.70113
5.19839
4.31378
2.95514
4.02727
4.14006
3.07246
4.50497
3.94265
3.49485
3.3136
3.64034
4.78594
3.77839
3.04186
3.54123
4.57377
6.70483
4.96027
4.31483
5.25202
4.96181
4.78872
4.35853
4.87612
5.74404
3.89924
4.70798
4.58586
4.52215
4.24059
2.51946
3.78408
4.03865
3.99627
4.58202
3.06272
5.07218
5.20814
4.7418
3.87083
4.39872
4.62777
4.73813
3.42881
3.57108
5.55083
2.40696
2.52755
4.33201
3.92645
4.60926
5.70142
4.52949
4.80075
5.55142
5.14066
3.50401
3.93536
3.8494
3.20952
4.9149
5.634
3.55079
3.99643
5.7706
7.15012
4.63315
4.3418
4.51426
4.42893
4.81788
6.02319
5.6269
5.8491
4.36224
4.43902
3.52147
4.49858
5.70337
4.79705
4.88789
5.0802
4.8594
2.76457
4.80434
4.63774
4.46229
5.42578
5.15799
2.20951
6.26314
6.1666
5.12077
6.16353
5.79684
6.03683
6.2427
5.09899
6.34849
5.6007
3.26541
3.98687
4.93672
5.32538
5.56579
5.68611
4.747
5.15345
3.67378
6.48026
5.40117
5.1228
3.2734
3.45313
4.66367
4.75199
4.6178
5.29206
5.21281
5.26816
3.79171
3.08552
3.52868
2.98109
3.4611
3.402
2.72712
4.60022
3.60206
3.15412
4.28802
4.19455
3.22009
7.26872
4.62451
4.74295
4.89196
4.07563
4.11818
5.25329
5.89448
5.91593
6.23487
6.11187
5.96176
6.54373
5.17189
6.37078
4.98574
5.83736
5.44819
4.31515
4.40687
4.26343
4.3443
4.41835
4.25426
4.37888
6.04451
3.2752
6.20388
5.9773
4.68462
4.96545
5.19414
3.87449
3.80972
3.91765
5.17837
4.82564
5.33756
5.09771
5.49265
5.805
4.9489
4.48472
3.69142
3.90726
4.51239
3.8344
3.61553
5.41251
4.4581
4.32024
4.27283
5.02332
7.0634
5.88332
5.65222
5.54542
4.70763
4.69504
5.08386
4.45884
4.04855
5.39678
6.90916
4.13973
4.66746
4.85388
6.12176
4.73625
5.24958
6.04062
5.81158
6.78486
5.34244
4.95588
4.70913
5.39589
5.54409
6.19677
5.04715
5.58313
5.72758
4.81345
4.55308
5.29638
6.9155
6.57118
5.73624
4.89196
6.56994
6.07439
5.57197
6.29831
5.26859
4.81557
5.90281
4.13175
4.27567
4.6411
3.53421
3.88284
3.72731
4.4211
2.64835
4.17162
5.19537
3.02335
3.85681
5.99691
6.8071
6.42451
5.44664
5.53703
6.05341
6.2546
6.96642
6.25112
6.34754
4.85639
5.4274
5.54648
5.82954
6.31091
5.71751
5.43898
4.56482
5.31886
6.59383
6.91368
5.5334
5.58113
5.71798
5.98417
5.36231
4.26828
5.66496
4.00268
5.05029
4.31292
4.15837
3.94787
4.92849
5.26225
5.34911
4.82454
7.47762
6.06744
4.89075
5.94072
5.99905
6.98978
6.00664
5.85025
6.66704
4.05383
4.29118
5.8447
3.00005
5.39661
3.53247
4.11615
3.88545
3.10995
3.18103
4.47647
4.52972
4.60395
4.60461
5.17377
4.01168
4.61879
3.87312
4.05893
2.43775
2.24706
3.66224
