4.48336
1.7511
1.76215
0.585121
0.455424
0.457432
1.69338
5.67292
-3.20911
1.3445
1.40976
1.40609
1.43402
1.41769
1.37386
1.40423
1.45699
1.43755
1.47733
-4.16917
-4.22553
3.99315
3.97224
-5.50645
4.34001
-3.27384
2.05552
-0.197716
-0.225365
3.83258
5.58261
-1.07262
1.60782
1.59878
5.88834
0.736585
0.77581
0.750509
-7.5362
5.33053
-5.80489
-3.2288
-3.1629
-3.65853
-3.71436
0.856851
0.869122
0.982952
0.95919
4.43446
-6.28411
7.00866
5.2663
-0.885821
-0.772321
-2.16082
7.01036
-2.98835
-2.93991
3.55907
3.55192
3.63004
0.733398
0.910574
0.803417
0.81499
0.997104
0.996897
0.983979
0.946476
0.95117
1.04297
0.945866
-3.93202
-4.98115
-2.76623
-2.84558
4.02781
-0.977051
1.57448
-5.69937
-3.11399
3.66239
-5.10421
4.46646
3.13177
-3.24584
-3.58417
-0.319338
-0.0215732
-0.210892
-0.189333
-0.108237
-0.120999
6.4056
-0.451597
3.77044
-6.67185
5.44529
3.08907
-1.76977
-1.79106
2.2507
-3.42662
-4.44609
-3.56942
-4.26991
-3.95842
-3.81698
-3.93599
-0.520625
-0.548452
0.650528
-4.41899
6.12248
-4.0562
8.14355
2.70378
2.71095
5.08218
-4.75389
-4.63094
8.67214
-2.58292
-2.558
-2.68898
-0.951233
8.19205
3.24869
-0.0843804
-5.09384
2.11084
2.00727
2.7757
-4.66159
5.22948
0.787167
-0.442819
4.57644
0.292692
0.282952
-1.73039
-1.75016
-1.6065
-1.4923
4.8348
4.01621
1.20426
1.19059
1.1898
1.15693
1.01542
1.00412
-1.71953
-1.43647
-1.55847
-1.58191
-1.61433
-1.59451
3.61712
2.22015
3.17753
-0.234202
-5.83069
1.7401
1.74916
1.68341
-5.30106
-1.64674
-8.93179
4.68662
-1.99823
-1.91178
-1.90587
-1.91309
-2.92344
-2.81029
-0.930876
-0.911693
8.53935
4.57302
0.497571
2.37315
3.00325
-2.10838
-2.16368
-7.06293
4.8953
-3.98422
1.15383
1.08073
-2.00962
-2.22473
5.02784
-0.36937
-0.300349
1.52816
0.052399
9.11085
-2.51373
0.376321
5.15281
-3.80421
-5.43334
0.593855
0.516943
0.492688
0.551176
-0.693185
-0.522184
-2.42723
-2.44812
-2.45795
-2.24483
4.90977
-2.84003
7.80821
4.70837
-6.01278
-4.27721
5.02766
-7.24233
4.63093
5.00584
-3.03126
-5.67306
0.0604882
-0.0200033
-0.0455868
-0.113278
-0.0343385
-4.96374
8.25519
0.097087
0.14475
0.0391592
0.0482389
-1.61771
1.87594
-4.53753
-1.41302
-1.49188
-1.49279
-1.52441
3.62168
0.96332
3.95222
3.96
2.77384
2.70429
-8.03269
-3.27124
2.89943
2.81547
2.83167
-0.303199
-0.257539
-0.259225
3.94164
5.69311
-3.8576
-3.35596
-5.32752
-3.18808
3.1935
3.15558
4.84125
-0.0545889
-0.0557539
0.078339
1.56133
-4.48655
-0.0998571
-5.15689
4.1658
4.51813
-2.26252
1.95907
4.54219
3.28133
3.34397
3.35253
-0.439317
-0.328763
-0.325743
-0.456728
1.4656
0.435837
3.32279
-7.19621
-0.782088
2.85974
-7.87328
3.53254
3.58076
2.39031
0.951497
1.018
-2.87239
-2.94166
-2.66661
7.39381
-4.24067
2.75756
-4.5619
-1.35544
-1.3399
-1.35143
-1.34209
2.04599
-7.43836
2.15378
2.25573
2.0102
2.17723
2.11154
-5.13607
-1.1814
-1.18396
-1.18164
-5.99458
-2.9122
-0.230213
3.42562
2.98259
3.00592
3.25514
0.32628
0.326519
-0.864017
-0.880821
1.62747
2.04176
3.24604
3.22507
-2.27505
-4.0089
3.6907
-3.23118
4.14156
-0.971591
-0.894155
-4.9148
-1.06221
-6.36045
-0.659821
-0.671287
-0.753318
6.35597
-3.06122
2.16658
2.27703
-4.75783
-0.518678
-0.599607
-0.65751
4.17545
-4.0445
2.98287
2.97027
2.90129
5.97908
-1.49101
-5.81936
2.20349
2.26984
4.16866
4.24506
-4.12496
-0.564283
-0.538942
-0.591844
-0.660446
-0.0535011
-0.0443046
-0.0733888
-0.00130297
0.11219
2.16095
-4.74851
2.56819
1.81909
-2.06877
-2.20777
-2.15961
2.57966
2.48093
3.95678
-0.60206
3.34879
3.2379
3.98205
3.87737
-4.81975
4.35193
-3.60107
0.779534
-1.44555
-1.98251
-2.2193
-2.4002
-2.41841
-2.5226
6.55705
2.1086
-5.05178
5.04034
-2.54285
-2.51554
6.67729
-1.53456
-1.57408
-1.5842
-1.5934
-3.101
-2.86356
0.7505
0.743498
0.701248
0.723633
0.991039
0.874749
0.885066
0.809588
-3.92038
-3.6963
5.08678
2.37779
6.62928
-4.02126
-0.710098
-0.821799
-0.76016
-2.14157
-2.24475
-2.25479
-2.16434
-2.15104
-2.15852
-2.35869
-1.26481
-1.18871
-1.29163
-2.55591
-1.40589
-6.10719
-5.18101
1.98063
-2.21761
-2.20776
-4.34619
-4.32162
-4.64864
-1.16765
-1.30785
-1.30121
-2.08668
-5.2641
4.1372
3.62185
-5.66684
5.08692
1.5745
-3.31116
-4.13882
3.48888
3.4331
5.33281
-6.01167
-2.10833
-2.1797
-2.16828
-2.20978
1.2677
1.26731
1.24788
1.14293
1.13381
5.25113
3.56463
3.68116
-3.50593
-3.58466
0.0663138
1.83237
-5.6777
2.01149
-0.279407
5.09676
-2.51229
6.74594
-3.84028
3.34906
-0.488508
-0.625747
-0.606156
-0.720993
-0.660588
-0.710117
-0.793027
-3.22473
-5.4375
-3.7956
-3.71895
4.87572
2.94484
-3.23876
-3.1819
-4.82796
-4.45834
6.25933
4.78448
-0.57085
-0.653572
0.761989
0.834988
-4.3547
3.87626
-3.15823
-2.98117
2.66784
2.84616
0.232677
5.42522
2.26143
2.24267
2.33348
-2.71217
-0.542948
-6.37011
-4.01191
1.27236
1.32452
1.25151
1.27025
1.28356
6.93004
-9.02634
2.82338
3.7038
-2.66076
-6.49285
-6.05109
-0.53943
-1.05286
-1.20017
-1.13146
-1.09219
-6.83994
0.209794
3.46297
3.3962
-0.787537
1.24129
1.1066
1.10728
1.12231
2.63962
0.18163
0.192971
0.131963
0.137028
-6.80731
-5.2821
4.60599
-2.83941
6.04786
3.44376
3.81651
0.305895
-4.84832
-4.83779
-3.83413
-0.44657
3.36453
-1.33568
-1.17788
-2.73993
-2.72154
-2.94417
-2.4622
-2.63064
7.23449
-5.97101
-0.263718
-0.333463
-0.233518
-0.254787
-0.234463
1.1537
1.3645
1.35156
1.23021
2.39376
2.29755
2.27103
0.362509
0.318949
0.236092
0.349409
0.266294
0.218653
0.261239
0.312876
0.30791
0.291557
-3.26644
-3.35189
-2.35522
2.65051
0.225539
5.57333
0.964067
1.04348
1.04502
0.861682
-1.3153
-2.34983
-3.58098
1.20741
1.17574
1.26406
-2.87756
-2.9178
0.601965
0.69748
0.670213
4.37242
-5.57295
-4.40166
-4.59798
-1.30184
4.15118
-6.89586
-5.36163
-0.506243
-0.50517
2.5267
2.52284
-3.78932
-3.68034
-1.07399
-1.22715
0.425014
0.343457
-1.5734
-4.61045
0.393228
0.472181
0.481265
6.85279
2.92518
3.03704
2.81218
2.21445
-5.49114
1.48869
2.69545
2.72713
-6.57844
4.61189
6.07662
5.39854
1.26826
1.16248
1.10819
1.16216
1.13713
0.0277595
-1.93378
4.04483
6.03756
1.09153
5.78337
3.56784
1.27991
-1.2856
-1.24481
4.94273
-5.2744
1.51386
1.74117
1.74252
2.03886
-1.50001
4.30611
-1.66744
-1.39696
-1.39809
-1.45176
-1.43041
6.33429
-2.64083
-2.73958
-0.794244
-0.19648
-0.0930938
6.01706
2.34138
2.30462
2.29389
-1.05802
-0.95668
-1.07439
-1.02451
-0.954882
-3.86369
1.2543
0.0622253
0.020652
0.00580018
0.0827324
-3.11327
0.432231
2.62678
0.839507
0.866253
0.893063
0.946015
-8.05205
-2.90454
-0.220844
-0.448092
-4.97667
5.17344
1.42977
-9.76096
-4.96133
-2.16828
-2.17231
-2.13642
-3.65774
7.48277
-1.04781
-3.23115
-3.25107
-3.52872
-3.48403
-4.06831
-2.70549
-2.41734
-1.72573
-0.58114
-0.608391
-0.495157
4.08454
4.10448
-1.13994
-5.33146
-2.92913
-0.305985
-0.24638
-0.2643
-4.62381
-0.566078
-2.35535
-2.3092
-2.41535
-2.3354
2.68302
2.71797
-3.42653
5.97881
-0.315325
-0.29304
-1.81556
-1.83796
-2.20757
-2.18821
-2.2511
-2.24515
-2.20297
-0.561985
-0.583119
-0.179368
-0.306076
-0.528189
-0.571346
-0.616196
-0.496934
-0.648529
-4.39821
-1.16357
-1.07872
2.60587
2.56237
2.54479
7.10875
-1.47381
1.36524
1.49772
1.42662
0.409549
0.48095
1.67536
1.66745
-2.79528
-4.48087
0.14432
0.157677
-1.71096
-1.66481
-1.73833
2.53616
-3.06905
-4.74916
1.18052
1.24354
1.16041
2.38303
2.35064
2.33235
1.9733
4.66584
4.81848
0.253579
0.0993466
5.92429
1.13097
0.458653
0.472956
0.454731
0.654151
0.668194
-0.509802
-0.46649
-0.462449
-0.5644
-2.7543
2.44698
2.39451
2.85696
-1.3238
-1.35423
-1.34538
-1.32897
-1.28411
-1.32047
-1.28325
-0.459896
-1.109
-1.1339
-4.78662
-0.50029
-0.534085
-0.694532
-5.42373
6.88376
-4.33489
-1.81979
-1.90288
-1.73713
-2.82754
-2.74187
1.59477
-3.61312
-5.08757
-6.02746
-3.02489
0.561677
4.8309
-6.23288
0.763087
0.568582
-4.32603
3.70169
0.496345
0.507765
0.47303
0.495229
-4.33127
0.518129
0.599947
3.39977
3.26445
3.32592
-1.62768
-1.78599
-1.70373
-1.63564
-1.6563
-1.89265
2.62228
-8.49456
0.570934
5.54611
1.86402
1.89229
1.94187
1.98242
1.91479
2.00411
4.05286
6.94568
-4.10274
-6.74226
0.107349
0.0894832
6.6831
1.95469
2.22205
-1.75539
6.88309
-1.29833
-2.29599
-5.03416
-1.40917
-1.40956
-1.24884
-1.32697
4.4041
-9.3001
3.50306
2.46369
2.44853
2.46739
2.43968
-2.7569
-2.77646
-2.77633
-2.83873
1.8214
1.69368
1.61087
3.48636
4.7348
5.12948
-5.77337
0.0900863
-5.46882
-1.84136
-1.77791
-1.73048
-1.8513
-1.86301
-1.71958
4.02772
-0.138182
4.22663
-2.60592
1.73321
1.72324
0.154494
4.24681
3.24302
3.98213
-0.99644
-3.04179
1.59422
-1.52689
1.14154
-1.62158
-1.85877
-4.68795
-4.76723
2.17765
2.16888
2.26577
5.4785
-7.13244
-5.93549
-7.17621
1.09997
1.15078
1.20141
-2.50031
-2.58323
4.19744
-3.81779
-3.16667
-3.09997
-3.33902
0.588709
-4.18485
-0.286684
-7.13853
-1.19076
4.68473
2.91671
1.886
1.88209
1.91614
-2.07035
-6.72146
2.62913
2.57576
2.60207
0.726647
0.772528
0.902878
0.813729
9.33467
-3.62269
-0.375866
-0.540702
-0.470833
-4.08144
-3.89092
4.78922
4.78168
7.73085
-0.457188
-4.87458
-1.93952
-3.44634
5.8038
4.61454
-3.43254
5.21664
3.76998
-5.02558
0.108765
1.99325
3.84535
-2.17523
-2.22681
-2.12486
-2.13158
-1.38746
-1.36785
-1.35841
3.81423
3.74098
-1.91843
-1.02027
-0.995483
-0.920086
-0.976457
-0.894334
-0.942457
0.872809
5.33298
-3.25091
-3.1744
4.79165
-4.18887
5.18453
-4.04054
-4.00117
-1.79111
-1.72499
-1.59394
-1.65314
-1.67392
-1.68478
-2.99499
-3.56786
-3.50723
-3.63436
-3.6416
2.04717
2.0462
1.99911
2.09129
2.00818
-5.88636
-5.26482
3.39311
4.46353
3.9174
-7.744
2.55821
2.60306
2.67404
2.61725
2.7281
2.64384
-2.4392
-2.3985
2.61781
2.57749
1.73656
1.6645
1.57265
3.17838
5.35388
3.6821
-4.36258
1.46607
1.40953
1.42528
3.13316
3.15361
1.59559
1.62581
1.96249
0.136053
4.31603
-3.76352
-3.37286
-3.45224
7.76027
-4.81169
-0.995123
0.906295
0.848164
0.828427
0.922342
0.936551
-2.2061
-2.21793
-2.06151
-2.03553
0.197055
4.04181
3.89647
-6.79891
-0.800805
-0.820691
-0.808085
-0.932363
4.05664
3.92157
-3.73344
-5.58239
0.292976
-1.15009
2.47668
2.36002
-0.867267
-0.755772
-0.765324
-0.788921
-0.780327
-0.917186
-0.95979
-0.94314
-0.933679
-0.950229
-1.19654
-1.20981
-1.18393
-4.79995
0.480238
0.473647
0.420946
0.326689
0.376812
-6.41858
3.50041
-1.29144
-1.2973
-1.30521
-1.2613
-1.21023
-1.3381
-1.26038
-1.22724
-2.01594
-2.48051
-2.36479
-2.39264
-0.204705
-2.97091
-0.853153
-0.906113
-0.852331
-0.84724
-0.808528
5.77798
7.85845
-3.84314
3.42089
3.42356
-9.23783
-3.17968
-3.09669
0.921154
0.771777
0.944716
-0.850596
-0.942397
-4.6385
0.950683
0.939026
0.955689
0.759674
0.856381
0.847001
2.78556
8.20196
3.74923
3.81877
-4.27853
-0.567433
-0.628495
-0.543174
-5.53913
0.944951
0.972744
-2.57043
-2.55476
-2.51347
5.47334
-0.0681615
-0.0961778
-2.29808
-2.32096
-1.11008
-1.04349
-8.24424
-1.65361
5.188
-5.437
4.32177
1.41962
-3.55301
-6.12667
4.17633
6.48292
3.82363
3.93574
3.94744
2.2605
2.29859
2.26769
-2.90763
1.40308
1.42721
1.36397
1.37011
2.50317
5.13377
0.500925
0.527333
-2.49938
-2.52993
-2.58945
-1.15653
-1.93271
2.51983
-3.00874
-4.21063
-4.23363
0.0589148
0.012073
0.100634
0.116949
6.22557
1.59627
-3.41794
-5.16671
3.73743
-5.05308
5.54114
-2.61558
-2.62825
-4.11746
2.77325
5.28868
-2.06863
2.77269
2.81877
-2.82906
-2.84457
-2.61821
5.03434
0.0103697
-0.0160112
0.00381336
0.0161506
-0.0389754
-0.0244905
-0.0768087
0.370999
0.488738
-1.44152
-3.03923
-0.591826
1.72579
5.3388
-2.48871
-2.393
-2.13077
-2.30969
1.60911
-0.186662
-0.191241
-0.300198
-0.160835
4.2354
0.640704
0.141349
0.743086
-6.39226
0.616192
0.60322
0.451299
0.5614
-3.00362
-2.9096
-2.9474
-2.93815
2.09662
-0.528439
3.9497
-6.13809
2.32888
1.34676
1.27694
1.25658
1.29795
9.16132
7.72765
-0.0454788
-0.0402757
0.034866
6.61988
1.05768
1.03684
1.20945
4.93562
2.46583
2.49877
2.59586
2.51259
2.31527
2.36718
2.434
2.94396
2.9429
-5.60573
-1.73179
-1.71348
-1.78474
-1.35064
-1.35731
9.27402
-0.734088
-0.78465
3.26363
-2.43388
-3.4187
-3.31772
3.62054
3.50329
3.591
3.9821
-2.21658
1.78693
2.75773
2.96051
3.52922
1.14871
3.32534
-4.00292
-4.05912
0.894279
0.901099
0.919757
1.66212
1.63642
1.52067
-4.85994
-1.47568
-0.528162
-0.663126
-0.62572
-0.514128
-0.497417
-5.47435
1.85583
-4.05061
-0.542624
-3.42693
-3.43343
-3.43531
-3.58326
-0.227954
2.25399
2.26025
-4.91912
4.37624
4.8557
1.5706
2.86242
3.96541
0.699007
0.597874
0.722434
0.679056
-1.38669
-1.44106
-1.4175
4.96629
-4.70145
2.6766
2.61909
1.57933
4.67988
3.0725
-7.29443
-2.79873
-1.06071
0.809508
0.716659
-1.59207
2.57379
2.99288
3.03003
5.21051
0.504917
0.954767
-5.96071
6.69269
4.56876
-2.21124
-2.19607
-5.44965
2.70902
2.7126
2.68725
-1.23204
-1.24484
-1.21543
-1.3003
-1.2078
-0.621589
3.32398
-5.69136
3.55703
3.78572
9.53445
-4.77885
4.0067
-3.12519
-5.40356
4.21306
-9.21317
-6.41647
-5.40084
4.54851
7.65164
-4.19475
-1.26745
-1.94947
-1.91361
-1.95562
1.49288
5.92172
3.17334
3.1075
-5.64631
-5.2636
1.11978
4.29423
2.36762
2.37622
2.49546
-2.0174
-1.99856
-1.90766
-4.96752
-2.02838
-2.01263
-8.13366
-4.11752
1.24737
1.31024
1.31546
1.31952
1.24791
1.3229
1.22962
-0.884012
4.68032
2.84855
-6.99978
-6.74408
-5.7434
0.272683
-0.164435
-0.174233
-0.336978
-0.342536
-0.235493
-0.263863
-0.26549
-0.254353
4.29344
5.89967
-4.81161
0.88056
1.77517
0.628312
4.71103
-5.20216
-2.17473
1.39347
-4.65266
-3.19881
-3.28521
0.501187
0.588398
-0.300761
-0.297927
-0.20957
-0.193778
-0.206083
-1.61404
-1.8022
-1.6988
-1.51265
1.49803
1.49596
1.39608
2.62065
-6.53337
1.13
1.11843
0.0299558
6.07759
-3.23974
-2.12926
-4.54033
-4.24962
4.06317
6.35968
-3.68998
1.81522
1.81641
-5.62091
-3.05945
-3.12858
0.695164
0.773764
0.730388
-3.08429
-3.09947
-2.91236
1.95874
-1.99213
0.750888
0.972544
2.4515
5.44646
0.74485
-2.4131
-1.2443
-1.21613
-1.15606
-1.65638
-1.62363
-2.1979
-2.20802
-4.07197
2.94323
2.92489
3.05073
2.93534
2.89955
3.26342
3.39285
2.61941
2.36667
2.74243
0.67447
0.629563
2.2306
2.31523
-3.3288
-0.0544275
6.04211
1.46578
1.49417
1.53545
1.41881
1.44619
1.40486
1.34302
-3.90572
2.89398
2.86112
2.98
2.7725
2.78819
5.08462
-4.68831
-0.965096
-2.26591
3.93739
1.30068
1.28227
1.17444
-0.482665
-0.646279
1.36721
1.35042
1.34252
1.29849
1.28181
0.896347
0.945866
1.03529
-1.81936
-1.77986
-1.81957
0.0583743
-2.53575
-2.41136
-2.43833
-0.0617506
-0.087139
-0.110199
-0.0999287
-0.130372
-0.151024
-6.77141
-1.51303
6.04563
-0.42831
-0.413106
-0.65432
-0.619723
-0.547696
-0.655485
-0.626533
-0.585324
-0.543762
-0.658076
-0.735577
-0.731147
-0.536185
-4.01263
0.379714
-7.73707
5.76827
-2.27447
-2.2601
-2.3701
-2.38187
-5.13397
0.0958795
-0.362979
-0.269865
-3.10528
-3.2215
-9.74942
-1.23775
-1.2539
-1.41709
-1.37857
-1.35942
-1.4018
1.56112
1.58106
-2.0326
-2.08083
-2.1371
3.33069
-2.60801
-2.64668
2.9253
6.5415
1.21085
1.25349
-1.34046
7.5667
5.13756
1.38067
-3.39046
-3.44357
-3.40813
-3.33409
-4.53442
-4.61968
-3.56599
-3.65983
7.28189
-1.72124
-1.74488
5.3438
-4.02063
-5.56668
2.74493
2.78611
2.83564
-4.60432
-5.57655
-5.11132
-3.21062
1.2687
-5.62984
0.260733
0.0959718
5.91294
0.516941
0.380342
0.40815
0.374764
0.387216
0.0826558
1.13924
1.26859
-3.21304
3.12143
3.26258
2.08591
2.02325
2.03013
5.32912
-5.71317
4.21349
-3.52686
1.96965
5.3327
-6.01373
-1.00691
-0.989179
-1.03047
-2.97568
3.62014
-3.14911
-3.10271
-1.67558
-1.70249
2.23218
-7.66639
4.2906
2.03669
2.11788
2.11836
-2.39223
-3.03923
-3.19466
-2.00999
-1.96213
-1.95233
4.32358
3.33141
-0.611356
-1.55152
-1.63762
-1.57332
-1.78916
-0.139399
-2.65727
-2.75788
-1.10705
3.9284
-2.37479
-4.00088
-3.97975
4.23481
0.404103
0.459407
0.548523
1.00156
1.03433
1.04085
4.32376
1.44357
2.11156
2.10838
5.18709
5.09351
-3.41121
-3.5702
5.39431
1.71299
-5.98352
-7.15437
-0.612175
-0.618471
-0.542731
-1.03076
1.38148
-1.03312
-1.0724
-1.19013
-0.318672
-0.333686
4.6943
4.68625
4.73893
3.57912
0.950951
1.08016
1.1545
1.29798
1.2488
-3.88123
-3.74059
-5.09495
-6.44612
2.5135
2.42976
0.18321
0.11383
2.70236
0.0766498
-0.00998351
0.111155
-0.287271
-4.09281
3.58091
3.6421
3.74927
-0.898143
-7.41862
-3.51576
-3.40054
-8.63602
0.63766
0.550036
0.572286
-2.46989
-2.45691
-2.43035
-2.44607
5.10761
5.05125
-2.54106
-2.56325
4.24442
3.10517
3.00459
5.09842
2.49676
2.39804
2.49247
2.48114
2.3826
2.46717
2.50694
6.06847
2.57104
3.73034
5.02175
-1.4081
9.54137
2.31995
2.28626
2.31736
3.41555
2.63842
2.57282
-2.8572
-2.72729
0.104535
0.195198
0.440605
3.54353
-0.888226
4.86345
4.01817
3.96004
4.08486
-0.358228
-0.337832
-0.221245
-0.237879
-0.223798
-0.289886
-3.82112
-3.63411
-3.70544
-7.20726
7.08238
-4.79968
-4.82347
-1.20326
-1.22982
-4.17082
1.76092
1.88073
1.77339
1.82864
1.77448
4.58507
0.212269
3.21395
-1.24467
-1.26716
-1.30625
1.03119
1.03425
2.18023
-2.38051
-2.33031
1.64972
1.58565
1.58888
3.99866
1.24955
1.27225
1.32494
1.27238
1.24858
-1.72737
-1.73741
3.51209
-3.4827
-3.51329
-2.62031
-4.03904
-3.86017
3.131
3.10778
-4.82404
5.27191
-3.72058
-1.79375
4.62413
-2.79835
-2.72746
1.02608
0.984055
0.992213
0.904492
1.03719
7.41513
4.245
3.5002
3.46524
-5.04228
5.27363
-1.66383
-1.71118
-1.75071
-1.76649
-1.81232
0.218702
0.140963
0.16069
-3.73912
-3.75179
2.97449
-3.17946
2.06517
2.16055
4.4265
3.19627
3.11992
1.48137
1.5671
1.02259
0.996966
-3.75544
5.21531
-2.24175
-4.19677
-0.966953
-0.984435
-4.27962
9.05459
-0.754675
-0.607419
-0.711797
-0.707844
-0.777389
4.39812
-0.166955
-0.117544
0.728341
0.653853
0.699697
0.905974
-1.71236
1.1399
1.34795
0.495182
1.69705
1.70847
1.00319
1.02258
1.05921
0.986329
0.967698
-1.32991
-1.40945
-1.29088
-1.33334
-1.34819
-1.37995
-1.37536
-1.42253
-1.5567
0.400208
0.469648
-2.01699
0.995448
0.990781
1.20291
1.22462
1.28817
1.15888
1.25094
1.26059
2.32462
2.27293
2.20158
-2.83093
-2.80644
-2.8793
0.0988005
-3.51696
-4.15848
-2.98142
-4.04477
2.50399
2.49982
2.58164
1.49572
1.49521
1.5126
1.48744
-5.98718
6.38326
-1.82595
2.30265
5.29598
5.17003
-4.16784
-1.75869
0.521075
0.405613
3.48553
-3.84194
-3.87659
-3.89726
3.72059
-4.29452
3.37628
-3.06037
-2.90411
-3.70613
-3.70766
-3.76653
4.1843
4.45233
-4.87621
-2.26417
-2.32114
-2.30467
-3.96713
0.0142219
-0.136779
-0.148272
-0.0624257
-0.0558877
0.0337594
0.923146
-7.0572
-2.73501
2.11839
2.14064
2.12926
4.63699
1.88411
1.43207
-1.87737
2.27606
1.63814
1.64486
1.61563
1.66333
-4.53087
-4.52926
4.5276
4.66363
-3.83369
-1.03488
-0.994376
-1.00525
0.526014
0.517539
-1.63696
-1.59147
-1.61958
-1.07198
-1.14555
-1.15532
-1.14876
-1.16041
1.78766
1.87864
1.94762
1.98342
2.03329
-3.80166
1.10239
0.760313
1.50261
1.35941
-5.1369
-2.74089
-2.7116
-0.348493
-2.20328
-2.14481
-2.12558
1.85724
1.38071
1.26028
0.705695
0.693369
0.662328
0.608753
0.556681
3.72199
-6.39192
2.11923
2.13882
2.14264
2.18199
2.13102
3.90877
3.99624
-0.708631
2.26067
2.36695
2.60181
7.59944
-4.84803
7.3762
3.46745
3.43209
0.0105914
5.78707
-4.73576
1.87944
-2.5838
-7.02853
-2.06036
-4.06865
-4.11771
-6.16114
-7.80561
4.98344
7.35349
-2.41764
-2.41256
-2.45214
-4.23974
6.02678
2.26712
3.73432
3.58992
-5.23358
-3.08339
2.63258
2.67461
0.0575725
0.0188865
-0.110376
-0.0898551
0.00839263
0.0144637
-0.123497
-0.207108
0.0194036
-0.0604241
-0.0359571
-0.0444343
-0.0894115
-0.0239301
-0.0109901
-0.0910653
-0.744478
-0.712299
-0.706025
-0.697669
-0.662109
-0.778493
-0.825967
-0.812984
-0.843991
3.85337
-3.14621
-3.14148
-3.08652
-3.12137
-1.14671
2.78473
2.71768
-0.184174
-0.2649
-0.260821
-0.00777992
0.0139692
-0.116177
4.1502
1.37221
1.23634
-3.56494
-3.47838
-3.21322
3.98441
-1.96778
-1.93698
7.95221
1.64917
1.49137
-0.807445
-0.776386
-0.753846
-0.750974
-0.78569
-0.596744
-0.032753
-0.0264841
-0.091365
2.25265
2.30869
-3.25849
3.76082
3.64234
3.6976
2.12757
2.10312
2.21384
-4.77065
-5.67321
0.533755
0.512683
0.730228
0.730567
-1.5509
-2.66226
1.19366
1.15437
1.16806
1.19128
-4.9282
4.81568
1.96748
2.03758
2.07855
2.09071
1.92927
1.97846
3.10945
3.14558
3.01699
-2.77427
-2.76981
-2.60457
4.97951
-0.42809
-0.430214
-0.422474
-0.493367
-0.430388
-4.44077
2.85716
2.03043
2.01824
2.04994
0.799987
-3.25329
2.57677
4.79926
-3.29568
-5.21852
3.0763
3.15857
2.29401
-4.7817
0.90939
-1.42553
-3.6237
-1.78594
-1.68946
6.06768
-3.1225
0.956036
-6.04941
2.81808
1.46568
1.34294
-4.59384
1.01142
1.02011
1.0069
1.02546
1.14773
4.64551
4.21582
-3.65818
-3.80461
2.56772
8.74826
0.797718
0.726933
0.808666
-3.72992
-4.34331
-4.1521
2.67554
-3.42319
-0.904711
-2.13694
2.58805
-0.678674
-0.828189
-0.284305
-0.281188
-0.187196
-0.238705
-0.152023
-0.0349239
-0.160264
1.08481
1.13243
-3.49493
-1.13257
-0.995957
-0.979334
-0.894097
-1.07082
-3.60329
2.11838
2.21601
2.23364
-6.1387
-1.55254
-0.0288177
-0.120537
-8.64895
-6.97793
5.03966
-1.13242
-5.36939
2.31424
2.37372
2.34356
2.2486
-2.67751
-2.73725
-2.62383
-2.67932
2.24242
2.1787
2.07613
4.21515
-4.00979
1.13635
4.33671
-0.289752
6.92149
4.67421
6.31054
-1.69167
-1.62825
-5.31128
-6.77744
2.29046
2.39651
6.11446
3.2722
0.541874
-2.72364
-2.59405
-2.56347
-2.66024
-2.66845
-2.63239
1.68401
-4.03214
0.731513
-1.39372
-2.97371
-3.0035
3.7944
2.31996
2.29244
2.61874
-0.150195
-0.177227
3.35604
-6.6317
3.47096
3.77971
-5.44453
3.97055
1.81349
4.76782
4.86961
2.57392
-3.30475
-3.46296
-5.58835
-2.75547
-1.4271
0.143333
0.118262
-2.50963
-4.52058
6.61674
-5.95685
-6.79162
-2.21399
0.467722
0.51031
6.42467
-0.108163
-6.11265
-5.99999
-3.05692
-3.09492
-3.12271
-2.8755
3.06839
-1.6942
-1.8074
-1.78136
-1.77663
-2.72686
-2.64208
-2.44112
-2.53303
0.0815172
3.61577
-4.17665
5.57948
-4.25407
3.78254
3.72458
0.163657
-5.01814
-7.98084
5.02921
1.68226
4.24873
0.910422
3.23732
1.69157
1.79224
0.582016
0.602772
0.571704
-6.53672
2.75075
1.41573
2.47168
-0.0329685
0.0251902
-0.221902
0.0915516
0.105369
-3.91448
4.41612
-3.13848
-3.16066
-7.52507
0.769108
0.761385
-4.72575
2.77123
-3.53261
0.159325
0.0418729
0.138425
0.160022
-4.28162
2.91008
2.87127
2.81389
2.54859
2.56686
-0.137468
-0.222439
-0.368095
-0.452033
-0.357439
-3.83193
5.99415
-6.97805
3.50264
5.11889
3.94628
3.83451
3.87997
-9.19263
0.0208421
-1.4308
-2.40777
-2.32047
2.0582
2.04331
3.44184
4.54513
-0.903404
-0.853427
-0.798801
-2.14869
3.28833
-1.45851
-1.48102
3.65868
3.51929
-7.44314
5.58166
1.63689
1.65668
2.76043
2.72907
-6.29543
-1.90216
-1.89337
-1.74694
2.05107
-4.36363
0.203827
0.216754
0.913577
0.945906
0.89658
0.326956
0.399437
2.62247
2.65931
-0.988711
6.66824
-4.98737
3.99646
4.9938
-2.45991
4.3871
-4.34967
-1.9026
-1.94906
1.39885
1.45812
1.39054
1.41524
1.31639
1.32439
2.09063
2.14148
2.09035
2.10988
-4.07855
5.6598
4.75004
-3.46605
-3.55739
3.62109
2.40692
2.41535
2.37299
2.38998
2.39035
2.39425
2.38721
5.59948
-2.46415
-0.000957618
0.0273284
-0.0235797
0.00907367
0.0512486
0.752171
4.31689
-0.329345
-0.185477
-0.277438
-0.324285
0.78627
0.716762
0.768744
-3.12103
-3.14593
-3.09536
-2.50377
-4.88724
-4.88861
9.63195
-0.00578408
2.52708
-5.99654
7.12963
2.35264
-2.72925
0.416977
0.440839
0.4022
0.44223
0.456833
-3.34826
-3.85598
-3.82135
-3.89175
4.04723
-1.67942
-2.98479
-3.24589
3.63472
-4.0599
-1.02508
-1.01449
-0.269965
-0.291661
-0.309251
-0.311367
-2.60542
-2.61157
1.08584
-2.87122
-2.76764
5.54313
0.58851
0.654065
0.940705
1.01381
4.34499
-3.18246
-4.885
-4.82074
2.60961
2.68977
-1.57917
-1.61093
2.85791
-0.492537
5.47839
-2.21063
-2.2064
-2.29466
1.30884
1.41982
3.48733
3.43757
-6.30397
6.86329
6.11393
-2.28845
6.87273
-3.98544
3.97145
2.29063
2.22093
2.31554
2.25798
2.30388
2.20643
-0.519604
-0.56135
-0.10702
-0.0225223
-4.5999
0.546692
3.55272
5.27938
3.93394
2.62103
6.13375
-1.47742
8.06392
-2.47695
-2.28999
-2.20396
-1.08701
4.58291
-2.79728
-2.82383
-2.09759
-2.17756
3.29842
5.2432
-0.409588
-0.461971
-0.409479
-7.46217
-3.00487
4.7688
4.83595
-5.13617
-2.23958
-2.2501
-2.18752
-2.27405
-2.41612
-2.31072
-2.27928
-1.22719
-1.30248
-3.1395
-3.13143
-0.289417
-0.425038
-0.39913
-0.363388
-0.452836
-3.86233
-3.89608
-3.8061
4.17727
1.9206
1.48535
1.5085
-0.914745
-0.85987
-0.942814
-0.930156
-0.923312
-0.824559
-0.883072
-1.02613
-0.952019
-4.1165
-1.68492
5.53059
5.02573
-6.03595
6.76277
-3.36194
-3.47494
-6.03968
1.62409
1.59036
1.76406
1.5033
1.88536
1.90198
-1.25356
-5.68577
-1.1339
-1.17238
-1.18595
0.451682
5.68729
-1.83337
-1.84334
-2.1626
1.99113
1.97097
1.94627
1.82147
1.82505
1.93135
0.767407
-4.03483
5.87392
1.97262
1.82601
7.80099
-2.5885
4.83291
4.73646
-0.0177903
-0.0410792
0.00106703
0.000715723
0.0278098
0.031237
0.045454
-0.0286578
-0.118924
2.0233
2.25377
3.29064
-0.0635513
4.17141
-1.42853
0.635496
0.603026
-5.2676
-4.84667
-1.5386
4.58183
4.50855
2.33986
-1.4817
-1.5408
-1.49533
-1.45971
-5.5353
6.92626
-3.07497
4.4531
-0.744462
-0.802621
-0.574322
-0.594633
-0.677749
0.548325
0.561302
0.41008
0.502414
0.512908
0.53976
0.522834
0.515917
-0.0448611
-0.16329
-0.144153
-6.83398
-3.13124
-0.885454
-0.884246
5.87617
2.22913
2.50083
2.32911
2.28885
2.30121
2.63763
5.56559
-7.97135
-0.684344
-4.01976
-3.53805
0.245739
0.263982
0.25833
0.269318
0.0510092
3.05016
-1.32711
-1.34486
4.02148
3.891
3.95186
0.522777
0.531127
0.513501
1.83986
1.83376
-0.610693
-0.468385
-0.511918
-0.512837
-0.51155
-0.497723
1.67032
1.66374
-1.80931
-1.78509
-1.87616
6.39984
-2.16057
0.202165
2.86947
5.54196
-0.869914
-0.892889
-0.845297
4.1942
0.212807
-5.09358
3.60994
3.73391
2.1843
-2.31967
-4.21344
-4.25547
-4.34153
0.102111
-0.363521
3.87964
-2.53087
-2.61109
-2.1193
3.28129
3.29254
3.24393
-0.386405
-0.32229
-0.39969
-0.51046
-0.40938
-0.37796
-0.392151
2.83001
-3.23445
-4.64983
1.99417
2.10874
2.11145
3.80947
-0.317575
-0.231069
-2.17324
3.88652
-0.024155
-1.43882
-4.10904
4.35209
-1.23058
-1.24131
-1.25507
-3.38939
-1.40615
-1.52092
-1.5245
-1.55947
8.143
6.11181
-0.718366
-0.779079
-6.45767
-5.379
-2.58172
-2.54027
-2.38679
-6.86523
3.55606
2.83632
-4.75648
3.53983
-3.73984
-3.80549
3.6433
-7.01587
0.798772
0.715987
0.804144
0.645407
3.1955
0.721816
-0.21397
-0.205389
-7.81641
-3.32939
-3.37894
-6.28023
-6.6773
0.751975
0.962139
0.818042
0.729912
0.702012
0.812937
0.863598
-0.14987
-0.221141
-1.17069
-1.27643
-1.32233
-1.30808
-1.17051
-1.22251
-1.17857
-1.1343
-5.04436
-0.334921
-0.318203
3.67291
-3.19574
-3.06482
-0.977612
-5.47087
-4.44188
-3.04072
-2.9438
-4.87353
-0.574679
-0.602042
5.45665
1.56495
1.45866
1.45012
1.51532
1.43152
1.29005
4.75837
-5.89142
-4.76596
0.765612
-2.31689
-2.2997
-5.08946
0.828641
1.02362
1.02675
5.26027
-1.36303
-2.73505
4.08197
3.70709
3.60757
-6.54556
-3.35682
2.16005
2.09258
2.18255
2.25328
-1.79379
-1.86413
-2.92423
0.775918
0.606889
0.561182
3.49556
3.50588
2.0257
1.87398
3.28853
3.42998
3.33597
2.11167
2.17874
2.03094
2.1844
2.2408
-0.593938
-0.615021
-2.5384
8.22885
2.92834
3.3837
3.16589
-6.10853
1.92644
1.94089
1.96549
-4.03781
-5.47219
-3.08573
-3.14327
-3.10552
3.49762
-3.09823
-3.10239
-6.22018
-1.97157
-1.90406
0.597802
8.94124
5.51961
3.12111
3.19148
4.01665
3.99319
1.02743
-4.35364
-4.07742
0.0304954
3.51938
-4.32528
-4.41083
-3.12105
4.28191
6.36959
3.57
-7.85291
-2.26843
1.77801
-4.6424
3.96644
1.27854
1.25412
1.25837
1.3018
0.360848
5.05379
-3.59298
3.97052
-3.99906
5.89495
3.39784
3.30738
3.82698
-2.87464
1.99277
-0.35614
-0.434106
-5.0701
1.50007
-8.18701
0.237209
0.20835
-2.97576
-2.97734
-2.93285
-2.82756
3.49202
3.54475
3.4489
5.05349
-0.81634
-0.804675
-0.818789
-0.761218
-0.495319
-2.66147
-4.58795
3.44606
5.72308
-3.61613
-3.43831
-6.06042
-0.000905411
-6.83767
0.2546
0.279146
0.387864
0.419357
0.366567
0.252707
-3.76227
4.7931
1.28232
1.26699
6.6579
3.87856
-2.57942
2.48317
2.47385
-2.13756
-3.12048
5.75168
2.42854
-4.80708
-5.57122
-4.00814
0.589382
0.545873
0.638535
0.641247
0.605234
-6.74213
-2.27974
-2.19131
-2.1252
-2.35697
4.34068
-4.06682
-3.85041
5.60216
5.11902
-4.51453
-1.07718
0.399801
0.393957
-4.47926
-4.39428
4.36483
-1.67564
-1.84501
2.11421
0.425224
0.518252
0.489132
-4.30194
2.96125
2.90278
2.92765
-3.08183
-3.02076
-3.73742
-3.67812
-7.85041
-1.47023
-6.70798
-1.20574
-4.5324
4.04328
-5.0035
-0.504424
1.61144
-0.258946
-0.280122
-0.29256
5.63852
5.89866
-3.37625
3.53789
3.38196
3.63999
-1.20228
-1.21843
-1.19932
4.14022
2.50228
2.42562
2.6392
-5.43871
-0.518692
-0.504767
-0.349283
-0.413981
-5.10961
-0.981664
-1.0864
-0.309903
3.9379
-6.28347
-0.583439
-0.821901
-0.756559
-0.740123
-6.04731
-3.68675
-6.14011
5.22456
0.890412
-7.16815
4.65783
-3.16675
-3.03132
-0.20787
-2.42836
-0.990178
-0.965044
-1.02772
-1.55713
-1.47745
-1.53504
-4.00317
2.70965
2.52027
-0.431059
-0.54677
-3.56219
6.75164
1.08165
4.53951
-0.541802
-0.97823
-0.821122
-0.905229
-6.04191
2.3818
2.36459
0.855152
0.864872
-2.56842
-2.58588
-1.85181
-1.85828
-1.79144
1.18396
1.21881
1.13765
1.11203
1.13544
1.23379
1.12894
5.7752
1.08011
1.11944
1.21207
1.24904
1.26526
-5.31412
1.2071
3.03127
2.98355
2.03061
2.20816
2.22603
-1.47106
-1.41733
-6.24617
2.38156
2.42726
3.62565
1.14747
1.25109
1.35975
1.09802
1.06779
0.994742
-6.96246
8.63256
6.36797
-3.14296
-3.25855
4.1693
-0.474904
-0.299566
-5.4347
1.91681
-3.52683
2.50095
4.30024
-5.30768
2.77029
1.36953
1.2672
1.34893
-1.09198
-1.27476
-4.92951
5.75315
2.40998
2.37924
2.41733
2.13199
2.27363
2.24059
2.30725
2.32465
-5.88723
-3.36135
-1.72802
-3.5373
-3.64551
-2.72773
-2.69127
4.18705
-6.56479
-5.07706
-1.61676
-1.68508
0.121738
0.0719331
0.0380889
-6.17803
-4.92558
1.83368
4.10451
4.61441
-0.621764
-0.596718
-0.557188
-0.711531
-4.04035
-5.74461
-0.733415
-0.689366
-0.615061
-0.0321964
-0.223212
-0.307572
4.44544
4.39539
-4.24071
-8.65085
-1.09167
-1.08823
-1.1037
-4.17419
-3.31434
3.71662
3.7716
3.73185
4.67379
-5.40317
6.74864
3.69764
-0.140996
-0.148632
-0.29887
1.50208
1.54529
1.58088
1.44321
2.95679
3.18558
3.18169
0.48719
0.624945
0.653323
-1.21531
4.28486
0.793566
0.0459706
0.533062
0.543156
2.31487
2.27746
2.39709
2.23897
-6.52583
3.35565
4.68787
-2.8036
-2.74067
-2.89381
-2.81679
-2.82614
4.70403
2.63368
2.85895
-0.687403
-0.65924
8.43261
6.15447
-6.32273
1.5209
1.54702
1.57292
-4.64051
-4.60637
-4.1694
5.06922
3.40159
3.29385
3.92825
-1.70372
-0.0647502
-0.047889
-0.032034
5.54403
6.31759
5.46954
2.04193
2.00652
0.298493
0.325387
0.387313
0.25422
0.248304
0.236929
0.293392
-4.84745
2.81681
-3.54157
-5.77349
-0.0776699
8.06497
-4.41038
-5.42924
-0.737697
-0.749484
-0.765109
-0.799156
-3.07912
-2.93878
-3.00667
-6.28546
-4.53719
4.04181
5.84171
-3.86181
-3.66583
-4.51172
-3.29106
-3.14291
-3.28741
-3.12366
-1.50825
-1.91301
-1.83059
-1.83966
-1.87256
-1.86285
0.751945
-7.56854
2.7034
-0.604047
1.51684
-7.86185
-0.54509
-0.538039
3.19553
3.37184
3.19299
3.2546
3.25313
-3.41941
5.86776
0.0629448
0.064371
-2.04342
-2.17261
-2.13633
-2.2293
-6.9833
5.35689
-3.53735
-0.770558
-3.56016
-3.48966
-3.44225
-5.38324
-4.72187
-4.54672
-5.87484
-4.06613
-1.05829
-0.931488
2.56657
-1.35619
0.122453
3.96631
-1.32752
-1.39427
1.19958
1.03101
-3.19756
1.2445
1.35526
1.28974
-0.0545834
-0.25226
-0.246072
-0.188939
-1.39091
-1.38765
-5.39197
-4.0147
-0.786476
3.72637
2.16918
0.868017
0.863133
0.804939
0.814136
-0.911422
-1.01647
0.141066
0.213402
0.231045
0.21761
0.234753
0.328055
-1.02132
-4.28489
0.0350985
2.06383
2.07595
4.265
-3.33508
2.57678
2.74688
2.73916
2.59776
1.94081
1.96309
-2.19207
-2.16683
-2.99723
4.51737
3.91568
-5.17527
-0.816381
-0.850353
-2.03889
5.312
4.65874
4.72971
0.652787
6.67323
7.69389
7.07611
-5.40507
1.35807
-0.41651
-4.55863
-4.47516
-4.25059
-6.71099
1.88309
1.73885
-6.55182
-0.00278049
4.62784
-3.55606
-3.56549
1.38459
1.24597
1.21603
1.26052
-1.0025
-6.69559
-4.21139
-4.34623
-0.680784
-3.16928
-1.53033
-1.51458
1.12793
1.43308
6.98576
-4.28198
4.67141
-0.509171
-0.519977
-0.491482
4.87091
0.870189
2.76371
6.3317
1.25157
1.17421
1.02635
-7.98602
-0.848199
-0.0647118
-0.171637
6.66252
-0.715152
-0.327139
-0.325819
1.98134
4.25856
-4.12072
-4.0269
-4.09686
-7.00445
6.16277
-6.56538
-4.12132
-5.79404
-3.91727
-0.910481
-0.96922
-6.88678
-1.88026
-2.63892
0.15827
0.155199
-0.867184
-0.856567
4.65815
-2.08823
-0.905521
-0.938369
-0.87122
2.29713
2.09888
1.55394
1.55832
1.44081
1.55169
1.83785
6.3901
3.61615
3.64416
3.72991
-2.29983
-3.62616
0.842728
-2.59852
3.34651
-2.73529
-2.74011
-5.14111
3.01546
3.99808
-1.4357
-1.40533
-1.34382
-3.28654
-0.586911
-0.600769
2.12282
-1.28021
-4.84889
1.02601
1.01133
1.00111
5.65804
3.15798
3.13431
3.20329
3.09101
-3.62692
-7.31878
2.47574
-3.63552
5.49906
0.778525
0.72645
0.593538
0.628699
0.645078
0.577362
0.544499
0.538116
0.590759
0.593432
2.68343
2.62405
4.43675
-0.465777
-0.527964
-0.490417
-0.543298
-0.478413
-0.570195
6.23746
-0.082388
4.28478
-1.08501
-1.0423
-1.21103
-1.17557
-1.21189
4.91032
-1.89971
-1.83141
1.59762
1.61313
1.49727
1.66159
1.48204
1.5334
1.56171
3.22685
3.25066
3.31596
3.11599
3.49352
3.48676
3.46558
2.90903
-4.24135
5.31977
-1.09401
-1.14754
-4.8061
-3.27524
-4.52692
6.71551
-1.42615
-1.42629
4.9921
-3.6481
2.83647
5.10974
-2.3097
-2.31269
-2.35442
-2.34813
-2.31064
-2.30065
-2.41728
1.57581
-2.40996
-1.38115
-3.43994
1.3265
1.20565
1.26323
1.16798
-5.15419
3.78718
5.14806
4.11604
0.886542
0.79408
0.870104
2.6133
4.60068
-4.99462
3.1325
3.04067
3.13066
4.74334
-6.96643
3.9646
3.97052
0.0876231
-2.65996
-1.32205
-1.32951
4.12394
-0.130941
-0.234263
-0.124696
-0.139046
-0.126716
-0.0806966
5.97899
3.52427
-2.04749
-2.00582
-2.06014
-5.8869
1.3494
1.19623
1.21716
1.32409
0.474643
0.501231
0.299753
0.30365
0.331364
0.273853
0.613367
0.5968
0.0764182
0.0782481
0.151431
0.119378
0.163365
0.120394
0.117944
0.106177
0.110584
-2.87541
-2.7091
-2.04589
-1.94956
-2.00132
-1.98534
-2.0092
2.76109
2.71233
4.69782
-2.64767
-2.71679
-2.70377
-2.64274
-2.50241
-5.42258
4.55462
0.491249
-1.11459
-0.997481
-1.96248
-1.88757
4.57171
0.549674
-0.45387
-0.399899
-0.528324
3.54154
-1.7007
-1.7795
-2.97464
-2.28401
-2.28661
-2.26764
-2.35203
-2.33669
-2.85856
4.59038
0.795415
0.915538
0.867162
0.860179
1.91955
4.20809
-1.90917
2.57301
2.4429
2.76224
2.65296
-0.782633
2.64855
4.85659
-3.18363
-3.2115
-3.18635
3.40128
4.59781
-5.83274
-0.48078
-0.501779
7.44488
1.82558
3.68735
-1.04377
-4.28002
3.95453
0.125306
6.3952
-0.865748
-1.22382
-1.11922
0.664441
4.06647
-1.00183
-0.959955
-0.864041
-0.806832
-0.868645
4.09347
-3.6627
2.08706
2.02084
4.00425
-1.82209
-2.99928
3.06555
3.06877
2.98121
2.02911
4.98306
-3.55006
-0.223605
3.16849
3.07366
3.76075
5.34931
-2.56568
-2.49746
-2.51746
-2.40996
-3.43043
1.93747
-1.01506
-1.10046
-0.729289
-4.61794
1.56756
4.58776
4.08383
-6.8357
4.53189
-0.664691
-0.741918
-0.73917
2.45019
-1.788
-1.77733
-1.79744
-1.77976
-1.7911
0.552129
0.546291
0.477397
-2.70895
-2.83682
-2.97317
-2.68861
-3.27451
-3.19348
-3.31084
2.71653
-0.0828951
-0.0863414
-0.187622
-0.160494
-0.0354992
6.29611
3.78517
-2.59433
-2.59762
-2.59805
-2.66092
-2.50932
-6.27776
2.58966
2.54517
-0.301634
-1.45596
3.17945
-4.05517
-1.52251
5.87009
3.49872
6.55866
-0.495598
-0.459432
-3.48506
-3.95263
-4.46441
-6.48299
-1.74554
-0.815028
0.625509
0.793228
0.718128
0.772734
5.38936
-6.29905
2.28945
2.41509
2.17854
2.17933
-1.04102
3.97471
-5.70217
-5.66229
6.21166
1.34213
2.55381
1.86623
1.87489
1.70511
1.83255
6.53364
0.535377
3.81385
4.5946
4.55433
4.1969
5.35567
2.99942
1.40662
1.3615
1.37486
1.26208
1.32763
1.27082
-5.36427
0.549969
1.36337
1.31202
-2.55472
-5.68786
-6.20953
-0.340123
-2.05675
0.247703
5.26703
-4.29576
-0.919165
-0.938674
-0.852851
-0.846791
-5.47024
-1.70169
-1.73493
-1.68983
-9.33673
-2.45346
3.77648
7.42921
4.52989
-0.216736
-0.156636
-4.03528
-3.88197
-1.97849
-2.06082
-2.15194
-6.95581
-3.71004
-1.54269
-1.68508
-4.03782
4.72805
3.7538
3.66971
3.67186
-3.2361
-2.57984
-5.45172
-5.01443
4.53322
3.68023
3.76841
-1.66767
4.23994
0.489116
-2.71362
-2.7059
-2.59172
0.137407
4.96249
4.93912
-3.93747
-5.2333
-4.52712
-1.38961
-1.32755
-1.35546
6.3149
-1.02105
-0.950131
-0.789928
-0.817238
-0.933511
-0.931521
-0.887898
0.727084
0.621889
-1.71841
-2.41461
6.95605
-0.0291898
1.35404
1.34298
-7.72026
0.646971
0.609517
0.80742
0.77459
0.7442
0.867265
-0.888783
-0.893627
-2.83307
5.86955
-0.696665
-0.466911
-0.468083
-0.417411
-0.584946
1.30114
1.58085
-2.53329
-0.528005
-0.516469
-0.481177
-1.23218
0.824549
5.55331
1.56685
1.57306
1.45752
5.93345
6.91655
3.88826
2.69728
-3.8084
-4.1372
-1.1782
-2.90911
6.21854
-4.36377
5.26599
4.44688
6.65804
-6.40651
2.3915
2.4195
2.42982
1.17007
1.64949
1.5256
1.62172
1.68824
5.02728
-4.53639
1.94947
2.13663
-3.37209
-3.44005
-3.44227
-3.38341
-4.10123
-4.11994
-4.06034
1.78502
1.89857
1.84868
1.82297
1.96993
1.91363
1.9261
6.10846
-4.88779
-1.65319
-1.70399
-1.67938
-1.68497
2.01882
3.56249
0.958829
0.931693
5.82165
4.05053
-5.92505
0.912121
7.41639
-1.73875
-1.74057
-3.19984
-4.10984
-2.84837
-2.78927
-2.81438
3.12066
1.82228
-4.87961
-9.04209
2.44305
3.51865
3.09302
3.19214
3.16581
3.24291
-0.421008
-0.511819
4.15318
-8.12811
-3.46355
0.476583
0.59198
0.591481
0.197551
0.265792
0.290876
0.337824
-5.89008
-3.02287
-2.63133
6.29682
-0.274238
-3.99902
4.16032
-5.78616
5.48659
5.45648
1.59326
1.68425
1.64007
2.25528
2.28702
1.44253
-3.19505
4.74297
4.16725
5.07502
-6.49951
0.0626806
0.0918099
0.0402263
0.0288908
0.14317
0.114442
0.0530433
0.172875
-3.4929
-3.54044
-3.51117
-2.45279
-2.09361
-2.05805
4.11128
3.85287
3.97939
3.86707
3.7089
-3.25714
-3.32251
-1.63801
-1.48782
-2.84014
4.62242
4.85174
3.56162
-2.02761
-1.97084
-2.0692
-2.07699
3.29769
3.25141
3.25562
1.61152
5.19007
-3.75209
-3.83347
2.30926
-6.94495
5.01645
1.18691
1.19272
1.31133
1.2901
1.22243
1.07776
-7.3273
3.82393
3.23639
-6.28151
5.41803
1.26882
-2.10646
3.99154
2.40073
2.55903
-4.75492
-0.0386817
-0.0142162
0.017099
-1.99644
-1.99545
-2.01873
2.07035
2.14153
-3.09834
1.87974
-0.157229
-0.354176
1.3379
1.38905
1.31022
1.32871
1.41313
1.3587
2.82449
-0.927647
-0.897532
-0.933335
-0.925159
-0.963239
-1.03424
-1.0434
-0.864433
-0.856889
2.44873
2.73051
2.54311
2.13933
2.01849
2.02087
2.05113
2.12112
2.18321
-4.83537
-4.97489
-4.01828
-3.93306
-1.80291
-1.79545
-1.06793
-1.20764
-1.17349
3.37972
-2.13858
8.00342
8.13967
1.49391
-0.729418
-0.732081
-0.810093
-0.838733
-0.663779
-0.736578
-0.733441
1.31675
1.35158
1.27867
1.24406
3.34665
-3.57537
4.43314
1.4801
1.29617
1.195
1.30059
1.29555
3.85935
3.7795
3.78554
3.7949
0.577812
0.550562
0.565378
0.531285
-0.0934657
-0.0990822
-2.07713
5.08405
-2.2873
-2.24912
-2.29053
-2.26483
-2.21302
-2.32066
-2.2746
-2.15603
-0.58517
-0.50752
4.99161
5.05391
0.813611
2.49849
4.35497
4.37704
-5.32327
1.27125
3.09232
0.826602
0.812723
-3.23494
-4.05794
9.60686
1.39839
0.969043
0.941449
1.01324
1.07763
1.05344
0.994618
3.01172
5.56196
6.02024
2.37238
2.33158
-7.51968
-3.87236
1.80236
-0.232091
-4.40316
0.812496
-3.69049
6.31886
-1.06283
-1.10056
-0.96716
-0.434883
-0.511067
1.01967
0.949016
1.05663
0.9112
0.767633
0.774952
4.16508
-3.08011
-5.30957
-0.320441
-0.393468
0.661575
2.45771
4.32626
-0.314399
-0.341034
-0.253637
7.99144
6.79551
-1.43486
-4.05168
-3.41714
-2.2933
6.39171
-0.892623
-0.914071
0.719682
0.89505
2.20526
2.31074
-2.45338
-2.95727
-2.97738
-0.173539
0.0249747
2.54279
-1.89562
-2.0271
0.00532519
-0.0199746
3.92087
-2.57245
-2.6079
-2.67362
-2.63767
6.65177
-4.25524
-5.00663
3.25288
-3.00645
-3.02804
-2.31555
-2.33968
-2.31372
2.90614
2.2772
7.00923
-5.43575
1.33421
-1.86883
-1.8343
-1.84221
-2.62474
5.05883
-1.4338
-1.49078
-1.47978
3.22791
3.26565
3.10396
3.4381
7.69478
2.27564
6.75087
-5.03509
-1.90556
-8.23477
-7.80986
2.21266
-4.25577
1.13233
1.08775
1.15462
1.11014
1.08143
1.10336
1.25711
1.20877
1.14786
-3.63771
5.89205
-2.84218
-2.84612
-3.33425
2.64532
1.94365
2.01567
-2.48063
-5.2702
-5.29786
-0.808742
-6.62125
-0.287073
7.89584
3.06391
-9.79307
0.226832
2.02725
-3.50466
-2.26436
-5.00815
-6.03633
-1.26451
-1.34848
4.30846
7.44061
-7.05452
-1.18086
1.41517
1.5514
1.43435
-1.92359
2.0614
2.08022
0.666963
0.692615
0.625233
0.643635
7.19884
-2.57883
-2.56017
3.07865
4.38452
-0.402459
-0.208593
-0.292937
-0.167492
2.64451
-2.82818
4.97142
6.12409
2.29301
1.36303
0.490859
0.375158
0.474541
2.42311
2.4098
2.37347
2.45928
2.42185
2.35586
3.75739
-1.17555
-1.25876
-1.338
-1.32588
-1.32341
-1.2106
-1.28685
-1.32326
-7.1943
-1.26633
4.3784
0.90361
-3.27848
-3.37055
-3.12952
-3.03713
-3.05844
-3.02778
4.2685
-0.588313
-0.775499
-0.697176
1.9153
1.84237
1.63653
6.30484
-2.48309
-2.43063
-2.3365
1.06425
0.955397
0.927952
0.902447
0.910715
0.8352
0.283564
0.229561
0.441809
1.81331
1.80221
1.82393
6.9815
-2.91027
-5.3843
-3.62947
2.28704
-1.23842
-2.92929
-2.83619
2.2875
-7.46256
6.93247
3.47428
3.49255
4.36336
2.05016
1.91599
1.88293
2.29797
2.36964
2.38386
6.92391
1.67812
5.28051
1.5157
-3.13975
-3.32955
-4.83782
-5.38214
1.43733
1.42722
-5.69637
6.15507
-4.14118
-5.99576
-0.881348
0.656075
0.648135
-2.52553
-2.55093
-2.49814
-2.46561
7.36979
2.50574
2.49764
1.2927
1.43179
1.48371
1.45144
1.40463
1.53246
1.37846
1.46529
1.47475
1.41337
1.4159
1.43182
4.93324
2.37189
-3.45853
-3.42776
-0.301451
1.82658
1.11909
0.961386
1.12255
1.06833
-1.79881
-4.09466
-6.91689
1.75816
1.85653
1.70568
5.9604
0.802069
4.23622
2.7185
2.65915
-2.98383
-0.272151
0.854047
0.891233
-6.44031
4.57146
4.08039
7.85911
-3.34272
-3.29545
-5.14576
1.14668
1.13484
5.45479
4.08053
-4.99646
3.1476
-3.08324
0.00460681
0.0567424
-1.1118
-1.06949
-0.691492
-1.44401
3.61401
-3.00126
-4.63772
-1.95661
-2.02326
-2.03121
-1.92041
-1.92936
-1.8331
6.70705
1.44402
5.9214
-0.380235
2.79743
2.70165
3.41184
4.82294
-0.246393
-0.365268
-0.278818
0.10063
0.143163
0.15805
0.148336
0.0760963
0.0903755
0.0928246
0.243466
0.359592
0.329271
1.82252
1.83323
-0.859338
1.45972
5.40134
-1.70863
-1.72434
3.30385
1.15275
-1.84831
-1.9506
-1.95723
-1.94202
-1.93558
-4.42229
-4.80892
4.36001
4.60646
-4.51279
-5.82833
-1.19918
-1.23341
-1.25511
-1.07449
-1.0495
5.16962
5.18386
4.22998
-1.8867
-1.73765
-1.79812
-1.73023
4.54419
4.50168
-1.64834
-1.66246
-1.59603
-1.81512
-1.8027
-1.7161
1.49174
1.40205
1.42008
-3.61336
-3.53132
3.16752
-3.8988
-3.88222
0.119051
0.118016
6.29115
5.296
2.36247
2.28601
2.45641
2.88142
-1.98936
-4.78514
-0.129711
-5.84842
-6.25071
-2.15467
2.59008
4.73799
5.82281
-3.26577
-0.899826
6.15593
-2.00958
-2.02858
-2.13633
-2.34064
0.615914
0.59103
0.524387
0.568431
0.568209
2.45074
2.47621
2.40705
1.53766
-1.64442
4.79253
-4.0251
-3.40509
-5.65015
-0.74442
-0.739396
-0.742265
-0.754979
-0.841875
-0.686022
-0.920936
3.3723
3.24722
2.2291
2.21286
2.20899
-5.582
1.52911
1.43669
1.64777
-0.200767
-9.78022
0.372543
0.244426
0.237947
0.308473
0.350482
0.243461
-3.23768
3.63677
3.69075
0.198369
-3.39239
0.073325
-4.45058
-4.80627
1.07814
1.10349
1.21255
1.09589
1.04637
0.982824
1.258
1.19099
-0.991859
1.67261
1.69664
-3.38067
-2.29955
-2.23311
-2.18007
-0.193133
-0.276463
-3.566
-5.31806
0.328185
0.267332
0.307205
0.319301
0.302615
8.12622
-0.130069
-5.31895
-7.52584
-2.4895
-2.48912
0.410923
-1.10157
-1.11575
-1.28883
-2.03947
-2.1613
1.99837
2.07194
0.812157
0.774672
0.867379
0.769934
0.741996
0.878488
3.85697
-5.28179
-1.11446
4.21183
0.905259
-0.125722
-0.0629934
-0.0933577
-0.145657
-0.0263138
-6.0551
-2.94094
4.83981
2.31333
-4.85743
1.61805
4.79214
4.11301
0.647679
0.823822
0.850222
1.04098
1.03427
1.02469
1.07977
1.08878
1.10239
1.08202
1.10702
6.62569
2.54849
2.54223
2.42402
2.52313
2.45506
-2.33904
-0.947855
-0.875985
-0.938822
0.528012
4.17295
-4.36385
-3.56877
-3.67013
-2.19259
-2.77123
-2.78401
2.60443
3.12312
3.09002
2.80144
2.80491
0.0292967
0.0173801
-0.000171729
3.77217
3.7241
3.77377
-3.56974
-3.53621
-3.42932
-1.47692
-5.97406
1.51031
-3.80536
-3.77116
0.564061
0.724161
0.606812
0.703552
0.661473
0.698824
0.687267
4.72764
-4.10239
-0.506552
2.10015
-0.805344
-4.02641
-0.37832
-0.381921
-0.163442
4.62382
0.536736
0.654191
0.603228
0.618299
-2.72514
-2.66397
2.97166
3.34417
-5.55812
-2.98242
-2.81227
-2.9488
5.82336
0.896752
1.03428
1.11385
1.16506
1.13463
-0.86972
-3.62942
2.81251
2.20254
2.23511
2.20959
2.1642
2.19098
5.31219
7.25924
-4.17841
2.43165
2.40389
-3.21208
-3.09648
-3.42446
-3.40429
-3.62218
-3.49593
-0.598548
-0.573339
4.62884
1.15485
5.12265
-4.79333
-2.22064
-2.03637
-2.88482
-3.08849
-3.03425
-6.53507
-3.45608
-3.53836
7.69404
0.755588
3.52024
-0.421469
-0.501172
-0.473447
-4.53873
0.622043
0.641037
0.640814
0.786928
-4.0493
4.40075
2.34364
2.35531
7.11711
-4.40046
8.61283
6.57264
-1.57469
-1.58439
-1.6012
1.83609
1.79367
6.30001
-3.85919
-2.30372
3.06792
3.00728
5.80052
-5.03538
-4.19158
-3.27453
4.86673
-3.74407
-3.72902
1.60974
1.55927
-3.61373
3.60755
-4.04372
-1.95823
-3.08297
-2.92076
2.85615
3.01649
1.38987
-5.58803
1.8967
-2.24348
-2.20288
-2.27188
-2.25445
7.22325
1.34669
2.87267
2.94622
2.86855
-3.18743
0.286055
-0.983884
-0.934601
-0.477086
1.00512
1.20801
-5.87171
-4.62464
-4.76012
0.298851
0.367106
0.320489
1.39205
1.82765
1.80311
-0.272614
-0.156667
-0.267225
-0.439588
-0.450603
-0.396731
-1.77549
-1.73716
-1.76172
-1.74652
-1.68106
-1.76691
4.62464
3.3397
3.22774
-1.27303
-1.28398
0.37142
3.35844
3.28231
-4.08489
4.36419
0.467942
0.400504
-6.30522
-0.887164
-0.844018
-0.782063
-0.756164
-0.914326
-2.76092
-2.85054
-2.73702
0.100579
5.5423
1.25089
-7.05234
-3.21252
-4.42032
1.97557
2.26897
-4.29061
-6.46316
3.08072
3.12701
-4.36882
2.20399
2.60689
2.61394
0.32682
-2.99772
-2.9746
3.14887
-0.501411
-0.591426
-5.03834
0.0733421
4.95878
-0.204585
-0.27544
-0.242931
-0.317644
-0.329315
5.39691
-5.12436
-3.19027
-6.33294
-0.172357
-0.228575
-5.2248
-1.56874
-4.59021
1.90252
2.01611
2.03707
1.86366
1.40202
1.28123
2.81344
-6.41309
4.1605
-5.72695
-3.96735
4.77582
3.55298
0.0154506
6.51785
-2.83811
-0.556701
3.28621
6.83676
-3.13792
-3.14864
0.953855
-2.07613
-2.01128
-2.05783
-5.82287
-1.08293
-0.690913
0.252194
0.266427
0.319486
-0.761203
-0.777472
-3.01232
-0.160001
-0.191679
-3.71904
-3.5573
3.2238
-3.17948
-3.04626
-1.53901
4.39887
3.85429
0.793316
0.681861
0.774031
-6.388
-4.99501
1.87935
1.75811
1.73363
0.275057
-5.84207
-2.87527
-5.24301
6.54395
-4.06246
3.51141
-1.7165
-1.64808
-1.64796
-2.8272
-8.76497
6.96408
2.04543
2.06073
-4.44508
0.827452
0.7428
2.25881
7.2057
3.32948
-2.12729
-1.87546
-1.93734
-2.07328
-5.11281
-0.266475
-0.262268
-0.101944
0.946196
0.954942
4.55223
4.50649
4.57583
-1.52763
1.54618
1.45622
1.45374
-1.82067
-1.84913
-1.82555
-1.80884
-1.88798
-4.47398
3.67484
2.21727
-2.7141
3.40971
2.28856
2.31312
-4.34564
-5.08402
-3.67789
-5.19775
4.662
-3.85126
-5.4001
3.46816
-8.39722
1.6694
-4.80307
-4.28997
1.70933
-0.596641
0.539386
0.882195
1.37874
0.70053
0.647381
-1.11047
-1.17416
2.61883
2.54145
2.70858
2.64368
6.8115
2.07034
2.03741
2.76762
6.96702
2.57195
2.52352
-2.87901
3.82156
3.98714
0.344037
0.28731
-5.08554
4.04712
-5.26767
0.159022
0.197994
7.41973
2.81583
2.86331
5.66323
-0.184471
-0.25914
8.05364
-1.34975
-1.51113
-1.47772
-1.5961
1.49638
4.36102
0.878772
0.930706
3.91004
0.919632
0.89625
-0.312548
-0.0577429
-0.27367
-0.260622
-0.231957
-0.254596
-0.247929
-0.246823
-0.228159
-0.130648
0.397174
0.491002
0.418252
0.432153
0.393699
0.564581
0.471315
0.490869
0.514641
0.494323
0.504246
0.507656
0.483936
0.393462
0.51418
0.479958
1.80272
1.74652
-2.34707
-2.28319
-2.26928
-2.3446
-2.3386
-2.29628
-2.27195
-2.33712
-7.09954
3.46258
0.63469
-0.452
-0.483552
-0.509383
-0.543811
-1.01331
-1.01981
-1.12273
-0.957343
-1.30592
2.88035
6.08654
3.06598
0.168175
0.243822
0.486473
-0.0471022
6.16905
-1.13417
5.41917
-0.179355
-0.0898876
-0.26628
-0.102103
-0.0543559
-0.965911
-0.972176
-0.724091
2.068
-1.4217
-1.25807
-1.26367
-8.54143
3.52474
3.44663
-5.17224
0.0829397
4.00779
5.55994
-3.47698
2.56346
2.50467
2.47395
2.59202
-2.26289
-2.25292
5.31325
2.09874
3.38388
3.31825
-0.570118
-0.763358
-0.663942
-0.621316
-2.73372
-2.78423
-2.52184
2.89244
2.78698
2.83979
2.81427
-2.08368
0.0982435
0.100222
-4.91538
0.385632
1.86986
0.859662
-0.191501
4.64188
-4.07903
-0.609965
0.334509
-5.13699
-2.93505
3.87283
-5.70499
-4.56816
7.50391
5.47398
4.08972
-2.99807
1.80238
1.90084
1.86064
1.70249
2.70696
1.69781
-9.13038
3.99474
-0.431895
-0.329653
-0.450951
-0.510865
-0.297004
-0.201771
-0.237599
1.6725
1.62972
1.71157
1.69409
4.46179
4.99858
0.352549
0.402515
0.259784
0.433431
0.321604
0.319304
-3.88381
-3.49044
-1.11234
-1.09672
-1.01915
-1.05264
-1.02115
4.65294
-0.945626
7.14377
-0.216905
-5.18976
0.0308875
0.0496735
2.87151
3.65175
3.55577
3.82323
7.25986
-6.53649
5.16152
-2.98768
-5.31282
-6.10977
-4.58971
2.46593
-8.27322
2.79509
3.00581
3.04995
2.90341
2.71598
2.85989
3.1164
3.23362
3.04618
3.07677
-0.0462737
4.01126
2.45853
2.5032
2.50893
2.63095
0.338654
0.277582
1.40641
-5.34827
-1.52999
-1.50994
-5.64819
-3.9442
-2.13895
0.295021
0.285455
-5.39169
2.04233
2.05222
-6.79809
2.81891
4.66414
-1.01983
3.33666
3.28025
-0.677401
5.13715
0.815871
0.770755
0.696657
4.09844
4.02495
4.11363
-1.24694
-1.09982
-1.14087
-1.09316
-1.06423
0.0338015
0.0508965
-3.50274
-2.82531
3.9789
0.615354
3.85089
-7.1042
0.572211
0.563252
6.08482
0.331784
0.456509
0.351856
0.373125
-4.08577
2.84637
-5.30722
-3.22257
-5.36067
8.4789
-3.09352
4.52768
-4.60787
-4.46034
3.9565
-4.23069
3.1333
3.08303
5.69084
4.60405
-3.49937
-2.58969
0.577333
-2.42396
1.81507
2.36343
2.14081
2.00958
2.03965
1.96318
-1.26146
3.57242
-3.8101
-3.82932
-3.96513
8.20111
1.56143
2.75313
0.113467
0.881057
-8.53588
-4.70589
-0.439621
-0.408717
2.00884
-6.16555
-5.04505
-0.202651
-2.76269
-5.12502
5.02832
-0.230879
1.13041
1.18093
1.19823
1.05517
1.78488
0.811638
0.856311
-5.47126
0.30345
0.263065
0.231249
0.171994
0.239768
0.255133
7.1129
0.866514
0.800298
-4.88357
-2.93444
5.78529
-1.83146
5.06093
5.07962
-0.0683525
0.512242
-2.44564
-2.36468
-2.27272
-4.76673
3.31772
3.33322
6.09064
-4.89666
4.04533
3.9892
1.31031
3.16817
4.299
4.11606
-1.49019
-1.60966
-2.19356
-2.17362
-6.6419
-0.279327
-0.239169
-0.272251
3.05152
3.06761
2.98366
3.04695
5.37472
2.27118
2.20429
-3.65823
-3.69003
2.35802
-4.08932
4.23026
-2.09196
-1.9881
-2.06582
-3.16747
2.02858
1.40871
1.3959
1.48564
0.406373
-3.88814
-1.62835
-1.69602
-0.0487084
-0.0573344
0.0210735
5.07268
-1.59692
-1.71357
4.05318
0.808103
3.22147
3.23003
-4.94133
2.11591
2.2675
2.33897
-1.05564
-1.05837
3.41414
3.61525
-1.7974
-1.80014
-1.63838
-1.68873
-1.68143
-3.10298
-2.39364
-2.45506
-1.4688
0.546072
0.610639
0.226796
0.28276
2.81134
1.77785
1.81254
5.06218
-3.98737
-5.39988
-2.78379
-2.69919
0.0308913
-1.53913
5.76846
1.83883
1.58177
1.60476
-2.7666
-2.89532
-2.95211
-7.95615
2.91463
2.81892
-3.10034
-3.05531
-3.00334
-3.04747
5.84258
1.17829
1.28701
1.41581
1.41721
1.37366
6.23835
1.24906
-1.85532
-1.89634
2.94235
0.603456
0.574585
0.640081
5.26854
-1.0078
0.838736
0.74847
-4.4619
-2.70678
-2.55509
-2.07146
-2.06483
-2.05329
-2.03337
-1.94426
0.307112
0.355287
0.328037
-3.89832
0.708856
0.662142
0.792035
5.94082
-1.34145
-1.38485
-1.39638
-1.22243
1.29856
1.36907
1.36853
1.42421
1.4559
1.43348
1.25885
1.37984
1.33517
1.36368
0.546247
0.532512
-5.06224
2.00174
-3.29766
0.980513
2.2367
-4.77815
-4.50112
-2.50816
-1.59074
5.21299
-2.23752
-2.13545
3.45896
3.34549
-0.979127
-0.938498
0.0879181
0.169788
-3.41421
4.02907
0.0807697
3.04452
-4.22638
5.80988
-2.53654
1.21159
1.14811
-3.25362
-5.42607
-4.88999
-3.37231
-3.77185
1.79803
1.80346
-4.33528
-4.24853
-4.32271
7.9056
-5.37856
-5.34776
2.2712
2.33585
2.36677
2.33375
-1.88074
-0.0117883
-0.0730856
-0.135925
-0.144926
4.99248
1.10536
-4.18297
2.09378
-2.21219
-2.20462
-2.20637
-2.18504
-2.22428
-8.5043
-0.0655957
-0.182831
1.88869
1.96627
2.00278
3.51994
-4.55146
-3.4945
-3.4658
-2.74665
2.41704
2.68282
2.47651
1.23989
-0.717982
-0.680412
-0.822811
-5.45109
-1.07717
-1.04298
-1.04634
-1.04902
-1.09907
1.4287
1.30722
1.43731
1.42879
-0.927017
-0.841009
-0.791248
-0.945592
-0.890693
-0.893967
-0.831571
-0.829052
4.41356
-6.50438
-2.32731
-2.44995
0.667495
-4.70891
-2.48172
-2.64965
-2.51223
-2.59813
-4.55676
-4.42605
-0.432063
5.67989
-1.36637
-1.34145
-1.34778
4.77326
3.16261
3.09221
1.64376
1.66475
1.54701
0.79899
0.741978
-3.49498
-3.25548
2.97493
7.19666
3.1982
-5.35886
-1.16008
-5.49801
4.68982
4.66177
-3.63343
-4.95274
-4.42323
-4.69196
-4.75653
0.0460041
0.360004
0.2985
0.220144
0.267833
0.312487
0.147905
-7.42863
-6.17609
2.85776
2.6813
2.93112
2.89978
2.90228
2.86196
1.94308
1.91889
1.82315
-9.01794
-1.85401
-1.86852
-1.9459
-1.7761
-1.71114
0.713931
3.01829
-3.85859
-3.95413
-2.86197
-2.88111
1.99787
4.71202
0.387945
0.406665
0.475175
0.46651
0.500449
5.07331
1.37504
1.32391
1.29359
-1.14439
-1.31478
-1.2677
-0.459982
-2.12019
-2.14626
-2.1615
0.909478
4.17833
4.20115
4.47602
1.90348
-3.01177
-3.01411
-3.04655
3.26265
5.85104
1.74507
1.79088
1.69097
1.63824
1.68094
1.64679
1.57915
1.57642
1.68367
1.72596
-2.92562
1.96344
-0.695248
-0.711604
-0.688959
-0.769816
-0.78575
-0.770389
-2.83241
3.81834
-3.63758
4.91192
0.387248
0.43307
0.572604
0.36955
-1.41637
-1.36853
-6.4009
-2.18604
-2.13188
1.65045
-2.11807
-2.17234
-2.14986
5.5143
1.37368
2.45002
2.29834
-7.95883
-6.74254
-4.15305
1.96229
-1.76167
7.96939
2.05601
1.42396
7.30126
-2.86635
1.54753
1.52631
-4.76185
-8.66372
1.01753
1.12698
1.0319
1.05184
3.76056
3.34693
-4.95859
-4.86122
-0.209372
6.19934
-5.36474
1.09347
1.17166
1.21971
3.2434
-0.0477685
-0.911942
-0.954919
-0.832057
5.79086
5.25674
6.02083
-4.30173
4.33034
0.0874553
0.122223
0.0768197
-0.0426225
-0.0837216
-0.527407
5.26081
-0.325215
-6.5535
2.07419
2.10548
-1.71789
-1.95773
-5.77812
-2.90101
-1.39747
-1.21252
-1.23522
1.67091
6.29165
3.09149
3.07234
-0.619964
2.01273
-0.492268
-0.498052
1.17374
1.27685
1.26751
1.26261
1.26381
1.24585
1.29822
1.39803
-2.24927
-4.01219
-2.42165
-2.43966
-2.29891
-2.25567
-0.782828
-0.699662
-0.704807
-1.80192
-1.80127
-1.46138
-1.60083
0.0770559
0.125655
5.85816
-4.08264
-5.00052
-0.479375
-0.384212
1.0958
-4.01185
-3.65257
5.46604
-5.28752
6.36017
-2.50166
-4.99563
-3.02161
3.37603
3.3357
3.38145
3.43378
-1.8893
-7.994
-5.16486
4.03737
4.04184
-4.62152
2.69118
2.64994
-8.5638
-2.19062
-2.32688
-2.29083
-4.34853
-6.72798
4.72207
-4.31748
0.081499
0.00766883
0.14894
0.183003
0.129767
0.0159343
0.00240083
0.0831646
0.155183
-6.26839
-0.269835
4.96565
4.8676
0.72456
0.774974
-0.181037
-0.20286
4.75475
-5.11993
3.73294
3.6318
-2.19047
-2.25239
0.917045
0.965447
5.13585
-7.04886
-0.0373113
-0.0440016
-0.0978598
-0.161489
5.85045
-4.41548
-0.0744804
-0.0358121
-0.00360511
0.0390773
-3.50417
-3.09426
-3.20054
-2.22482
-2.13608
2.65961
4.06035
2.66295
-0.739064
-0.804489
-0.827263
-1.86059
0.640885
0.62496
-0.846526
-0.761045
-8.5772
-0.657185
3.25672
-5.67085
6.34733
1.60311
2.38556
-6.30557
-3.9334
-1.09995
-1.13729
-1.06788
-1.14519
-1.13885
-1.05875
3.18787
-6.00667
0.500039
-3.97584
-2.86601
-2.73207
4.11046
2.5767
2.60166
0.363572
0.42119
0.440563
-3.93702
-3.91112
-3.87387
0.931374
0.895156
0.856825
0.883535
-2.79954
-2.79373
-2.8025
-3.79484
-3.90472
3.56364
0.432176
0.505255
0.480893
-3.27481
-3.33127
-1.89145
-1.85599
-1.87492
-0.870517
-0.909279
-0.927148
-0.876713
4.7507
0.00220628
-4.60337
5.27193
-1.39149
-1.00556
-0.979632
-1.01653
3.18162
3.27099
3.2304
3.30479
3.54452
1.29182
1.33483
1.26449
-1.27017
0.93029
0.949582
4.60728
-0.501277
-0.779176
-7.33747
0.233887
0.135815
0.198576
0.182973
5.16197
1.45673
-5.43189
-3.47244
3.33156
-1.0631
-1.03739
-1.02555
-1.05669
-1.04349
-0.78211
-2.58912
-2.61734
-2.43736
-2.54251
-2.55421
5.34606
-3.93868
-5.21014
0.366217
5.74096
0.996332
1.12912
1.16562
1.06815
1.47132
1.44948
5.06555
-0.430574
-1.33672
-1.43989
-0.629511
-0.665078
0.737152
0.890182
-0.0383459
-0.0652362
-0.0998537
-0.0713094
3.02912
-6.21927
2.02529
1.90762
2.1491
2.06459
-5.05571
0.641224
0.710988
0.713642
-0.0127968
-0.0187428
-0.0547334
-0.0622839
-3.35265
-3.30464
-3.33295
1.29321
6.63169
-2.97799
-3.03124
2.10827
-3.59381
2.31441
2.37482
2.22278
2.12647
-4.45576
3.02927
3.05767
-4.39211
1.57854
1.57402
-7.41635
0.805078
0.749711
0.777616
0.853539
0.871809
0.894361
0.765047
-2.22102
3.08024
-3.45583
-1.92157
-1.87709
5.8308
-5.39971
1.57248
1.52868
1.50122
1.52688
1.35749
1.51771
1.45232
1.20675
-2.13502
-2.70325
3.40927
3.49655
-0.996709
-1.05632
-1.04855
-1.061
-1.14798
-1.05951
2.26483
-1.28233
-1.33897
-1.34091
4.46654
7.58355
0.493928
0.586947
-0.849883
-0.723949
-0.699352
-0.718646
-0.693349
-0.686578
-0.627719
1.43397
-0.57288
-0.592222
0.675102
0.650721
-6.49936
-4.07698
1.53768
1.517
2.90338
-1.18385
-1.24039
-1.30428
-1.29308
-1.23842
-1.33288
-1.26483
-1.36152
-1.37565
-1.35791
-1.37185
-1.32106
3.12415
1.59993
2.96161
6.52219
-2.43918
4.14285
0.86869
0.840108
0.858207
0.62223
0.757064
0.790191
-2.64212
-2.53064
0.695346
0.611636
4.57444
-6.43818
3.33718
3.39832
3.40691
-2.54848
0.835758
0.801275
-3.15021
-3.04716
4.77642
3.70147
3.77781
3.76749
-4.95399
-3.82832
-3.69399
3.41029
-1.57337
-1.70983
-1.77198
-1.78041
-1.76789
-0.850488
4.73828
0.420041
0.433264
-1.71712
-0.772929
-0.768653
0.912613
0.836969
4.90247
4.71087
2.18935
-4.63762
-3.23419
-5.26853
5.35974
-5.31954
-2.00334
-1.97079
5.28349
3.18865
5.83332
0.0817287
1.10317
-3.14763
3.19764
-2.99445
-1.04835
3.81185
5.15726
-4.59727
0.490425
6.76937
3.12961
-3.03554
-4.18505
0.603685
-0.27908
1.02862
0.766394
0.773455
2.5949
0.0757338
-0.0706112
0.0480321
-4.15649
-4.0326
-3.92345
7.81965
-3.88076
-4.79136
3.29895
2.97538
3.11078
3.03346
3.16393
3.17145
-2.10896
3.14451
3.08545
3.02954
-1.0284
1.61562
1.61549
-4.79741
-0.96272
0.929534
0.903087
0.856335
-2.65491
-2.80868
-2.87037
-4.35158
-1.90956
-3.46646
-1.73336
-1.71826
-5.41196
4.20402
1.65073
1.74686
1.72892
2.38288
2.28742
2.4601
2.41815
2.34291
-1.03131
-0.942859
4.30585
-5.33643
4.01008
4.12036
1.27365
1.16322
1.20443
1.20296
1.24019
1.26753
1.27222
1.23955
-4.31953
-8.51615
1.44796
1.5035
1.46533
1.48375
1.71518
1.42276
0.319375
0.281415
-4.63581
-0.249419
-0.222253
-1.33461
-1.34673
0.284811
-5.65793
-3.05213
-3.03428
3.61746
2.80221
-0.869478
0.618524
2.54666
-1.71785
0.721803
4.97619
2.45929
0.435226
0.486384
-2.25093
-2.201
-2.18565
-2.15152
-2.38755
-2.35919
-2.3376
-2.25396
5.80485
6.33284
0.0554741
-0.00303475
3.99257
-4.24863
-2.23764
-2.19774
0.642278
0.811533
0.780569
0.793111
0.777579
0.781451
-3.64515
-1.12441
-1.08965
-1.10823
-1.09541
-1.11121
-0.87079
-0.960524
8.24037
-1.83964
-1.83214
-3.87036
-6.75472
1.13054
1.14382
1.11247
1.15565
2.69162
2.56577
2.59506
2.6406
-2.40628
-2.53399
-0.335896
-0.385714
-0.256891
-0.261846
-0.343876
-0.403834
-0.385953
-0.467306
-0.386788
6.04804
5.10093
5.03627
-0.397152
-0.319813
-1.17891
-2.34684
-2.15001
-2.15485
-2.09991
-2.19835
-2.12212
-1.82378
4.32441
-4.42406
-1.53782
-0.309959
-7.00842
-2.5738
-2.46497
-2.43042
-2.47329
5.23767
-1.1336
-1.09372
-1.0763
1.01833
1.07129
1.08033
2.6599
5.74505
-1.6306
-1.66525
4.22599
-8.33749
3.20712
1.91646
3.58778
6.6182
-0.366743
-0.27132
-0.285624
-0.227851
-0.147647
-0.216883
-0.270312
-0.219321
-0.32355
3.609
2.69655
-3.68114
-0.999011
4.91773
-1.25566
-1.24623
-4.19477
-0.87828
-1.03516
0.11197
-0.939113
-0.919435
4.12261
-2.23672
-2.24314
1.78482
-0.153091
-0.146435
0.12665
-4.42803
-4.48797
-1.79145
0.777887
0.722568
0.654944
0.611939
0.610329
8.49639
4.74972
1.21838
1.1555
0.131394
0.222251
0.222249
0.261058
0.29898
0.210151
0.248245
-3.14646
3.04824
3.15524
3.77055
-3.47842
-4.12886
3.40506
5.89415
-1.76368
-1.75464
-1.72611
-1.69735
-1.58736
-2.27741
-2.35216
6.29543
6.59042
-4.71684
-4.63351
-0.859282
-0.838535
-1.35278
-1.38317
-1.19106
-1.25517
-1.2709
-0.100732
-0.02255
0.0438929
-0.0360574
0.0200237
-0.0122382
0.00975531
-0.000846116
-0.0490396
-0.152159
3.67062
-3.72743
-1.98945
-1.9509
-1.4248
-1.397
-1.27832
-1.43069
0.86366
1.04254
0.970222
-2.76019
-2.74439
-4.34814
2.8921
1.26147
1.23435
6.02775
-2.81953
3.63333
3.52071
3.54819
-3.53436
-2.45159
-2.45268
1.66177
3.77339
0.371824
-3.98044
-4.41512
5.2458
-0.117837
-0.130704
-0.209225
-0.109611
-0.132251
-0.179234
-1.84553
0.661697
1.25904
1.27972
3.67996
-6.44253
-6.44667
4.03304
-0.0785709
-6.94016
3.79461
-4.77729
1.4442
0.288831
0.328071
0.275832
0.302582
8.68758
-6.66374
7.25585
6.11354
4.72223
-2.37481
-2.27361
-2.36066
-0.610651
-0.761587
-0.675555
-0.61468
4.82753
-3.44279
-4.35047
-0.502043
-6.16897
5.14473
-1.8948
-5.50071
-7.83656
-6.7969
1.07594
-3.97688
6.19455
-1.35278
-1.52162
-2.86475
-2.86524
-2.81349
-3.0128
-2.80951
4.09849
-5.40747
-0.100012
-0.127434
2.32335
4.79556
0.0925161
-0.00612734
0.168796
2.92024
0.701869
0.65813
0.610293
1.59076
1.20038
1.1381
-7.32954
6.83852
-1.15157
-1.11467
-1.20317
-1.29298
-1.24348
-1.23027
-1.12571
-1.25925
-1.20286
-1.15999
-0.934389
-5.79022
-3.8753
2.39249
2.38282
6.67018
-3.61047
-1.651
-1.62206
-1.83881
-4.32371
-4.27357
8.32036
2.6118
2.57556
2.68229
8.41469
-0.789563
-0.772159
-0.724765
-0.829815
-0.843829
-0.929465
-0.848931
-1.23113
-1.21722
-1.16039
-1.10245
-1.11233
-1.10667
-1.08936
-1.13052
3.80732
-4.04752
-3.44655
-4.40117
1.01169
0.221812
0.188061
4.37285
4.21197
2.53719
3.13318
-1.26092
5.4701
2.53677
-2.84971
-2.8542
-2.85325
-2.90839
5.46327
4.07253
3.44718
-7.26394
-5.24222
-4.40432
-4.11836
-4.20211
-3.55744
-2.60319
-2.61806
-2.59423
-2.60906
-1.66272
-1.64481
0.646708
0.634903
0.51357
-6.10372
-2.9222
-6.13795
5.51652
-2.56754
-6.47001
-0.352284
-0.200003
-0.220809
-0.119748
-0.206151
-5.55068
-2.98503
2.92924
2.92253
-4.0389
-3.98894
4.38704
0.648545
0.689619
0.513876
0.700963
0.724469
0.606869
-0.193644
-0.148734
-0.197414
-0.203479
-0.134428
-0.126974
-0.236201
-0.321196
-0.302914
-0.281441
-1.40727
-1.44166
1.6169
0.446285
0.283918
0.292426
0.340717
0.469423
0.51333
0.476813
0.468199
3.19564
3.31533
3.4028
1.68258
-4.78711
4.21393
2.90974
2.89996
2.89995
2.84166
2.92681
-2.69264
-2.71862
-5.81787
-4.03591
4.64907
3.86326
3.90589
2.87295
-4.68578
-2.4809
-2.47693
-7.71579
-3.41204
-1.318
-1.31156
-1.25336
-3.20467
-0.110797
7.14215
-9.90638
2.20299
2.14376
-4.38714
4.21394
2.56547
2.44093
3.15603
-1.47505
-1.46244
-1.49081
5.41178
-3.86435
-2.28916
1.99207
2.02253
1.98683
2.54057
-4.57575
3.68098
3.8019
4.84368
0.0162549
2.79823
3.03467
-2.048
-2.0505
0.910647
0.921788
0.885964
0.90818
0.93318
0.909167
0.825587
-2.77451
5.9292
-1.79019
-1.91666
-1.7797
-1.79675
-1.8952
-1.82191
-1.87154
2.21903
3.4534
3.23919
3.29369
-0.0939712
-0.230043
-0.125499
-0.186656
-0.688429
2.28386
2.23842
0.492938
0.407607
0.46416
0.582749
0.517616
0.654411
-3.59816
1.68634
-0.561732
3.49744
-1.61191
-2.51551
-2.55379
-2.52862
-2.53538
-2.49217
-3.8372
-3.77601
5.55742
4.80475
-5.27753
-2.64691
0.99809
4.22562
2.37494
2.38069
6.14962
0.855878
0.890642
-5.00993
-3.49809
4.58032
-5.20353
1.04243
1.09162
1.13163
1.07912
-0.2536
-0.372278
-0.405778
-0.240157
-0.303479
-0.274397
2.59478
2.58962
-0.119579
-0.17989
-1.0639
-1.05324
-4.16287
4.5841
-2.84464
5.16483
-2.23146
-1.1045
-1.16548
6.21708
-2.82931
-2.82841
4.65872
-3.43749
6.58314
3.87419
2.15092
2.09456
-5.46535
0.197959
0.144172
0.181571
-1.02248
-1.14957
-1.07813
-1.17404
-1.20916
-1.21931
-1.14576
-3.79894
-3.6537
0.170774
0.240789
0.394648
0.32799
0.213062
0.206966
0.248488
5.53384
1.96353
5.20737
-9.57419
-2.83071
4.22618
-0.579683
-0.593944
-1.01048
-0.99158
-1.03304
-0.255878
-0.218562
-0.235176
-6.27296
3.67521
1.8454
1.73212
5.35477
4.88278
-3.05442
-2.97462
-2.12689
6.56931
-2.8857
-2.96502
-5.10439
-7.32481
4.69937
3.72219
3.6526
2.66932
2.71104
2.6335
2.62558
-5.46947
6.39435
1.68324
1.70218
1.83886
1.35268
-3.43527
-2.93448
-0.0431076
0.0330138
-0.0284693
-0.0515293
-0.0344615
0.0123512
5.46495
-1.71788
-1.85527
-1.87987
-1.88739
-1.87483
-8.37513
-0.680869
-0.728972
-0.676211
-0.685192
-0.672029
-0.72552
-2.05477
-1.91857
-1.93841
-0.0568301
-7.1132
0.894921
0.888034
0.813811
-2.59829
-2.78903
-2.8186
-2.06901
5.95308
0.0219736
0.0215791
0.0506783
0.120257
0.00490931
-0.00207308
0.0548398
-0.00723892
-0.00903749
1.06639
1.1338
1.04937
1.06543
0.99057
1.0511
2.18682
-4.27611
3.74469
-2.23325
-5.12767
2.68422
-2.13494
-2.1623
2.11118
2.31463
-3.24923
-3.05576
-6.18833
-4.33684
2.53601
-4.4364
-1.48456
1.37924
-0.166383
-0.192629
-0.212591
-0.140601
-3.38818
-3.28461
-2.12938
-2.26121
-2.29831
-1.15433
3.16722
4.09897
-0.892668
4.93895
5.04351
0.847219
0.827818
2.15078
2.19774
2.15474
-0.60342
-0.702576
-0.725314
-0.555936
4.85925
2.46354
0.871998
5.42906
-0.771125
-4.43886
-4.23608
-2.73185
-2.72434
0.221364
0.422815
0.233154
0.291254
4.63246
-0.547904
0.925642
0.897087
0.97556
-5.07354
-3.29358
-4.54903
2.59428
0.102947
-0.00113938
0.0260039
0.0426204
0.020101
-6.23464
-6.21944
0.352434
0.189377
0.34248
-3.39592
7.52085
2.15376
2.16556
2.19757
-2.44808
-2.41389
-4.60457
3.93836
3.79072
6.87687
-3.35353
-2.64638
-0.690042
-0.843763
-0.831025
-0.898605
-0.718058
-0.786843
-2.79676
-3.75945
-1.3325
-1.39085
1.75576
1.68007
1.66985
0.383863
0.307257
0.325013
-2.98615
1.56729
6.84424
-2.92148
1.91873
1.57997
1.64165
1.61634
-2.38797
-3.21766
2.85974
4.30939
-2.82952
-2.78839
-4.44461
1.5257
3.42445
3.35688
1.4769
2.93598
-3.96548
-3.80167
-3.99533
-0.240792
-0.286473
-2.90496
-1.61615
-1.57624
-1.65275
-1.58972
-1.56578
-1.57738
-1.49293
-0.382296
-1.50555
-5.08834
-3.96626
-4.02207
-6.86656
0.752907
5.11624
-0.568014
3.83115
2.68464
2.62632
2.64518
0.670952
0.609055
0.699332
0.633038
3.948
3.9853
3.98831
3.82069
-2.94724
-1.78431
-1.77498
-1.61153
-1.79023
-1.71252
-3.87745
-3.90308
-3.93888
-3.8954
4.96017
-2.01692
-3.1502
5.8072
6.52736
5.39976
-0.0941934
-0.143327
5.52968
-0.348122
-0.294992
-0.236569
-2.47623
-0.493118
-0.468723
-0.46348
-0.444219
-0.336613
-0.317086
-0.379157
-0.397037
-2.44551
-2.24633
-0.42931
-1.01383
-2.97472
-4.85928
-6.54253
8.87974
2.08006
2.14577
-2.12706
3.2147
2.56966
-2.51034
-2.52188
3.0412
5.6565
-7.48749
1.84331
1.17866
1.21373
1.31072
-1.37629
1.90241
1.94904
1.86906
1.88756
7.33974
2.755
3.93845
3.97892
5.06182
-2.15794
-2.29493
-1.07711
-0.29571
-0.359881
-0.430702
-0.341193
0.162121
0.0763617
4.2283
-1.65578
-1.67276
1.02038
0.988118
0.911472
0.937492
-1.54457
-1.52126
3.84607
-0.582608
-0.603507
-0.594566
1.6892
1.5846
-1.46065
-3.10323
-1.93638
-6.14853
-1.48966
-4.45797
5.29405
-1.79278
-1.81101
-1.84849
4.15059
4.34395
3.49758
3.49181
-0.923806
-0.977963
4.29515
0.0970462
5.73222
0.694988
0.659908
0.652057
0.662631
0.698782
3.55111
1.38018
-2.2896
-2.39771
4.47107
4.24687
-1.56624
-1.53291
0.231344
0.318541
0.354931
0.150151
2.36659
1.04147
1.08423
-1.6631
-1.69729
-1.68207
-1.64496
-1.5869
-1.78578
-2.11202
2.16021
2.06787
1.84452
2.02778
0.698724
-6.2159
-4.75662
-4.98029
5.18171
-1.25363
-6.13033
-3.8219
1.67511
1.60934
-3.69676
-7.93906
5.82078
-3.95703
-4.11139
-3.86112
5.39564
5.33367
3.47543
3.51077
3.25375
3.17209
3.10932
4.13331
-1.47066
-1.48887
3.53009
-4.24535
4.50799
4.44724
-4.1693
4.45612
-3.19087
6.3143
2.84378
-1.61825
0.561344
0.524153
0.509502
0.492107
0.49261
0.486077
0.524399
0.371922
-3.63947
6.4572
-0.21063
-0.18997
-0.165836
-0.178238
-0.31928
6.14095
9.74705
-6.00403
-1.54052
1.78632
-4.30368
1.34792
1.32382
-4.34151
2.75514
2.60383
2.93836
3.69515
-4.77924
-4.85109
-4.42682
-3.61534
5.35794
-1.24271
1.17066
-4.02684
-0.0844324
-0.0442318
-0.0431249
1.50074
-4.71409
6.36181
6.18962
-0.595729
5.23609
-0.815745
1.68805
1.67009
2.73669
2.619
-0.134562
-0.0772462
1.63501
1.55816
-4.0971
5.13445
5.40664
1.89263
1.97568
-0.130866
-0.127773
-6.21292
3.88373
-2.05758
-6.67578
0.969673
-4.53625
0.63749
0.599827
0.728566
2.09046
2.11914
-1.39731
-1.44613
-1.48935
3.59173
3.52275
-1.10359
-4.071
4.65646
-3.40245
7.23732
-4.38301
-4.45116
2.67838
4.08144
3.51534
5.22189
-1.26397
-1.18155
4.84085
-2.65222
-2.87405
3.3428
0.726728
0.717271
-3.83468
-0.657183
2.82499
-4.43917
-4.53123
1.43529
2.42602
-2.98628
2.05344
2.05897
-3.02656
-3.04491
-3.66759
-3.66044
-1.89501
-2.90537
1.8294
-3.23695
3.66863
4.50619
4.62101
-1.4934
2.27493
2.17056
-3.2007
0.79533
3.85176
3.28302
-2.87712
-2.74969
-3.45777
4.65835
4.74975
-3.82688
0.658683
0.761864
6.52442
3.53303
-3.42398
-3.51505
-3.47985
-3.43739
-1.45167
-5.84414
-2.21466
-2.24387
4.95714
-4.23822
-5.24446
1.25719
1.13888
1.14903
1.44769
1.49797
-0.202165
-4.99956
-5.80074
0.78297
0.74616
0.802229
-4.32904
-5.20211
5.88443
5.76844
3.57246
-1.81319
-1.95314
-2.03724
3.0544
3.12301
2.92913
-2.21597
1.83744
-0.757307
-0.688536
-0.699576
-0.675985
-0.658076
-0.641108
-6.4417
-0.366656
-0.404917
-0.357559
-0.403075
-0.317663
-0.331693
2.09224
2.06069
-0.601552
-0.59422
-0.650121
2.51507
-3.52849
-4.25021
0.534964
-3.50961
1.44228
1.32956
1.35312
6.10228
-2.59586
6.33273
-5.43911
0.276277
0.285629
0.401625
0.231432
0.325107
0.278825
-2.4581
0.49175
0.427081
0.53368
0.544432
0.540395
0.516506
0.452428
0.444866
0.535419
0.462991
0.384584
0.519916
0.535026
0.509213
0.458376
0.451609
0.60927
-5.17017
-0.434166
-0.417501
-0.318713
-0.296018
-2.4567
-5.57121
-2.59095
-1.47769
-1.51143
-1.1253
-1.19324
-1.76925
-1.90808
-1.8574
-7.8633
4.64956
-0.250495
9.60698
4.58783
1.32331
-1.04103
-1.00774
5.03739
-6.67284
-4.2426
9.0451
1.28623
4.25409
-3.56139
1.14603
0.922715
0.930772
1.11989
1.14287
4.25598
1.24926
1.24583
0.948359
2.73425
3.28929
3.141
3.05364
3.09786
0.0484552
0.90099
0.941612
-0.723647
-3.75955
-2.54409
-2.52404
-2.50592
-2.43235
-0.131043
6.68011
-2.15352
4.28152
6.38814
5.04544
5.2226
-0.305449
-0.390517
-6.6064
-2.16207
-2.22623
-2.27449
6.96309
-0.735543
-0.828757
-0.749031
-0.671574
-1.24479
2.55025
2.41564
2.36612
0.156507
0.0213016
1.89062
1.91317
-4.00647
-4.05981
-5.64002
2.46876
7.12263
-2.26487
-2.26135
-2.3447
-2.24654
1.48837
-8.63519
-0.4626
-0.433128
-0.513086
-0.516295
-0.55284
-0.512164
-0.316059
-0.43778
-0.40627
4.0683
4.17278
4.28612
-5.68206
-5.53607
-0.274181
-0.346245
0.0470399
-3.7639
-3.01076
-2.87457
-2.88654
1.29851
-1.93351
-2.0617
-1.992
-2.06728
3.46476
-0.139631
2.8563
2.90271
2.90416
2.94579
-2.80585
3.4693
0.941885
0.892459
0.824333
0.882138
4.27371
-1.02854
4.60281
-3.44232
0.944232
1.00271
3.05978
3.69065
3.67516
-1.69388
-1.66274
-1.67865
-0.576284
-0.495702
-0.561971
1.72454
-1.6698
-6.79747
2.51547
-4.0302
-3.78632
-1.53943
-1.61236
0.0281194
4.64718
-2.92399
0.287655
0.404885
0.376343
-2.03375
-1.9104
-1.92292
-1.41667
-1.45225
-1.33613
-1.37839
-1.42373
-1.73444
-1.68555
-1.66421
-1.89334
-1.79015
-1.87599
4.10054
4.02009
-2.2565
-0.829899
-0.913023
-0.900233
-0.788263
-0.857934
-3.27106
-3.33349
0.533771
0.542737
-4.22038
4.22972
4.18865
-7.60104
4.86332
-4.69008
-4.68945
2.15552
-5.71595
-2.60717
4.29933
4.21819
2.39656
2.34624
2.38293
-4.97605
1.98955
-2.7415
-2.75096
-5.81767
8.1865
-0.894788
-3.06769
-2.59705
-6.09781
3.13477
7.88626
-6.45138
2.56678
-2.04279
3.34098
6.41441
-1.55918
-1.54081
0.243327
0.189469
0.185742
0.0927324
0.0652135
0.401122
-5.49
-3.26133
3.43483
3.56193
2.34303
2.51098
2.38075
3.07057
3.0763
3.02571
-3.61516
-3.81096
0.955499
2.01777
-0.665757
-2.56043
-2.71949
6.8462
-5.33373
-5.50797
3.52126
3.58186
-1.08134
-1.03322
-1.0033
-1.05961
6.2186
2.21237
2.19946
-0.372897
-0.450906
-3.3126
0.792715
0.752388
0.767936
0.793202
0.780033
0.797877
0.788569
1.5357
7.57255
4.67567
-3.9805
-5.95646
-2.50568
-2.57446
5.1858
-3.62298
-5.61607
5.01793
1.26713
-1.82873
-6.7709
-2.74976
-2.6177
-2.54248
-2.03218
-2.06628
-1.30317
-1.21152
-1.43153
-1.53401
-5.96275
-0.658388
3.73701
3.0382
1.16714
-5.64847
-8.43002
4.14172
-0.111564
-0.152416
2.16434
-5.00785
2.87952
1.44189
1.63971
1.66995
1.44312
1.51805
-2.24441
0.78433
-2.09223
-6.81423
-2.78454
-2.80729
-4.75378
-4.8388
5.73402
1.60485
0.682563
0.76368
-1.36343
2.79839
2.72572
4.75025
-5.3767
0.762619
0.645785
0.829781
0.828244
-2.50672
-2.51061
5.03031
5.80724
-1.40444
0.519951
0.558773
4.03513
7.6993
-2.6374
-2.64184
-4.74982
-4.58646
3.22126
7.0901
-0.334783
-0.292398
-0.269425
-0.288728
-0.259229
-0.158384
-0.199636
-0.0508669
-0.198712
-0.11915
-0.0787807
-0.266486
-0.258047
-0.261596
-0.433843
-0.445839
-0.467508
1.99662
1.36357
1.54668
1.2524
1.3465
0.368197
4.92444
4.44452
3.3035
5.34266
-6.30075
-2.9658
3.27497
-0.270701
-0.289929
-3.72751
-3.56984
-1.86849
-2.05517
2.66872
2.46803
-2.44773
1.94229
-2.6666
-2.62136
-2.54297
-2.57999
-3.81905
1.13758
1.23288
-3.34791
0.928259
5.76341
-2.51728
-6.10429
-3.40242
2.03766
6.64175
5.88722
-3.38147
-1.40195
7.46098
0.0683604
0.0241572
-1.71755
-1.70922
2.00839
2.89932
3.01996
7.84125
-1.46176
-1.36377
-1.4234
-1.2338
-1.26076
4.51679
0.459437
0.549762
0.40941
0.444639
0.630725
3.13528
-0.229657
-0.310964
-0.359358
-0.280169
-0.443192
2.60633
-0.369507
-0.288153
-0.357173
-0.432308
-0.334112
2.64177
3.78047
-5.55573
2.06453
1.32793
1.2695
1.32183
0.874719
3.37337
3.34204
-0.718666
-0.69829
-0.764128
3.60462
3.58092
-3.79153
5.29239
-1.42822
-1.43071
-1.49495
-1.4777
-1.63937
1.47042
1.51833
6.86274
2.04986
0.829667
-5.7966
3.02398
2.93144
3.05684
3.08728
2.99917
2.91634
-0.337512
-0.279342
-7.41456
5.47839
-0.515263
0.841419
0.855533
0.732577
0.781506
5.77395
-4.6668
-2.75748
-2.75122
-7.80048
-2.17058
3.34569
-0.717936
-0.668974
-0.68174
1.18088
1.18514
1.42599
1.26908
2.90127
2.92127
-0.927682
3.1386
4.69774
-4.1363
-4.00288
4.04043
6.54933
0.029783
5.15827
1.5238
1.53982
-1.80517
4.31437
-3.78233
-3.72184
-0.492282
-0.573354
3.72474
3.86862
1.63148
1.65925
1.51338
1.46601
1.44739
4.74128
5.84695
1.34191
1.32717
1.63309
1.46412
1.34372
3.31603
-2.41178
-2.53269
2.17995
2.63801
3.09512
-1.93103
0.225538
-7.43418
-2.78028
-5.06767
5.05976
-3.80893
1.45081
1.42896
1.4333
0.524703
0.477961
0.370277
0.444065
0.471473
0.548681
0.487109
-1.2423
-1.24635
-1.173
-1.19014
-1.22905
4.03521
-5.39065
-3.02741
-3.09405
-2.31589
-2.26303
-2.30631
-2.25997
-2.35159
-0.0657038
-0.0164806
-3.54853
7.99214
-6.72401
-5.20183
3.33674
3.25538
3.31974
-3.38457
5.35332
-2.46434
0.44692
0.449695
0.598084
0.484252
0.424608
0.578893
9.78194
-0.107988
-0.093482
-0.0234224
-9.18913
-4.61962
3.66107
6.8399
1.44355
2.22614
2.14972
4.59328
-1.13541
1.00505
-3.78505
-3.36103
-4.70886
-4.65775
-3.72472
-3.76296
-4.84879
0.19799
0.165903
-2.65193
8.54725
-3.08042
-3.14359
-4.03739
0.561993
2.33719
5.36161
-0.59622
0.458096
0.834131
-6.66079
6.52004
-6.05652
-3.452
-0.195764
-0.281215
2.50817
1.87557
1.20189
1.24663
-4.28329
2.17597
2.13402
-2.01473
-2.03813
-1.87126
-1.87438
-1.95643
-1.93515
-4.74245
3.05269
1.86887
1.93041
1.94002
-5.34843
7.71074
6.58546
6.4068
0.249211
0.4304
3.83694
5.62585
1.52787
1.55957
6.68212
3.30174
3.21126
3.40586
-4.00308
1.67927
1.75223
-2.73451
5.0295
-0.780018
-0.76627
2.5272
-4.46903
-5.29882
2.67808
-3.8746
-2.03136
-2.1837
-2.14575
6.9021
1.72348
2.57093
-0.250154
4.22022
4.16528
-2.44578
-0.179515
2.98988
2.97267
-2.64108
-2.66593
-2.97635
5.94106
-4.46684
-3.28405
-3.34209
-1.22237
-1.14203
-1.25439
-1.25161
-7.16661
-0.838775
-0.813171
6.62846
2.55769
5.70519
2.22052
2.31993
-2.38005
-2.50306
-4.46321
-5.12199
-5.24119
6.06806
-2.26158
-4.47177
5.45298
0.783117
3.18598
-1.16647
-1.00794
-1.11804
-1.18117
-1.19912
-2.03711
-2.06847
-2.03089
-1.25716
-1.28255
-1.35596
-1.23917
-1.31098
1.05155
1.0331
-4.32743
-1.54282
-1.60608
2.5489
2.68768
-0.756062
-0.794465
-2.25278
-2.22032
-2.41895
-2.4734
-2.49304
-2.6458
-2.61756
-2.96265
-1.30163
-1.10013
-1.09422
-6.42252
1.94698
2.07108
2.10095
2.0746
7.63826
1.46929
7.08271
0.352459
0.457762
0.465333
0.439117
-4.49574
4.20905
6.31816
-3.87689
3.8722
0.858565
0.963778
1.08676
7.1629
-2.20717
0.217415
0.291328
0.191835
-5.34377
1.00276
0.875388
0.770856
0.862857
3.7262
5.99397
3.96732
3.88218
-1.90799
-2.30302
0.2933
5.17034
0.529872
0.548336
6.53172
-2.77003
0.106592
2.39715
2.47686
-2.74277
-2.10196
-0.15117
-2.60066
-2.62628
5.008
2.52467
-2.84983
1.18785
1.14743
-3.24875
-4.65833
-4.64341
-0.283099
4.9421
-5.01729
-5.15229
4.61307
2.36812
2.44439
-5.34948
1.51166
1.5423
-1.7887
-1.73407
2.91583
3.05245
3.04484
0.803103
0.900752
0.786668
1.95853
2.09539
1.96962
0.954366
0.966013
0.792855
0.812224
0.837225
0.841156
0.849241
0.759016
0.901009
-1.10176
-1.08727
-4.44562
-0.394531
3.52709
3.83106
3.80044
0.865531
1.08148
1.05773
-3.31375
-1.88847
-5.19415
2.50784
3.40203
-0.634977
-0.64696
-0.606698
-0.62806
-0.422081
-0.481144
-0.465554
-0.415599
-0.46272
-0.551783
-1.04352
-0.733026
2.90541
-3.20389
-3.9244
-7.01529
1.74285
1.94091
-3.02288
-3.06658
-1.58293
-1.55565
-1.65809
-1.58597
-4.9396
-5.26083
-1.07325
2.72204
2.8221
-3.64256
5.11591
0.605988
-4.65218
-3.04496
-4.7508
-1.05733
-0.537345
-0.466597
5.58381
-4.36419
2.00341
5.89781
-5.00401
-3.13735
-1.96625
4.02963
4.00427
2.26342
2.09247
4.81074
-3.96563
-4.14454
1.37158
6.35636
2.68777
2.65338
-5.13285
3.35405
-2.00357
-2.0944
-1.63333
8.84086
-2.63721
2.3691
2.49014
2.34115
4.74166
-7.0213
1.08362
3.89394
1.78298
-1.77886
-1.70801
-1.1848
9.37704
0.462097
-4.4485
-3.9591
-4.09371
-0.223187
-0.142782
-0.0643251
7.34126
-4.8413
5.39264
2.48867
2.42343
2.45043
2.40646
1.00315
-0.151452
-1.24996
5.33338
7.90813
-3.27286
4.03841
3.92645
3.89782
4.1452
4.08764
4.64684
-3.2517
-3.43717
-4.92459
0.119828
-1.98053
-1.76745
-1.85318
1.43523
1.49059
1.48132
1.46946
1.41341
1.42515
5.54187
6.66713
0.487425
-2.02053
-1.49385
-1.39867
-1.45325
1.48933
1.19902
1.18012
1.1523
1.22828
1.31891
1.30407
1.72211
-3.67591
-3.67155
-3.69794
-4.85042
-1.7262
-1.68719
-0.54714
-0.569929
-0.576798
2.85984
0.884198
0.861049
0.90803
2.51472
2.58582
2.37093
2.60005
1.00269
5.54028
5.17993
5.70876
-4.44667
-2.60441
-2.50506
-5.17885
-1.24276
-1.33386
-3.76159
-2.05026
-0.53039
6.59901
-5.42298
-2.1292
4.4134
3.25553
3.1757
-2.53871
0.0343708
0.0197189
0.103823
0.0532608
-1.34102
-1.43039
-1.44443
-1.48388
-8.08509
-3.86046
-3.75015
7.48578
-3.26189
-3.40659
4.05346
-2.26943
0.051102
0.135929
0.119066
-2.07373
-2.08753
-2.70962
-9.16628
-1.01977
-1.06752
0.88268
0.594839
0.658814
0.67723
0.642086
-6.94206
-4.42445
3.19129
4.40688
-1.30778
-1.30494
-1.12306
-1.12955
-2.92038
2.81742
2.73909
2.73295
1.40965
1.38713
1.29817
-2.55244
-3.80525
-0.313251
-0.173836
-0.161034
-0.16358
-0.0880718
-0.0767084
-1.72941
-5.89484
-4.59772
-0.333984
3.55907
5.75
-6.89179
0.838124
2.79955
2.6347
2.46586
-2.25036
-2.30883
-2.3959
-2.40546
-2.34428
-7.48699
-3.29861
-2.29652
3.51358
-3.00075
-3.0997
-3.04516
-3.0481
3.59207
-4.98337
-2.52725
-2.05175
-5.88824
3.31126
3.34708
1.89868
1.95494
2.05754
2.02753
0.743823
0.654202
-3.87689
4.56614
3.78357
0.237043
3.0094
3.22563
3.09071
-0.696525
-0.706094
-0.695568
-0.753946
-0.687918
-4.43836
1.42672
-2.22196
-0.190961
-0.288314
-0.29138
2.94819
3.01054
3.12151
-5.99817
-2.59385
-2.67329
-2.73832
-2.7128
5.66184
-3.72155
0.391217
-2.01795
-1.93989
-1.824
-6.71935
5.87444
0.591409
2.48847
2.55247
2.38108
3.2974
-5.43442
1.4106
1.29499
2.85363
0.104435
-0.315208
-0.265174
-0.279397
-0.272503
-0.286597
0.182983
0.221732
0.221513
-2.86579
6.3887
2.57654
2.52139
2.40533
2.40661
2.48363
2.34834
-3.61896
-3.53714
-3.50194
5.30573
0.500572
0.405078
0.548371
0.581321
0.485094
0.499944
0.508008
0.549126
0.5297
0.513149
0.527601
-3.17622
-4.95899
-5.60695
-2.76618
-4.91363
-2.44182
-3.25148
-3.31165
-2.28648
-6.31194
5.21773
1.08122
5.46317
4.60214
2.24252
2.11302
-3.29583
-4.16448
4.79665
-0.0697111
-3.48741
-6.03914
2.55429
2.27607
2.47699
0.785084
0.842553
1.1875
-0.366751
-4.31774
0.788588
0.819546
5.42933
1.10743
1.07062
-7.16636
-3.87894
-3.89996
4.85741
-0.846818
0.752719
0.731574
0.891611
-0.274745
3.08079
3.09209
7.0374
1.8413
-0.52873
4.89055
3.93755
-2.94033
-2.92372
-2.89378
1.10527
2.77735
5.01301
6.22179
2.63121
2.72496
2.63706
2.61579
-5.00653
-6.02621
-0.166445
-0.135113
-0.116529
3.65123
-2.79383
0.638481
0.637977
1.01103
-5.84867
-2.0796
-2.12618
-2.132
-2.08214
-3.05786
-4.02721
-4.63028
-1.24296
-1.22636
-7.3993
-6.69926
-0.439132
-4.4242
-4.47649
-4.43556
4.32946
2.77211
2.85051
2.91068
2.85223
2.82369
-0.65561
-0.662988
-4.74776
1.94497
3.21138
2.10536
2.06118
-3.36786
-3.24963
7.04482
-1.93056
-1.95497
-1.96571
3.3988
4.37617
7.25523
-0.483964
-0.558174
-3.14736
6.36729
-2.83899
-2.92515
-2.97327
-3.02644
-3.67329
8.16975
-0.48355
-4.23544
-1.45071
-1.5174
1.9667
-3.14529
5.43705
-3.67485
-5.18042
6.52392
3.71488
2.61053
5.65756
3.35507
-2.64435
-2.85912
-5.00379
2.9331
-2.2044
-2.15039
3.5884
-0.725218
-0.603645
-0.619506
3.90582
7.69271
-4.44969
0.817044
2.02405
5.29544
-2.30869
2.04883
2.12762
6.16341
6.03513
0.37063
0.476104
-4.63832
3.29698
3.24613
3.42975
-2.22772
1.08975
1.05051
1.03339
1.11197
1.05525
1.03853
0.94045
1.80049
1.85079
1.85521
-5.44308
2.7119
-3.50671
-1.05194
-1.17835
-1.14295
-1.16611
-1.27362
-1.16786
4.80886
-1.51832
-1.52298
-1.42048
-1.47133
-1.53123
-1.57609
-1.56071
-1.58552
4.57815
2.46288
-5.90971
1.82959
1.89206
1.93636
1.90607
-1.96859
5.42058
0.861072
0.835893
0.862629
0.847856
-0.109628
-0.14567
-0.179073
-0.113219
-0.164131
-0.0611711
2.06285
5.70366
-0.09738
-0.117729
5.82559
1.92094
1.941
1.94493
3.95755
3.81175
2.98932
-2.68401
-0.932131
-0.932195
-0.885042
-1.12306
1.23832
1.20485
-1.52445
-1.50156
-1.4504
-1.51327
-1.46478
-1.58729
-1.54081
1.69718
-5.31281
3.78656
-0.318307
-0.284327
-1.79391
-4.20741
-4.6133
-0.702369
-0.684089
-0.747975
-0.469432
1.36322
-1.87893
-2.03136
-7.38011
-4.43238
6.19637
-4.99041
-4.41425
3.09008
1.68218
1.84433
1.74787
6.21231
-5.96422
4.40697
0.0786983
1.98765
3.03933
-0.914952
0.761015
3.54574
3.51201
5.55203
6.06277
-3.38192
0.748525
-1.41537
3.55307
9.089
2.10483
2.08192
-2.79529
-3.13859
-1.21726
-1.24867
-1.36225
-1.23916
-1.21127
-1.34405
-1.34414
-1.30949
-1.30695
-1.27978
2.02804
2.17381
1.96616
-3.06707
4.97754
-0.684759
-0.539857
-0.572052
-1.18709
1.54531
1.48515
4.13538
4.17555
4.09248
-2.9173
-5.01849
-3.84149
1.63074
-1.14112
-1.20965
-1.4342
-1.33784
-3.77159
-3.79649
-4.61427
5.16231
2.96331
2.98855
2.01904
-2.82742
-5.76168
2.12476
1.98864
-0.719374
-0.51489
-0.918179
-0.94612
-0.78307
-0.952751
-0.926216
-3.97522
-3.01465
-2.92194
0.250227
-2.06091
4.46999
-6.90783
-4.01643
6.16945
-5.01999
-4.99146
4.61705
4.76485
1.66608
1.70014
1.40985
-0.786765
-4.51321
-0.228513
-0.238946
-0.168362
4.87296
-6.24187
5.39122
3.13057
-2.36175
-2.34545
-2.35004
-2.32526
-1.01326
-0.988991
-1.18768
-1.20268
-1.28912
-1.21648
-0.930588
-0.945761
-0.980156
1.06747
4.02983
-4.8643
-4.24735
3.41135
-4.54751
-0.52346
-0.544727
-0.578056
-2.67312
5.94441
6.07616
-0.377948
1.94497
1.94857
1.96377
2.01333
-6.15551
0.806878
-3.24398
2.81459
3.4242
3.37753
-1.52532
4.60318
-0.742418
-0.848394
4.43428
1.97206
2.08363
2.11049
0.691166
6.33962
6.01582
0.213821
0.285053
0.190888
0.0881495
0.0992084
5.48004
3.73005
-0.930019
-2.35676
4.64489
-5.11598
-1.1062
-1.36803
-1.30247
-1.40872
-2.76056
-4.44615
2.06541
2.09555
-3.63295
0.693851
0.659446
-3.41147
4.61664
4.16285
-5.71237
4.3437
7.07672
-5.80989
-3.36285
1.74056
4.41989
-1.92196
-0.94121
-1.0287
-0.399466
-0.434768
-0.337612
-2.62517
-2.60132
-1.41315
-1.51335
-2.14401
1.11493
-1.23621
-1.26362
1.39978
1.06966
6.22169
-5.89939
2.09612
2.27124
1.94965
2.04972
2.01911
4.13272
5.81021
-2.76222
-2.73603
-2.83738
4.82809
4.75028
-4.7954
-2.62224
-3.1147
-2.97471
-3.00308
3.17922
2.35725
-1.44622
-1.43289
-1.38709
2.43561
2.41982
2.44389
2.3839
-2.06962
-1.98697
-2.1953
-2.15106
-2.1808
5.12287
-2.33624
-1.28704
-1.27469
-0.394276
2.24558
2.38072
2.29806
-9.13592
3.43109
-5.03754
4.18479
2.33805
-4.98618
-5.00702
5.20742
2.69276
4.10997
0.676034
-4.81329
-0.806266
-0.863441
-0.853124
-0.823896
-0.780259
-0.857339
3.60281
3.90832
1.27634
-6.15496
0.091627
0.0931312
-0.044935
0.0829864
0.0172074
4.68042
0.968182
-4.88178
7.00998
-2.78319
3.63067
1.23448
4.7015
4.72122
-3.558
-0.548515
-0.539981
-0.892261
-1.96042
-1.98327
-3.94448
-4.33089
-2.45331
-1.62931
0.699972
-4.11807
-3.24107
-4.71018
-3.21347
-2.57341
-7.71646
2.49952
-2.15747
-3.94136
-3.93089
-3.87096
3.66389
3.66136
2.62699
2.63502
4.60011
4.62833
-4.90574
-2.60761
-2.56179
-4.58759
-2.19472
-2.29961
-2.27821
-0.481344
-0.457827
-0.436122
-0.426663
-7.35536
1.45017
1.54073
3.33131
3.3342
3.97818
4.1774
-3.92619
-4.51968
2.62415
5.50672
-1.24586
1.63291
1.62206
-1.04493
1.24337
-6.73804
4.47026
6.59799
-1.81744
7.411
1.37861
1.20539
1.11605
1.14715
1.23232
1.05982
0.991321
1.18796
1.17032
1.12749
-2.61651
1.1992
-7.22827
1.35701
4.66222
4.70742
4.00176
3.82183
3.81259
4.01094
4.04827
3.99996
6.18483
-2.02917
-2.11086
-2.08222
-1.98799
-1.87302
6.6273
1.17175
1.19877
1.23644
1.20182
-0.551491
-0.397299
2.6621
-4.85111
0.666445
-3.69499
-2.26099
-0.489212
-0.388147
-0.412334
-0.393597
1.56735
1.51006
1.55759
1.53183
1.45115
2.83953
5.3037
2.20032
-8.25381
3.41178
-1.54675
-1.53754
-0.577063
-0.644494
-5.31105
-1.29419
-1.31598
2.70299
1.64611
2.2204
2.35981
2.41202
2.29708
-1.95477
1.72616
8.1211
-3.51746
-3.50603
1.46251
1.72048
0.763041
6.12366
-0.691801
-0.675886
-0.657392
5.66086
-0.901359
-0.63582
4.10846
-1.04435
-3.11253
-3.41853
-4.18208
1.275
2.39393
2.67955
3.58334
3.62549
3.66522
-1.74116
-1.66006
7.10599
6.05074
6.79989
0.364374
0.327593
0.299306
0.393979
0.427667
0.340973
0.374396
0.405758
-1.54297
0.00656396
-3.57549
-1.794
-1.86042
-1.68819
-1.73229
-1.87665
5.02412
-1.71766
-1.73213
-1.6414
-1.74998
-0.0726338
-0.0375809
-0.00205184
0.0118831
-0.0755597
5.71262
4.06542
2.47189
4.70217
-4.83877
4.89025
0.338614
1.46625
1.47628
-5.38497
6.62905
-2.02729
-1.94934
-1.82834
-1.90162
-1.81645
-1.9784
2.78258
0.571918
0.534644
-5.66801
-1.7204
-1.7266
-1.71132
-1.6125
-0.859035
-0.914397
-0.918881
-0.889151
-0.927776
-3.70372
-5.27586
-2.25841
-2.34587
-2.3
0.306244
3.68954
-4.44247
-3.91717
-2.22141
-4.75706
-2.84945
4.19944
3.9634
-4.73293
4.01522
-4.38787
-0.770614
2.84247
-1.13395
3.00634
3.0405
3.04105
0.101805
-2.61835
-3.91444
-3.32544
-3.284
-4.72123
3.22805
4.56675
-0.695392
1.47197
1.43756
-2.90753
0.320839
0.341733
0.328326
0.218831
0.280331
0.340182
0.359599
-0.0300566
0.0439966
2.5918
4.06946
-1.77967
-1.70697
5.46063
-5.59808
3.23528
-5.52979
0.0812436
0.0145926
0.0880934
0.150272
-1.65871
-1.64644
-1.61927
-1.63644
-1.59976
-1.56025
1.28104
1.13654
1.35369
-4.26251
-3.93172
-6.73161
5.87389
0.831235
-3.74285
3.00962
3.02511
1.9608
1.94256
-5.61233
1.20603
1.25487
1.21693
1.32799
1.30171
-0.482732
-0.473883
-0.421547
-0.56205
-0.500884
-0.487499
-0.460534
0.602557
0.729949
0.702227
-3.08389
3.32417
-3.35168
-3.23236
2.54977
2.56698
0.878863
0.900998
0.908737
0.956206
3.69647
-5.84676
0.516301
0.486647
0.468389
0.454748
-1.36582
-1.72097
5.7926
7.86534
5.39213
-5.36667
8.43305
-1.34711
-1.48901
-1.5289
-5.49279
1.92911
0.373559
0.50985
0.561792
0.536726
0.48273
-2.72629
-2.70282
-2.6112
9.25209
-4.58051
4.38699
0.219271
0.155795
3.90685
-5.90026
2.66909
2.46198
2.79426
-5.6847
-0.274696
-1.12833
-3.5847
-3.4935
-4.43122
2.7726
2.85728
2.76581
4.42264
4.35631
3.05952
-2.97848
8.19976
0.633623
0.586801
0.618225
0.626376
-1.57663
-1.55367
4.53057
-3.19823
3.16951
-4.17017
-4.82662
-0.26926
-0.0904513
4.8846
3.56587
3.60066
1.11335
1.05655
1.02781
1.10347
0.949975
-7.46065
3.88833
-3.91562
-0.897325
-2.37826
5.3753
-5.77857
-1.04629
-9.31354
-1.99595
-1.95059
4.07813
-1.23024
-1.34095
-1.14379
-1.15963
-1.27919
6.37958
-5.25687
-2.86698
2.72427
7.22471
5.56861
7.22688
-3.04993
-3.0728
-2.99878
-2.93112
-0.654822
-0.622575
-0.700832
-0.73823
-0.759521
5.28038
0.279965
-2.84905
-2.77534
-2.78922
-2.75559
-2.88941
1.64432
1.78196
2.16514
1.37082
1.42874
1.29322
-6.61769
-2.1649
-2.07505
-2.11591
2.92273
-8.07023
3.4975
3.40597
-6.2936
-5.35439
-0.911228
-0.885722
-0.265702
-0.335851
-0.325424
-2.3592
-2.37143
0.63593
-4.61026
0.106034
-0.0159591
4.56608
4.50149
2.43375
2.38175
2.45412
7.39424
-0.727766
-4.29154
7.98517
1.93284
1.9524
2.06123
2.08734
1.93773
2.05111
-7.80235
0.349104
0.308285
-1.87251
-1.76581
2.01014
1.89825
-4.08164
0.825437
2.05208
5.13278
3.32504
3.23119
-9.40789
4.74538
0.0416293
-5.08759
-1.83139
-1.8328
-1.82225
-1.88487
-0.872293
-0.853437
2.98667
2.71674
0.320642
0.323042
-6.39227
0.97283
0.983942
-2.50899
-2.4356
-2.34802
-7.01472
7.09183
6.75438
-0.389471
-0.469357
-0.471169
-7.35947
-0.78517
1.08247
1.08467
1.09436
-2.51366
-2.52326
-2.35698
-2.46236
1.78656
3.55651
-0.372715
-0.337653
-0.353023
4.25195
-8.36203
-2.61581
-2.70994
-2.86047
-2.83733
-2.95139
-2.96264
-2.96455
3.47044
2.12553
2.1208
2.09298
1.61864
1.67604
-6.2572
-4.26391
2.50809
2.58315
-3.32191
2.43607
2.4019
2.36471
