4.47567
1.82487
1.80825
0.555436
0.49069
0.417812
1.69767
5.64637
-3.21054
1.29798
1.38808
1.37694
1.40847
1.44683
1.35143
1.42571
1.43322
1.49039
1.48142
-4.17012
4.00399
3.96202
-5.54643
4.3401
-3.27586
2.08514
-0.183352
-0.182386
3.8199
5.56203
-1.12421
1.61733
1.56409
1.59251
5.87632
0.753606
0.735487
0.75576
0.76422
-7.54356
5.3295
-5.78981
-3.23494
-3.18866
-3.64887
-3.73217
0.827806
0.841388
1.00632
0.956489
4.40097
-6.34269
7.02683
5.31585
-0.922779
-0.772554
-2.16513
-2.15149
7.01138
-2.93616
-2.92934
3.56449
3.56485
3.5697
0.741734
0.915826
0.805288
0.793018
0.971127
0.977321
0.952191
0.960895
0.975702
1.04689
0.952655
0.921265
-3.93459
-4.97459
-2.7202
-2.83859
3.98216
-0.950924
1.5907
-5.6973
-3.14191
3.64567
-5.08629
4.4758
3.18287
-3.18713
-3.55141
-0.31468
-0.0409094
-0.208562
-0.171038
-0.152157
-0.104037
6.38466
-0.418317
3.73616
-6.71385
5.43917
3.03624
-1.75251
-1.79008
2.22849
-3.42364
-4.45219
-3.56685
-4.28589
-3.9365
-3.8204
-3.93355
-0.542618
-0.57381
0.610239
-4.44577
6.16069
-4.04474
2.68798
2.66857
5.03865
-4.75726
-4.68269
8.65416
-2.6302
-2.55746
-2.70661
-0.938916
8.22333
3.27572
-0.10419
-5.1149
2.12847
2.01872
2.77605
-4.72082
0.725994
-0.440973
4.59374
0.307543
0.319258
-1.72707
-1.74333
-1.60739
-1.52789
4.80814
4.00306
1.19415
1.2104
1.23712
1.17655
1.21872
1.11172
1.04614
0.974045
-1.68673
-1.4631
-1.50004
-1.56538
-1.59788
-1.58973
3.52374
2.16392
2.19317
3.15871
-0.2021
-5.83276
1.73781
1.76808
1.77129
-5.30415
-1.63109
4.66696
-1.99719
-1.89118
-1.94325
-1.89733
-2.9085
-2.80145
-0.964792
-0.913268
4.58888
0.505633
2.39156
3.00341
-2.16204
-2.16599
-7.09995
-3.95567
1.22996
1.0468
-1.99889
-2.23205
5.01623
-0.375894
-0.303703
1.48232
0.048532
9.13906
-2.44299
0.359369
-3.81753
-5.44472
0.620601
0.573603
0.465325
0.571086
0.55223
-0.705279
-0.554793
-2.45173
-2.41953
-2.48745
-2.25524
4.87863
-2.85588
7.75106
4.69566
-6.07769
-4.31142
5.00864
-7.26038
4.59605
5.06354
-3.04891
-5.67453
0.060613
-0.0379781
0.0573395
-0.138483
-0.00875671
-4.92435
0.104547
0.126335
0.013175
0.0614536
-1.66412
1.932
-4.55376
-1.41048
-1.46005
-1.51788
-1.52532
3.60155
0.963171
3.91401
3.92613
2.76308
2.71978
-3.35682
2.91971
2.78596
2.8154
-0.357547
-0.301602
-0.219385
3.98209
5.67997
-3.89661
-3.32997
-5.32525
-3.17367
3.22522
3.18428
4.88025
-0.0102072
-0.0539111
0.0917838
1.52258
-4.43479
-0.0952772
-5.15493
4.12253
-2.28494
1.92737
4.56443
3.31038
3.38347
3.35909
-0.408062
-0.495661
-0.35128
-0.345307
-0.49294
1.4964
0.483545
3.36297
-7.17676
-0.779345
2.86277
3.58107
3.54007
2.42153
0.942338
1.01485
-2.8581
-2.95164
-2.67449
7.37448
-4.25952
2.7796
-4.64278
-1.34366
-1.36292
-1.341
-1.36658
-1.32929
-1.39686
2.09032
-7.47305
2.12329
2.27377
1.96197
2.24147
2.1273
-5.12516
-1.1918
-1.18038
-1.18767
-5.98691
-2.91959
-0.248373
3.43391
2.93797
2.97244
3.25533
0.409287
0.29026
-0.852893
-0.836607
1.65397
2.07196
3.26584
3.19384
-2.29984
-4.00892
3.67169
-3.22549
4.13782
-0.985006
-0.889946
-4.87907
-1.0952
-0.65468
-0.659723
-0.71033
-0.774807
6.34311
-3.07375
2.16456
2.30528
-4.76172
-0.502116
-0.568038
-0.679758
4.16267
-4.0563
2.9243
2.95712
2.89572
5.91915
-1.46758
-5.78747
2.26224
2.23418
4.14631
4.28189
-4.10209
-0.601585
-0.497202
-0.548281
-0.641163
-0.0300059
0.0415401
-0.0393474
0.030193
0.0747354
2.20857
-4.77676
2.54955
1.8012
1.8543
-2.05444
-2.23877
-2.19848
2.60754
2.51042
-0.611232
3.29717
3.2561
4.00945
3.86045
-4.8451
-3.59158
0.753364
-1.38708
-1.95556
-2.22204
-2.42645
-2.40254
-2.48962
6.55477
2.11183
-5.03954
5.05176
-2.60687
-2.51804
6.62906
-1.53319
-1.52961
-1.57135
-1.59843
-1.54141
-3.10472
-2.88638
0.727405
0.737705
0.73701
0.74651
0.718204
1.02964
0.920779
0.850126
0.799535
-3.91745
-3.70449
5.08483
2.34119
6.63152
-4.04643
-0.695076
-0.829691
-0.74188
-2.10528
-2.27266
-2.27542
-2.14972
-2.08419
-2.17337
-2.30573
-1.20985
-1.21026
-1.29025
-2.54829
-1.41549
-6.0769
-5.13119
2.007
-2.23031
-2.17956
-4.33518
-4.67627
-1.16968
-1.35103
-1.28065
-2.13697
-5.21788
4.1451
3.63343
-5.62316
5.03407
1.61516
-3.32134
-4.12967
3.46065
3.39359
-5.99621
-2.12895
-2.14749
-2.14476
-2.24287
1.29797
1.28435
1.28861
1.1545
1.16028
5.30325
3.5337
3.61204
-3.49894
-3.55037
0.0652217
1.81185
1.95536
-0.334172
5.08878
-2.50155
-3.87083
3.33029
-0.439687
-0.608561
-0.666593
-0.745045
-0.692189
-0.690388
-0.785438
-0.726045
-3.22153
-5.37092
-3.82677
-3.76975
4.88603
2.90927
-3.23115
-3.22399
-4.82628
-4.45681
6.28949
4.78041
-0.601218
-0.613983
0.783171
0.890451
0.860983
-4.30622
3.90888
-3.13148
-3.0401
2.67504
2.80745
2.78318
0.130364
5.40636
2.30846
2.23572
2.28046
-2.66029
-0.509719
-4.02906
1.28651
1.3322
1.26113
1.27432
1.28627
6.96422
-9.01821
2.80786
3.65244
-2.65186
-6.06137
-0.541142
-0.528795
-1.07167
-1.18072
-1.15452
-1.07111
-6.84093
0.169504
3.42472
3.39437
-0.849215
1.20332
1.09917
1.11796
1.12482
1.13369
2.58573
0.232563
0.14738
0.152745
0.174412
-6.78841
-5.27254
4.65563
-2.88469
6.03145
3.44371
3.83582
0.314939
-4.81392
-4.87111
-3.87334
-0.406688
-0.450696
-0.481636
3.31851
-1.31374
-1.17672
-2.76971
-2.68865
-2.93619
-2.4478
-2.61433
7.22848
-6.00623
-0.230331
-0.322576
-0.313445
-0.251256
-0.263323
-0.246662
1.12373
1.40039
1.34577
1.21981
2.42049
2.29663
2.26216
0.39223
0.333114
0.245147
0.354341
0.288163
0.21888
0.205239
0.308487
0.30542
0.231267
-3.27283
-3.31728
-2.34235
2.62272
0.249301
5.55994
0.924788
1.06934
1.10712
0.872451
-1.37074
-2.38319
-3.56228
1.2034
1.11042
1.29673
1.26301
-2.90989
-2.94149
0.63237
0.697176
0.6154
0.599243
4.41148
-5.52854
-4.36942
-4.556
-1.33501
4.15769
-6.91106
-5.38498
-0.467522
-0.528328
-0.508929
2.55967
2.53126
-3.79787
-3.6261
-1.11679
-1.06594
-1.28528
0.414091
0.383563
0.359844
-1.57535
-4.64585
0.397802
0.503713
0.418887
6.78491
2.95319
3.07454
2.75576
2.17901
-5.45732
1.4891
2.72169
2.71012
-6.56998
4.68845
6.11518
5.37794
1.30551
1.17438
1.17214
1.06911
1.1936
1.13546
1.14201
0.0452071
-1.96259
1.15154
5.75663
3.52893
1.29073
-1.27954
-1.25193
4.94516
-5.28165
1.52529
1.81337
1.79075
2.01079
-1.45547
4.33433
-1.63457
-1.38775
-1.44532
-1.42386
-1.41126
6.33412
-2.69255
-2.75996
-0.742233
-0.17829
-0.0786541
5.98363
2.3291
2.27783
2.31972
-1.12256
-0.958657
-1.06974
-1.03645
-1.02644
-0.99497
-3.8831
1.25595
0.103108
0.0277807
0.0241676
0.0870698
-3.11078
0.40337
2.61411
0.832586
0.826884
0.895476
0.951775
-8.01879
-2.9122
-0.229838
-0.418186
-5.02167
5.13926
1.38078
1.45171
-9.72406
-4.94214
-2.16891
-2.15935
-2.11184
-3.68317
7.46217
-1.03217
-3.27564
-3.21986
-3.53299
-3.39751
-4.08357
-2.66866
-2.43357
-1.67375
-0.597335
-0.630745
-0.549524
4.10326
4.07995
-1.11238
-5.32943
-2.89585
-0.307419
-0.209649
-0.243481
-4.61596
-0.551737
-2.37323
-2.32915
-2.4343
-2.37221
2.68927
2.69673
-3.3855
-0.347469
-0.294217
-1.81585
-1.90515
-2.20479
-2.13456
-2.25292
-2.24597
-2.16307
-0.58301
-0.585944
-0.240414
-0.269909
-0.451527
-0.538347
-0.652121
-0.502768
-0.609163
-4.40736
-1.18305
-1.08973
2.58673
2.55455
2.57399
7.12573
-1.48641
1.3793
1.49606
1.42501
0.435957
0.488873
1.70035
1.63119
-2.88262
-4.44953
0.109008
0.180713
-1.71308
-1.71263
-1.65776
-1.74572
2.5484
-3.09418
-4.74629
1.15088
1.23267
1.10513
2.34817
2.31795
2.33902
2.32688
2.29528
1.96938
4.66027
4.82099
0.219875
0.101416
5.89362
1.14761
0.39076
0.511947
0.478775
0.67796
0.708708
-0.420174
-0.455177
-0.477505
-0.599674
-2.709
2.45254
2.35738
2.82609
-1.33849
-1.31043
-1.32689
-1.40117
-1.31674
-1.30142
-1.28075
-0.509067
-1.14281
-1.10985
-1.18981
-4.78939
-0.486436
-0.499144
-0.689057
-4.35143
-1.83084
-1.78678
-1.71918
-2.88648
-2.79259
1.5949
-3.63431
-5.09474
-6.03261
-3.02085
0.56576
4.83914
0.799225
0.611424
-4.33748
3.69751
0.494656
0.531604
0.502703
0.436941
-4.35563
0.528632
0.632782
3.38691
3.32669
3.2794
-1.70329
-1.81391
-1.67453
-1.68464
-1.62233
-1.88953
2.61157
0.564633
5.56341
1.83661
1.96267
1.92017
1.95571
1.92901
1.94949
1.99878
4.06282
6.94268
-4.05783
-6.7528
0.107876
0.116236
6.70351
1.96183
2.22021
-1.75622
-1.77599
6.8822
-1.28014
-2.37458
-4.99401
-1.44045
-1.42002
-1.29965
-1.35615
4.42363
-9.34344
3.47941
2.46279
2.40175
2.45989
2.45675
-2.8044
-2.76816
-2.75595
-2.8436
1.83639
1.70991
1.6109
3.50936
4.71415
5.17104
-5.75191
0.09601
-5.5229
-1.83022
-1.7662
-1.6707
-1.86764
-1.85149
-1.67414
-0.14981
4.20684
-2.55791
1.74795
1.74044
0.171194
0.156395
4.27838
3.25885
3.91923
-1.0101
-3.05035
1.55353
-1.52936
1.10415
-1.60649
-1.85625
-4.72449
-4.76882
2.14575
2.20694
2.21182
5.43655
-7.13501
-5.92236
-7.18106
1.0975
1.09548
1.19999
-2.54855
-2.60887
4.20744
-3.81725
-3.12774
-3.13535
-3.30772
0.604669
-4.17196
-0.252531
-7.1119
-1.22619
4.70465
2.86642
1.81318
1.83346
1.85439
1.91202
-2.12496
-6.774
2.61245
2.59514
2.61101
0.632082
0.820937
0.862151
0.841694
9.31328
-3.63378
-0.436644
-0.393881
-0.556648
-0.467336
-4.0794
-3.88399
4.74032
4.80699
-0.428188
-4.86928
-1.91536
-3.4715
5.80562
4.60773
-3.51489
5.23433
3.79959
-5.05626
0.0858649
2.03055
3.82918
-2.18239
-2.24626
-2.14486
-2.13995
-1.40865
-1.3641
-1.31421
3.83745
3.7533
-1.8436
-0.969092
-1.01781
-0.90349
-0.969258
-0.919306
-0.912217
0.852493
5.31925
-3.19965
-3.14393
4.79056
-4.16589
5.1769
-4.03844
-4.04037
-1.82684
-1.74134
-1.58739
-1.62143
-1.71397
-1.73264
-3.01666
-3.62519
-3.5074
-3.68784
-3.53867
2.11077
2.05715
1.97253
2.12785
1.99976
-5.85894
-5.27466
3.38855
4.46516
3.91277
-7.79581
2.57342
2.64359
2.65758
2.63933
2.71968
2.67709
-2.45493
-2.34569
2.62027
2.55258
1.6846
1.63123
1.57299
3.23801
5.4017
3.68817
-4.2975
1.48569
1.44501
1.46805
3.16314
3.1482
1.61981
1.6098
1.97209
0.156097
4.24841
-3.76319
-3.37935
-3.43691
7.827
-4.85078
-0.997595
0.905741
0.821453
0.841526
0.91067
0.934798
-2.18599
-2.17965
-2.03117
-2.0077
0.209169
4.05887
3.89087
-6.7915
-0.819402
-0.788956
-0.814653
-0.811511
-0.947514
4.08849
3.91956
-3.73626
-5.58528
0.275613
-1.13168
2.45099
2.30029
-0.879518
-0.779291
-0.738779
-0.763024
-0.743333
-0.75638
-0.846956
-1.01255
-0.920325
-0.960676
-0.989075
-1.23352
-1.18754
-1.21231
-4.77952
0.452341
0.491916
0.411663
0.280734
0.342255
0.367028
-6.46683
3.49422
-1.28781
-1.31411
-1.28301
-1.26178
-1.14456
-1.36128
-1.28632
-1.24329
-1.98565
-2.54167
-2.40593
-2.35786
-0.20299
-2.91407
-0.853343
-0.927825
-0.884821
-0.857136
-0.799052
5.78072
7.88372
-3.86368
3.40233
3.38311
-3.18906
-3.11498
0.916618
0.769699
0.951808
-0.82367
-1.00809
-4.60306
0.921091
0.978748
0.965828
0.796796
0.851288
0.872761
2.77193
8.1823
3.77435
3.81781
-4.32086
-0.554346
-0.620096
-0.546553
-0.532749
-5.55863
0.990369
0.972836
-2.63172
-2.54988
-2.52677
5.47048
-0.0629499
-0.11681
-2.28931
-2.33807
-1.08416
-1.05385
-1.66664
5.1559
-5.44733
4.3619
1.44234
-3.53869
4.19325
6.49303
3.83555
3.95256
3.92098
2.23164
2.27639
2.25558
-2.88917
1.42751
1.47692
1.32052
1.42049
2.48618
5.13456
0.514663
0.490454
-2.51456
-2.51559
-2.60412
-1.19133
-1.94148
2.52779
-2.97811
-4.18726
-4.24919
0.0763687
0.0172339
0.0246448
0.113965
1.59323
-3.40033
-5.17877
3.78009
-4.98675
5.55744
-2.58685
-2.69211
-4.12346
2.74369
-2.03269
2.75442
2.81795
-2.75338
-2.81713
-2.55678
5.02452
0.0176322
0.0320316
-0.0456114
0.0608978
-0.0898746
0.0239916
-0.110778
-0.0741622
0.417763
0.515005
-1.4841
-3.00879
-0.537229
1.73679
5.40124
-2.51249
-2.31064
-2.15639
-2.33612
1.59856
-0.184417
-0.143145
-0.326656
-0.126169
4.20241
0.567655
0.184459
0.167394
0.73881
-6.41895
0.561371
0.64001
0.486976
0.593904
-2.96334
-2.9154
-2.99373
-2.89772
2.09725
-0.493819
3.94651
-6.1754
2.30727
1.35529
1.32147
1.27487
1.22638
1.35243
9.13456
7.6977
-0.0414405
0.0238799
0.0235251
6.59886
1.07711
1.06808
1.22416
4.93701
2.454
2.53815
2.62782
2.49303
2.2963
2.36774
2.41585
2.93517
2.95766
2.98188
-5.60752
-1.74691
-1.73712
-1.80441
-1.31933
-1.3667
-1.36698
9.24438
-0.737906
-0.762708
-0.767846
3.28826
-2.49066
-3.38261
-3.24744
3.67276
3.49854
3.51614
3.95553
-2.23258
1.73843
2.78969
3.01393
3.55227
1.17229
3.29426
-4.01246
-4.08298
0.890453
0.936329
0.945346
0.914875
1.71407
1.62384
1.58404
-4.78941
-1.47227
-0.583969
-0.688651
-0.580665
-0.500385
-0.512941
1.87175
-4.01831
-0.588778
-3.44631
-3.41982
-3.3909
-3.60431
-0.202881
2.2411
2.28813
-4.89103
4.3698
4.87562
1.60608
1.53282
2.89344
2.85568
4.0135
0.659067
0.621536
0.698645
0.679805
-1.3337
-1.45532
-1.3572
4.93958
-4.69518
2.6848
2.64565
1.57613
4.64951
3.03699
-7.30063
-2.79205
-1.06029
0.760685
0.660909
-1.63167
2.53904
3.01504
3.03749
5.21262
0.528788
0.975727
6.69186
4.53291
-2.20452
-2.15201
-5.4586
2.71532
2.67184
2.74196
-1.23624
-1.27896
-1.21314
-1.32309
-1.22212
-0.600384
3.30724
-5.6822
3.57855
3.83505
9.51981
-4.73667
3.9581
-3.1772
-5.44376
4.25753
-9.21271
-6.38082
-5.44049
4.55913
7.66201
-4.23128
-1.29018
-1.94458
-1.94414
-1.95396
1.54282
1.50208
5.88884
3.14746
3.12358
-5.65216
-5.27391
1.10542
1.06598
4.30464
2.29194
2.37444
2.48677
-2.026
-1.97831
-1.91796
-4.97806
-2.02257
-2.04976
-4.08134
1.31839
1.23414
1.31472
1.32034
1.18333
1.30755
1.2811
-0.877431
4.64136
2.85561
-6.98312
-5.75776
0.215868
-0.127328
-0.194568
-0.335896
-0.304728
-0.28807
-0.19369
-0.319628
-0.311499
-0.299045
4.31322
5.93994
-4.81945
0.869925
1.74176
0.693549
4.67296
-2.15831
-2.18911
1.38032
-4.64388
-3.22793
-3.30941
0.515678
0.561341
-0.313134
-0.301407
-0.214606
-0.206762
-0.220616
-1.55668
-1.78253
-1.67289
-1.49624
1.50132
1.49192
1.37673
2.67494
-6.53313
1.12138
1.08624
0.0549238
6.11746
-3.19594
-2.18801
-4.54942
4.0812
6.3964
-3.70929
1.86307
1.87559
-5.63144
-3.11356
-3.1125
0.714218
0.743487
0.756202
-3.13223
-3.08643
-2.87733
1.93908
-2.00536
0.693517
1.00946
2.44117
5.42327
0.767038
-2.36525
-1.2703
-1.24428
-1.17184
-1.63768
-1.5389
-2.27782
-2.23574
-4.02058
2.95595
2.94052
3.04319
2.91661
2.89705
3.30435
3.33187
2.59103
2.37808
2.77623
0.633709
0.649342
2.18902
2.29871
-3.29143
-0.0476143
6.08554
1.47828
1.50551
1.56251
1.42744
1.43756
1.4219
1.37214
-3.95213
2.88165
2.90569
2.93341
2.75595
2.78674
5.07835
-4.7059
-0.948787
-2.23351
3.89006
1.29574
1.26591
1.19576
-0.552662
-0.685598
1.35296
1.39171
1.34063
1.28506
1.32251
0.923199
0.944216
1.06238
-1.87673
-1.73978
-1.80747
0.0303576
-2.53272
-2.37801
-2.44149
-0.0675223
-0.049012
-0.106481
-0.049839
-0.132506
-0.134771
-1.49311
6.05465
-0.445488
-0.442438
-0.336161
-0.651781
-0.587502
-0.544389
-0.647408
-0.654795
-0.614089
-0.565008
-0.553056
-0.619458
-0.708513
-0.749802
-0.569458
-4.00017
0.402372
5.72588
-2.24128
-2.25468
-2.35571
-2.39112
-5.14523
0.123636
-0.435218
-0.277373
-3.13418
-3.22004
-1.19963
-1.24287
-1.42428
-1.38371
-1.3654
-1.39554
-1.39998
1.56514
1.60158
-2.03351
-2.05186
-2.12173
3.3851
-2.55019
-2.6164
2.93683
6.5251
1.19177
1.3028
-1.39304
7.56508
5.16444
1.35296
-3.39423
-3.46433
-3.45045
-3.33576
-4.55182
-4.62503
-3.53959
-3.71924
7.32749
-1.68564
-1.77062
5.4056
-3.99978
-5.51375
2.77856
2.72024
2.86186
-4.59378
-5.58803
-5.11605
-3.20484
1.26735
-5.65421
0.302386
0.0934049
5.87679
0.487751
0.295749
0.452998
0.331578
0.348778
0.054137
1.09297
1.30631
-3.20878
3.15696
3.29714
2.14963
2.02798
2.02434
5.35053
-5.72582
4.1698
-3.50737
1.98911
5.34029
-6.00774
-0.998427
-0.963997
-0.984108
-2.9843
3.63185
-3.16096
-3.08906
-1.71733
-1.70769
2.21994
4.27998
2.04554
2.12212
2.12362
-2.38668
-3.05165
-3.1717
-2.00636
-1.95904
-1.94391
4.27881
3.29097
-0.609805
-1.57902
-1.65582
-1.58126
-1.76326
-0.1698
-2.64915
-2.73113
-1.13076
3.94607
-2.33596
-3.9542
4.20971
0.385
0.443801
0.548372
0.530114
1.00389
0.993426
1.03462
4.32393
1.51662
2.12465
2.0803
5.12235
-3.42709
-3.58352
5.38124
1.73962
-5.94698
-0.650196
-0.586486
-0.589039
-0.614003
-1.06639
1.36562
-1.03356
-1.02925
-1.20322
-0.312006
-0.370977
4.69907
4.70837
4.79333
3.56273
0.980655
1.08367
1.10903
1.14228
1.35722
1.25156
-3.91711
-3.74446
-5.08507
2.51079
2.40364
0.200962
0.0737262
2.72265
0.0893392
-0.0673379
0.19964
-0.260942
-4.09459
3.60821
3.67067
3.7192
-0.962384
-7.39586
-3.50499
-3.42466
0.60892
0.567546
0.555837
-2.50761
-2.32587
-2.50467
-2.44213
5.16373
5.18086
-2.49711
-2.56342
4.26207
3.12008
2.99395
5.11746
2.48334
2.37258
2.50537
2.47806
2.42436
2.44791
2.52621
2.56293
3.6673
5.05728
-1.41947
2.354
2.30456
2.37232
3.41203
2.65926
2.6252
-2.82197
-2.65868
0.11434
0.199859
0.229361
0.467116
3.55373
-0.903578
4.84828
4.00365
4.01261
4.0623
-0.30717
-0.335887
-0.357093
-0.194409
-0.212839
-0.252106
-0.250137
-3.80826
-3.61758
-3.76346
-7.2154
-4.76506
-4.87034
-1.14784
-1.22366
-4.20509
1.81057
1.86318
1.78675
1.83908
1.76301
4.57042
0.248612
3.25069
-1.16262
-1.27773
-1.307
1.08285
0.961048
2.1797
-2.3807
-2.34523
1.68946
1.62713
1.63106
4.03321
1.29603
1.24783
1.30574
1.29622
1.26305
-1.73628
-1.72947
3.51524
-3.52631
-3.49965
-2.58213
-4.02579
-3.87125
3.08882
3.08017
-4.76469
5.23726
-3.71064
-1.7967
4.60524
-2.78107
-2.6544
1.05437
0.983117
1.00496
0.995368
0.880571
1.04715
7.43939
4.19853
3.51011
3.44135
-5.03503
5.27725
-1.59949
-1.7109
-1.76133
-1.81921
-1.83429
0.208134
0.121661
0.146246
0.13891
-3.6807
-3.78318
2.91392
-3.20739
2.00535
2.1858
4.48298
3.13386
3.1252
1.42967
1.59093
1.03124
0.967311
-3.71526
5.20524
-2.23457
-4.22804
-1.01598
-0.985928
-4.23618
9.0697
-0.734844
-0.531078
-0.710724
-0.686627
-0.786628
4.37125
-0.188745
-0.11698
0.695201
0.695848
0.654044
0.905741
-1.78722
1.14186
1.36344
0.497653
1.73576
1.73708
0.989411
0.97655
1.05469
1.06137
0.95091
1.0192
-1.32253
-1.45917
-1.27631
-1.35785
-1.35122
-1.34598
-1.35446
-1.40592
-1.51231
0.417833
0.400856
0.459351
-2.01843
1.05705
0.979273
1.19143
1.21351
1.28367
1.12946
1.28691
1.26958
2.31465
2.34631
2.20579
-2.86993
-2.77119
-2.90569
0.107174
-3.52718
-4.25404
-2.96061
-4.01241
2.47702
2.5254
2.5084
1.51465
1.44978
1.51324
1.46529
-6.01617
6.3709
-1.87725
2.31574
5.31441
5.1707
-4.13563
-1.68993
0.533954
0.382735
3.46798
-3.8894
-3.87747
3.6886
-4.32827
3.3377
-3.08031
-2.92538
-3.69921
-3.70625
-3.80636
4.20075
4.47247
-4.85889
-2.3011
-2.39095
-2.31829
-3.95394
0.0662022
-0.193179
-0.206207
-0.0458928
-0.0374743
0.0508541
0.937599
-7.05733
-2.70793
2.11099
2.17176
2.07061
4.66929
1.85962
1.43491
-1.88051
2.24234
1.66331
1.61125
1.6685
1.6615
-4.54867
-4.52258
4.5436
4.64882
-3.87141
-1.00946
-1.03835
-1.00775
0.474379
0.57782
-1.62594
-1.65298
-1.63708
-1.62057
-1.11628
-1.14845
-1.13723
-1.09528
-1.14114
1.79625
1.88922
1.95665
1.92909
2.01162
-3.81641
1.09019
0.714788
1.59684
1.55428
1.37273
-5.15445
-2.67763
-2.69461
-0.393204
-2.20346
-2.18409
-2.10795
1.82561
1.43719
1.28628
0.720462
0.723953
0.661815
0.591746
0.549444
3.74826
2.14148
2.15519
2.13361
2.19587
2.12346
3.85105
4.01393
-0.690233
2.28107
2.4072
2.61379
-4.85423
7.40238
3.41989
3.45312
0.0639018
5.78417
-4.76631
1.84915
-2.59316
-7.02598
-2.00534
-4.04178
-4.16031
-6.15196
5.00522
7.4081
-2.4016
-2.49172
-2.41262
-4.22295
5.95413
2.2965
3.76391
3.61553
-5.25314
-3.05848
2.62811
2.69534
0.0688899
0.00879767
-0.106853
-0.0259908
0.0403677
-0.0138173
-0.100881
-0.223826
0.0617667
-0.0285798
-0.0499053
-0.0412112
-0.110572
-0.0252977
-0.0483938
-0.101416
-0.763402
-0.711896
-0.689842
-0.715797
-0.656936
-0.652995
-0.736718
-0.792566
-0.835918
-0.833056
3.82613
-3.15681
-3.13807
-3.05291
-3.16434
-1.15385
2.85359
2.72085
-0.22529
-0.202679
-0.218586
-0.271767
0.0224975
0.0279539
-0.143964
1.3459
1.22728
-3.54645
-3.47633
-3.12378
4.00494
-1.96605
-1.96648
7.92981
1.66703
1.45578
-0.819826
-0.793176
-0.79043
-0.772311
-0.764573
-0.575422
-0.0607352
-0.0550205
-0.0918106
2.24202
2.29935
-3.21286
3.74257
3.63235
3.70949
2.09719
2.10809
2.2684
-4.79363
-5.6739
0.512943
0.494335
0.696467
0.701454
-1.57366
-2.6127
1.19791
1.15278
1.12599
1.25585
4.86868
1.94038
2.0405
2.06475
2.11452
1.92811
1.96971
3.11305
3.18249
2.96524
-2.81946
-2.81849
-2.66052
-0.403329
-0.406647
-0.402459
-0.487634
-0.395186
-4.47111
2.76341
2.02995
1.99319
2.02648
0.81759
0.793355
-3.24795
2.61878
4.77048
-3.29309
-5.18114
3.11355
3.15362
2.32832
0.959027
-1.43018
-3.61886
-1.81922
-1.69856
6.09135
-3.12419
1.00628
-6.07757
2.83705
1.50351
1.33625
-4.56567
1.03891
1.04466
0.982051
0.992452
1.15962
4.60104
4.15813
-3.70244
-3.76041
2.56082
8.77903
0.741211
0.715608
0.846371
-3.71725
-4.35652
-4.14061
2.66375
-3.44124
-0.934194
-2.15107
2.5921
-0.739088
-0.835067
-0.297994
-0.294738
-0.209381
-0.232577
-0.108559
-0.135362
-0.0465375
-0.139251
1.11795
1.11942
1.1587
1.15578
-3.50624
-1.1802
-1.00791
-0.949761
-0.910359
-1.02957
-3.54541
2.09521
2.25594
2.20638
-1.51707
0.0382178
-0.117872
-6.96715
5.04132
-1.13092
-5.36772
2.32446
2.43613
2.37543
2.23846
-2.65665
-2.73021
-2.65012
-2.69301
2.22335
2.21365
2.10644
4.27858
-4.06905
1.144
4.31938
-0.306005
6.95156
4.69229
6.34158
-1.62653
-1.56002
-5.32876
2.2894
2.32898
6.13185
3.32891
0.590834
-2.77185
-2.64458
-2.5681
-2.65857
-2.67782
-2.58645
1.73185
-4.03024
0.724554
-1.36243
-1.39216
-2.9874
-3.02883
3.78976
2.27777
2.3276
2.65019
-0.178777
-0.178029
3.36029
-6.59876
3.48387
3.83009
-5.41914
3.93737
1.81817
4.71665
4.80543
2.5284
-3.31684
-3.48535
-5.5396
-2.70795
-1.43651
0.192008
0.109335
-2.48219
-4.48798
6.63933
-5.97613
-6.78612
-2.21843
0.4977
0.501674
-0.112724
-6.1859
-5.91957
-3.07605
-3.10154
-3.10023
-2.88077
3.09876
-1.72409
-1.7835
-1.76568
-1.7842
-2.75374
-2.63044
-2.41742
-2.53705
0.05463
3.53854
-4.22686
5.59879
-4.31064
3.75124
3.7417
0.19197
-5.01744
-7.9374
5.03357
1.63697
4.23412
0.918925
3.21895
1.72787
1.79988
0.612651
0.625858
0.542541
-6.5561
2.74076
1.43572
2.42627
-0.0418059
-0.0870354
0.0315309
-0.19952
0.110813
0.138172
-3.88096
4.40393
-3.15671
-3.16043
-7.50089
0.756955
0.744298
-4.70771
2.75705
-3.50469
0.164543
0.0266718
-0.0133079
0.107414
0.116569
-4.2432
2.87559
2.8245
2.84059
2.5573
2.58693
-0.0953662
-0.226093
-0.290269
-0.451272
-0.404759
-3.85924
6.01208
-6.96311
3.53601
5.09916
3.96047
3.83346
3.89984
-9.17768
0.0217369
-1.36884
-2.38368
-2.29068
2.05573
2.0583
3.42716
4.51018
-0.901185
-0.850797
-0.829195
-2.191
3.24007
-1.50686
-1.44523
3.5051
5.5318
1.64743
1.62952
2.76444
2.78752
-6.23818
-1.9163
-1.87464
-1.74104
2.07541
0.225752
0.251514
0.85307
0.970685
0.859532
0.378091
0.429514
2.60203
2.62724
-0.9277
6.63636
-5.0121
3.96441
4.98618
-2.45707
4.39546
-4.36032
-1.88242
-1.90024
1.41925
1.4709
1.43637
1.39026
1.28033
1.33305
2.14609
2.16253
2.10666
2.20349
-4.06777
5.62497
4.74819
-3.43685
-3.60042
3.63762
2.43504
2.39223
2.39399
2.35418
2.38681
2.42405
2.38029
5.60464
-2.43037
0.0151859
0.0377466
0.00586463
0.0549843
0.0956456
0.753119
4.31944
-0.328439
-0.1542
-0.280974
-0.383775
0.823699
0.755482
0.755556
-3.14797
-3.14717
-3.02019
-2.48768
-4.87821
-4.88296
9.63163
0.0242194
2.51177
-5.99293
7.16909
2.36964
-2.71782
0.388855
0.478446
0.387274
0.434698
0.440375
-3.373
-3.8476
-3.81786
-3.91558
4.07181
-1.67314
-3.0328
-3.23636
3.67018
-4.08465
-1.0251
-1.01318
-0.226725
-0.281336
-0.340207
-0.266134
-2.54472
-2.62747
1.07103
1.07022
-2.87442
-2.79943
0.646664
0.651607
0.952869
1.00411
4.36621
-3.20041
-4.89039
-4.76646
2.65761
2.71266
-1.61195
-1.68374
2.78989
-0.494703
5.51682
-2.1474
-2.1743
-2.29776
1.32035
1.42709
3.50754
3.42682
6.83415
6.12566
-2.30106
6.86657
-3.98076
3.94901
2.29385
2.23009
2.32564
2.23629
2.29392
2.21184
-0.579736
-0.545487
-0.599766
-0.153546
0.0125401
-4.58632
0.566315
3.49905
3.93207
2.64823
6.08169
-1.46008
-2.516
-2.29971
-2.22737
-1.09725
4.59665
-2.77869
-2.83114
-2.12373
-2.12559
3.27493
5.22732
-0.380476
-0.441906
-0.494813
-7.48189
-3.02651
4.82961
4.86067
-5.0652
-2.21248
-2.22489
-2.24341
-2.27618
-2.48506
-2.29805
-2.25079
-1.21661
-1.30314
-3.1127
-3.16075
-0.288549
-0.44085
-0.420239
-0.351425
-0.466701
-3.87653
-3.86551
-3.78896
1.92806
1.45192
1.48879
-0.931862
-0.885806
-0.941846
-0.951766
-0.896211
-0.825794
-0.878068
-1.08284
-0.978689
-4.12204
-1.68438
5.56004
5.022
-6.05693
6.79194
-3.346
-3.46677
-6.04157
1.64167
1.54606
1.75094
1.44814
1.8635
1.90035
-1.21787
-1.14826
-1.15716
-1.16108
-1.18778
0.416584
5.64675
-1.86715
-1.86424
-2.11976
1.98836
1.96035
1.89448
1.83023
1.84012
1.96856
1.96538
0.797167
-4.02717
5.88234
1.92888
1.84148
-2.60497
4.8527
4.67503
-0.0220418
-0.0139816
-0.0178542
-0.0998819
-0.0194785
0.0257523
0.0464902
0.000187227
-0.0907042
2.0276
2.27032
3.31854
-0.0601841
4.15349
-1.44561
0.640455
0.614484
0.619124
-5.25933
-4.82579
-1.58074
-1.55607
4.58125
4.52409
2.3274
-1.40599
-1.55978
-1.48164
-1.41522
-5.50511
6.96898
-3.10705
4.43141
-0.763078
-0.808845
-0.53951
-0.580576
-0.70593
0.550411
0.561185
0.412295
0.527993
0.52317
0.520649
0.564247
0.535383
-0.0487864
-0.107194
-0.1493
-6.84158
-3.14138
-0.878176
-0.864552
5.81691
2.16471
2.49808
2.3466
2.27582
2.32419
2.62463
5.54661
-7.96476
-0.648973
-4.00761
-3.55653
0.275912
0.300557
0.290641
0.321103
0.00557531
3.09483
-1.35099
-1.34438
4.05776
3.87403
3.95075
0.605372
0.570891
0.535802
1.83889
1.89447
-0.596595
-0.469817
-0.509396
-0.553461
-0.45113
-0.516395
-0.507357
1.6141
1.62516
-1.80713
-1.84825
-1.88309
-2.17289
0.183322
2.89055
5.54776
-0.826401
-0.847691
-0.816849
4.24785
0.203481
3.58265
3.71264
2.15698
-2.28854
-4.23292
-4.24393
-4.25546
0.0618531
-0.377925
3.8477
-2.55701
-2.58335
-2.10319
3.30935
3.32211
3.25235
-0.337754
-0.328499
-0.44725
-0.487223
-0.457735
-0.354327
-0.3801
2.79547
-3.26616
-4.62413
1.94965
2.02124
2.12401
2.18682
3.78889
-0.312949
-0.258907
-2.1522
3.88761
-0.00505376
-1.45366
-4.13816
4.38069
-1.24034
-1.2965
-1.2079
-3.40842
-1.43357
-1.5423
-1.51087
-1.58497
6.08974
-0.754887
-0.795031
-6.45613
-5.39846
-2.53901
-2.50645
-2.35309
-6.83255
3.55
2.82794
-4.70819
3.61715
-3.71823
-3.83085
3.65558
-7.04512
0.82459
0.74604
0.814584
0.604869
0.600242
3.15934
0.738524
-0.206321
-0.201164
-3.39936
-3.37584
-6.29119
0.716635
0.944599
0.816883
0.716907
0.695895
0.678479
0.690633
0.811143
0.864613
-0.151688
-0.212296
-1.13956
-1.26396
-1.27318
-1.31908
-1.21551
-1.20586
-1.23795
-1.11358
-5.03249
-0.274172
-0.369596
3.6761
-3.18475
-3.02348
-1.00336
-5.52157
-4.45709
-3.04784
-2.87685
-4.85363
-0.59681
-0.550582
5.43836
1.55893
1.42563
1.38445
1.49276
1.40564
1.27355
4.77952
-5.90138
-4.786
0.821867
-2.33125
-2.32534
-5.08193
0.823369
0.99935
1.06626
5.26511
-1.36114
-1.36706
-2.75145
4.11659
3.69113
3.6854
-6.56172
-3.3642
2.18253
2.11415
2.18076
2.22878
-1.77848
-1.84617
-2.95785
0.772495
0.657405
0.585057
3.46153
3.47828
2.02005
1.84816
3.28206
3.42009
3.31237
2.13265
2.15302
1.99929
2.15054
2.25937
-0.556106
-0.601361
-2.54698
8.22001
2.89327
3.38205
3.18202
-6.12591
1.92235
1.95185
1.94623
-4.05211
-5.43932
-3.0354
-3.14281
-3.10814
3.52321
-3.10232
-3.16079
-6.21435
-1.96498
-1.8972
0.579608
3.10406
3.21129
3.98293
3.93859
1.03849
-4.0583
0.0245912
0.0330956
3.50128
-4.35174
-4.42488
-3.13371
4.34423
6.39201
3.5863
-7.87664
-2.28592
1.75017
-4.67171
3.95094
1.27977
1.30701
1.27526
1.2754
0.31837
5.03358
-3.55864
3.97904
-4.04336
5.85631
3.39776
3.36195
3.83581
-2.92901
2.01096
-0.343959
-0.414343
-5.05069
1.50505
-8.13779
0.26096
0.14335
-3.01363
-2.94547
-2.97236
-2.80584
3.49429
3.49167
3.41358
-0.851113
-0.781925
-0.796024
-0.737204
-0.498494
-2.64281
-4.59052
3.42948
5.71337
-3.56284
-3.40064
-6.07213
0.0419795
-6.84532
0.254562
0.279811
0.364259
0.450699
0.33923
0.297045
-3.77613
4.77119
1.29614
1.26023
-2.56569
2.52026
2.4639
2.4412
-2.09435
-3.14964
5.74472
2.46048
-4.79502
-5.56809
0.602294
0.564547
0.669817
0.673079
0.594527
-6.70564
-2.2322
-2.16086
-2.13836
-2.32896
4.3412
-4.04141
-3.77885
5.67463
5.15519
-4.48632
-1.03699
0.401027
0.415392
-4.51962
4.3179
-1.64362
-1.75643
2.09561
0.401354
0.478223
0.550318
-4.31132
2.9969
2.87782
2.94709
-3.09393
-3.01073
-3.72772
-3.66959
-1.47792
-6.79934
-1.19275
-4.5597
4.00575
-5.0163
-0.508498
1.64187
-0.273254
-0.317505
-0.314255
5.65717
5.83221
-3.37916
3.56639
3.41351
3.62681
-1.1871
-1.24126
-1.20837
-1.20092
4.06481
2.50979
2.49206
2.46883
2.58418
-5.46234
-0.510998
-0.503978
-0.351753
-0.394734
-0.981621
-1.10297
-1.03946
-1.05833
-0.276601
3.96022
-0.553784
-0.838861
-0.841252
-0.730425
-6.09989
-3.64405
5.27431
0.896347
-7.15468
4.63881
-3.18052
-3.01192
-0.222482
-0.180149
-2.43969
-0.998081
-0.942462
-1.06552
-1.54959
-1.44832
-1.56584
-3.948
2.69345
2.53
-0.437506
-0.507474
-3.58792
6.72007
1.06088
4.53838
-0.580298
-0.955045
-0.813193
-0.944198
-6.03636
2.39551
2.36192
0.858382
0.884307
-2.58461
-2.58657
-1.84118
-1.81295
-1.82686
1.15225
1.19899
1.13605
1.05143
1.14699
1.27639
1.13132
5.78216
1.07741
1.16465
1.21611
1.26752
1.25479
-5.29486
1.21658
3.0629
3.00242
3.04559
2.05344
2.18993
2.19216
-1.46426
-1.45079
-6.20652
2.40808
2.41063
3.66057
1.11814
1.13068
1.24866
1.39413
1.09091
1.03629
0.977901
-6.88757
8.60651
-3.16035
-3.2743
4.14538
-0.501323
-0.311946
-5.43815
1.9125
-3.56054
2.49609
4.28709
-5.34422
2.75317
1.35475
1.23811
1.32883
1.34448
-1.09293
-1.25936
-4.92505
5.76393
2.42175
2.4005
2.40985
2.17931
2.30562
2.26681
2.32351
2.32645
-5.91502
-3.40637
-1.7737
-3.55659
-3.65211
-2.72023
-2.74879
4.1331
-5.07808
-1.60095
-1.6645
0.0918451
0.0712659
-0.017521
-6.17141
-4.92095
1.83814
4.09784
4.59619
-0.578344
-0.615592
-0.554738
-0.723249
-3.97743
-5.76561
-0.806812
-0.695735
-0.646662
0.00413022
-0.232058
-0.240898
-0.301807
4.45727
4.37113
-4.275
-1.08566
-1.10359
-1.09662
-4.16661
-3.3608
3.75794
4.6866
6.75412
3.6574
-0.131475
-0.124724
-0.246213
1.46128
1.53346
1.54042
1.41574
2.96632
3.19336
3.23158
0.440427
0.579184
0.623329
0.66767
-1.24008
4.2935
0.807624
0.0307372
0.549354
0.552241
2.34052
2.3036
2.4314
2.25805
-6.49504
3.28234
4.66653
-2.87157
-2.74236
-2.88244
-2.85403
-2.83942
4.73076
2.59233
2.86293
-0.715152
-0.652597
8.43652
6.18821
-6.3006
1.48925
1.55293
1.64287
-4.628
-4.58555
-4.15293
5.0937
3.39812
3.30191
3.88357
-1.70852
-0.026261
-0.0643166
-0.0376642
5.48976
6.31402
5.50096
2.02693
2.0105
0.22706
0.254787
0.405071
0.25768
0.258165
0.240122
0.31295
-4.85512
2.84793
-3.48461
-5.74828
-0.122827
-4.43337
-0.811433
-0.736171
-0.797201
-0.79639
-3.06934
-2.95697
-2.99335
-6.32558
-4.58814
4.0649
5.8382
-3.92171
-3.67225
-4.48238
-3.33576
-3.11167
-3.30343
-3.05225
-1.48341
-1.95042
-1.8935
-1.86685
-1.85623
-1.82674
-1.85498
-1.86218
-1.89591
0.680205
-7.55937
2.69247
-0.584358
1.50778
-0.556663
-0.551441
3.17263
3.40608
3.21997
3.24048
3.20565
-3.44693
5.85422
0.057785
0.0705744
0.0614655
-2.07402
-2.03396
-2.16122
-2.1625
-2.23709
-6.94926
5.31902
-3.48751
-0.756209
-3.6061
-3.49451
-3.4054
-5.40881
-4.67572
-4.56611
-5.90555
-1.0266
-1.00545
2.57048
-1.38563
0.166562
3.98537
-1.33307
-1.34342
1.18275
1.02556
-3.16977
1.22735
1.37077
1.25838
-0.0705793
-0.204518
-0.228817
-0.156299
-1.36564
-1.38523
-5.42459
-3.9554
-0.777621
3.68678
2.16168
0.891056
0.908158
0.815133
0.809687
-0.802932
-1.04773
0.0951816
0.210196
0.222686
0.151299
0.201253
0.260146
-1.01468
-4.28212
0.001034
2.03572
2.14852
4.27174
-3.33097
2.60927
2.77903
2.66486
2.57778
1.9798
2.00365
-2.18757
-2.17602
-2.97546
4.51356
3.87637
-0.761844
-0.864068
-0.833778
-2.11576
5.30998
4.71503
4.74644
0.653685
6.68464
7.65575
7.10503
-5.36765
1.28994
-0.433009
-4.58922
-4.49414
-4.26641
1.87446
1.75956
1.70885
-6.57034
-0.0211245
4.62171
-3.53053
-3.52157
1.38438
1.24967
1.24605
1.2353
-1.06031
-6.684
-4.23294
-4.33859
-0.703397
-3.20003
-1.55842
-1.4875
1.13192
1.45156
7.02409
-4.31136
4.6506
-0.508685
-0.549259
-0.545617
0.859658
2.74883
6.28182
1.27617
1.18266
1.00078
-0.851721
-0.0678083
-0.15779
6.68642
-0.65658
-0.251746
-0.297036
1.9646
4.23941
-4.16309
-4.02879
-4.08589
-7.02699
6.15923
-6.50926
-4.07441
-5.84352
-3.94389
-0.933103
-0.995372
-6.85851
-1.88731
-2.67284
0.175795
0.220232
-0.846897
-0.867171
4.6389
-2.10874
-0.977152
-0.898608
-0.871709
2.27009
2.10676
1.54216
1.57742
1.59827
1.4464
1.54692
1.83941
3.58082
3.59207
3.72533
-2.35483
-3.56876
0.871835
-2.58864
3.31082
-2.7212
-2.74634
2.99847
4.05988
-1.46899
-1.39643
-1.32558
-3.29258
-0.573393
-0.571643
2.1333
-1.27983
-1.2792
-4.84742
1.00661
1.02227
0.951218
0.98984
3.1334
3.10045
3.17517
3.09414
-3.56741
2.45487
-3.54041
5.53273
0.77548
0.712245
0.629893
0.628067
0.610916
0.53895
0.535577
0.544639
0.603782
0.600395
2.77397
2.60755
2.61214
-0.530576
-0.533397
-0.479709
-0.537655
-0.473795
-0.598905
6.23217
-0.0376047
4.26778
-1.09138
-1.03346
-1.2134
-1.18281
-1.23164
4.8921
-1.8458
-1.82722
1.58715
1.67004
1.51485
1.54507
1.62887
1.40938
1.49007
1.54233
3.24516
3.23938
3.33852
3.12313
3.4936
3.49068
3.55711
2.93677
-4.25196
5.29646
-1.07768
-1.17245
-4.81333
-3.3078
-4.54642
-1.40499
-1.38171
4.98574
-3.61856
2.87899
5.09048
-2.27687
-2.29621
-2.43777
-2.35845
-2.27132
-2.31578
-2.46289
1.61336
-2.4008
-1.34635
-3.40958
1.34759
1.19431
1.22304
1.23617
-5.11777
3.81814
5.15562
4.09379
0.926841
0.899689
0.817635
0.857536
2.64083
4.5887
-4.97674
3.14338
3.03442
3.08477
4.78905
-6.93247
4.00362
0.066219
0.0677782
-2.6534
-1.28951
-1.32211
4.09842
-0.0804096
-0.243584
-0.0834463
-0.164447
-0.111715
-0.118886
5.9191
3.52303
-2.05011
-1.98657
-2.1019
-5.90171
1.36244
1.2009
1.25031
1.38842
0.506236
0.480775
0.295666
0.337248
0.320677
0.289988
0.617462
0.593409
0.131351
0.10584
0.0552841
0.182844
0.112863
0.16788
0.130145
0.0607351
0.0815034
0.14882
-2.8958
-2.69279
-2.01812
-1.95451
-1.95889
-1.98014
-1.99304
2.77219
2.65616
4.69616
-2.68842
-2.69452
-2.72043
-2.59032
-2.46182
-5.38696
4.5802
0.504138
-1.10631
-1.01383
-0.98662
-1.98187
-1.85203
4.59318
0.541133
-0.448552
-0.388265
-0.478326
3.51002
-1.62389
-1.82518
-2.95993
-2.24522
-2.27998
-2.28423
-2.37716
-2.40588
-2.88415
4.57934
0.825169
0.918838
0.847416
0.802229
1.86093
4.16524
-1.94528
2.60871
2.48651
2.77245
2.72656
-0.786322
2.69716
4.85385
-3.22921
-3.22457
-3.15463
3.36662
4.55899
-5.78915
-0.517773
-0.524659
7.43072
1.78082
3.63964
-1.01095
-4.24768
3.91044
0.173481
-0.834579
-1.21585
-1.16867
0.66083
4.09811
-1.02073
-0.989966
-0.86694
-0.810234
-0.898231
4.03375
-3.6431
2.08517
2.0525
4.03726
-1.86204
-3.01093
3.06501
3.11139
2.96194
2.01276
5.04019
-0.170985
3.12793
3.09981
3.78511
5.37315
-2.58227
-2.48814
-2.52062
-2.37079
-3.48398
1.92119
-0.9806
-1.13402
-0.791659
-4.61092
1.54693
4.57612
4.06776
-6.81285
4.51379
-0.62866
-0.725102
-0.754334
-0.6949
2.49942
-1.92115
-1.77587
-1.76466
-1.79068
-1.80216
0.582603
0.579397
0.478708
-2.70185
-2.84571
-2.94302
-2.6999
-3.28571
-3.16224
-3.31401
2.68566
-0.0747015
-0.0769673
-0.156401
-0.188075
-0.157629
0.0242588
6.25012
3.76973
-2.57271
-2.62308
-2.64507
-2.67957
-2.51829
-6.28736
2.53916
2.48076
-0.258884
-1.41737
3.20826
-4.07892
-1.53619
5.86249
3.53272
6.62261
-0.554829
-0.466451
-3.49201
-3.89266
-4.47314
-6.45915
-1.73182
-0.727394
0.666013
0.812295
0.636025
0.723486
0.803938
5.36204
-6.26255
2.22755
2.47258
2.16361
2.14156
-1.01786
3.93065
-5.68493
6.17514
1.31961
2.55121
1.8994
1.88348
1.71715
1.84236
6.49157
0.534269
4.5695
4.23094
5.38209
2.95984
1.42343
1.37548
1.39748
1.22104
1.2543
1.25243
-5.40048
0.557618
1.34268
1.38823
-2.55344
-5.66078
-6.18877
-0.352314
-2.03024
0.216537
5.29556
-4.30536
-0.951336
-0.931675
-0.822747
-0.889831
-5.51425
-1.66733
-1.70627
-1.6967
-2.42159
3.78744
7.42148
4.54948
-0.196113
-0.103585
-4.06974
-3.83222
-2.03757
-2.0537
-2.13578
-6.97397
-3.68426
-1.58041
-1.68766
-4.05106
4.75905
3.76074
3.72396
3.65155
-3.26153
-2.56416
-5.45579
-5.03363
4.56585
3.65527
3.7565
-1.66227
4.25041
0.507418
-2.73945
-2.75004
-2.71444
-2.60297
0.128763
4.94414
-3.89333
-5.24636
-4.56876
-1.34447
-1.32147
-1.37428
6.3187
-1.03313
-0.919198
-0.78076
-0.782304
-0.92049
-0.962156
-0.88889
0.704612
0.642668
-1.73749
-2.38134
6.92011
-0.0495303
1.35668
1.38186
1.37867
0.620117
0.603803
0.802661
0.768168
0.746833
0.855758
-0.863489
-0.860648
-2.81771
5.8746
-0.698605
-0.420361
-0.443866
-0.460251
-0.584726
1.25576
1.26821
1.57725
-2.53909
-0.469612
-0.514318
-0.511091
-1.22346
0.807003
1.64915
1.59987
1.59882
1.48327
5.88906
3.92736
2.58405
-3.83745
-4.118
-1.15194
-2.84771
6.19838
-4.32693
5.26766
4.43936
6.66128
2.44663
2.43348
2.41259
1.22514
1.66014
1.51927
1.54987
1.65355
-4.55078
1.88659
2.14069
-3.42472
-3.46286
-3.416
-3.40992
-4.0938
-4.13178
-4.05476
1.76513
1.88121
1.85955
1.83356
1.97562
1.96252
1.95611
1.88291
1.87779
6.07865
-4.89894
-1.59533
-1.71862
-1.69938
-1.70962
2.05652
3.60941
0.973159
0.926094
5.80894
4.06442
-5.86262
0.900784
-1.69742
-1.74411
-3.17563
-4.1378
-2.87397
-2.82685
-2.81042
3.15983
1.81101
-9.05875
2.46323
3.52224
3.0747
3.16402
3.16559
3.23947
-0.45826
-0.516272
4.1608
-3.44335
0.511494
0.516315
0.611638
0.630948
0.186365
0.223875
0.325586
0.335524
-3.07828
-2.63902
6.29373
-0.321313
-4.00148
4.14469
-5.7925
5.45306
5.45278
1.54477
1.67788
1.64051
2.26108
2.28859
1.45694
-3.19441
4.11645
5.09867
-6.51595
0.0913042
0.153204
-0.00774186
0.0349255
0.13476
0.0702086
-0.00356432
0.116385
-3.48502
-3.52191
-3.47352
-2.48785
-2.0789
-2.06049
4.11306
3.96523
3.81628
3.6913
-3.26184
-3.31245
-1.67449
-1.55491
-2.79899
4.67832
4.89077
3.54875
-1.98012
-1.93541
-2.04907
-2.07973
3.3449
3.23932
3.24793
1.56541
5.15596
-3.73781
-3.81759
2.28035
-6.94444
5.01649
1.18877
1.22054
1.30245
1.32595
1.24951
1.05601
-7.33668
3.82443
3.22341
1.30335
-2.14337
3.96537
2.4015
2.58767
-4.7525
-0.0430702
-0.042087
0.0229352
-2.00102
-2.00392
-2.03452
2.09636
2.11886
-3.11062
1.87291
-0.167728
-0.276066
1.33003
1.38047
1.31078
1.30203
1.36465
1.37394
2.83007
-0.938651
-0.91587
-0.945577
-0.869531
-0.978803
-1.05672
-1.03535
-0.870858
-0.898505
-0.834268
2.49172
2.62841
2.54665
2.14351
2.00623
2.04097
2.06769
2.06561
2.18577
-4.83962
-4.96344
-4.02223
-4.01993
-1.8036
-1.75008
-1.06943
-1.25637
-1.175
3.33095
-2.1452
8.15054
1.49847
-0.724156
-0.788707
-0.841001
-0.862887
-0.675432
-0.746529
-0.778487
1.3147
1.36599
1.30348
1.28044
3.36254
-3.59718
4.37312
1.46239
1.28654
1.20807
1.30145
1.30215
3.88239
3.82008
3.83151
3.81685
0.605966
0.621398
0.5891
0.560406
-0.0953811
-0.125713
-2.03318
5.1168
-2.2813
-2.26266
-2.33349
-2.25789
-2.23462
-2.31078
-2.32049
-2.09971
-0.589125
-0.446742
5.00195
5.07285
0.858685
2.49546
4.35385
-5.32487
1.31226
3.08479
0.822093
0.812898
-3.2674
-4.07211
1.39939
0.940361
0.967949
1.07165
1.10397
1.03898
0.981281
2.99249
5.558
6.00342
2.33483
2.29045
-7.52474
-3.95281
1.79554
-0.203716
-4.38949
0.871466
-3.75836
6.36448
-0.993274
-1.05582
-1.00631
-0.386871
-0.499601
1.07012
0.976759
1.05334
0.860787
0.762488
0.77504
4.13518
-3.1145
-5.28223
-0.355385
-0.341586
-0.373459
-0.476838
0.648054
2.45145
4.37432
-0.281649
-0.302458
-0.250033
7.99947
6.86861
-1.42717
-4.06748
-3.42211
-2.28128
6.39033
-0.920674
-0.878842
0.659113
0.917935
2.23594
2.33661
-2.42334
-2.93211
-2.96197
-0.237386
0.0443137
2.50796
-1.86297
-2.0594
-0.0582343
-0.0321699
3.88522
-2.61503
-2.57462
-2.64228
-2.66108
-4.27153
-4.97898
3.2513
-2.98189
-3.04479
-2.33127
-2.36509
-2.31355
2.97717
2.26676
6.98049
1.34797
-1.94296
-1.80883
-1.82499
-2.61061
5.06806
-1.47093
-1.43897
-1.40873
-1.35646
3.23238
3.29378
3.11473
3.42022
2.25665
6.76889
-5.06709
-1.95793
-8.24476
-7.77112
2.26223
-4.25383
1.13952
1.12234
1.12575
1.09058
1.05173
1.07895
1.26199
1.21098
1.10326
-3.6153
5.92188
-2.85458
-2.82192
-3.29125
2.65473
1.92216
2.02014
-2.43554
-5.22459
-5.28529
-0.803986
-0.757058
-6.64451
-0.332171
7.91513
3.1072
-9.80178
0.241622
0.220923
1.96082
-3.54046
-2.25021
-5.00484
-1.25086
-1.38834
4.35033
7.45399
-7.05039
-1.22937
1.41667
1.51154
1.43352
-1.87015
2.04027
2.10226
0.697244
0.693171
0.629989
0.552183
0.599609
-2.57475
-2.56041
2.98444
4.4063
-0.393231
-0.205756
-0.279162
-0.12959
2.64528
-2.84181
5.00715
6.09864
2.32375
1.381
0.457065
0.38554
0.464354
2.4494
2.33059
2.39417
2.42407
2.44138
2.38735
3.75779
-1.21023
-1.2571
-1.34713
-1.32487
-1.31261
-1.31134
-1.16783
-1.30416
-1.28417
-7.22663
-1.25607
4.32279
0.936248
-3.24774
-3.36562
-3.15295
-2.9735
-3.08266
-3.00198
4.27354
-0.608804
-0.783405
-0.713246
-0.712252
1.86355
1.85575
1.64653
6.29916
-2.47326
-2.4274
-2.29326
1.00111
1.01523
0.931865
0.886229
0.969767
0.830826
0.272521
0.257747
0.464313
1.84447
1.76962
1.80133
-2.90568
2.26877
-1.2165
-2.98397
-2.86236
2.2436
-7.48772
3.49091
3.52544
4.33759
2.04448
1.92444
1.84145
2.23258
2.40119
2.41218
6.9355
1.73818
5.33213
1.49848
-3.11002
-3.35559
-4.90708
1.42054
1.4674
6.10265
-4.1165
-5.99724
-0.850544
0.619049
0.648382
-2.51095
-2.50415
-2.48583
-2.46748
7.35269
2.5559
2.50793
1.2234
1.44456
1.52146
1.4805
1.40894
1.541
1.34134
1.51412
1.42748
1.41104
1.45881
1.37924
4.94909
2.37251
-3.47485
-3.43754
-0.266485
1.84985
1.84267
1.10856
0.965036
1.10238
1.10717
-1.81142
-4.11104
-6.92823
1.74569
1.91237
1.65603
5.93583
0.791243
4.23457
2.71699
2.62404
-2.95891
-0.325138
0.852134
0.927975
-6.47592
4.58182
4.11444
7.79536
-3.33146
-3.29755
1.15874
1.12592
4.08904
-5.00476
3.11937
-3.13315
0.0464168
0.0717198
0.0457637
-1.13705
-1.05947
-0.72839
-0.718147
-1.43902
3.65153
-2.95501
-4.62785
-1.92292
-1.96687
-2.02485
-1.90364
-1.98018
-1.84368
6.72377
1.4593
5.91974
-0.365536
2.76209
2.73835
3.47471
4.8521
-0.253071
-0.431355
-0.447196
-0.279706
0.147919
0.108741
0.105954
0.140481
0.127076
0.139989
0.150035
0.060516
0.109597
0.231494
0.370527
0.336952
1.86579
1.82556
1.81931
-0.870519
1.47526
5.40433
-1.621
-1.64821
-1.75976
3.32458
1.13889
-1.8682
-1.94892
-1.91628
-1.966
-1.969
-1.93102
-4.40131
-4.82322
4.35316
4.66
-4.51286
-5.83267
-1.29242
-1.26609
-1.2342
-1.048
-1.03823
5.21375
5.18752
4.31122
-1.82743
-1.73321
-1.82238
-1.77087
4.55511
4.5243
-1.65458
-1.65913
-1.59285
-1.84422
-1.7465
-1.75556
1.4148
1.41581
1.37156
1.35618
-3.62701
-3.52608
3.22419
-3.95847
-3.8579
0.14115
0.0848955
0.0926089
5.33461
2.33105
2.28867
2.45517
2.89679
-2.05126
-4.76885
-0.175946
-5.83468
-6.28143
-2.15924
2.52899
4.73214
5.81307
-3.22984
-0.894927
6.15022
-2.00576
-2.04758
-2.10871
-2.38053
0.600455
0.538418
0.494817
0.545545
0.545965
2.41268
2.44317
2.41611
1.57313
-1.6406
4.7631
-3.99914
-3.3428
-5.6559
-0.698554
-0.758202
-0.689483
-0.790522
-0.871482
-0.777941
-0.95762
3.39032
3.23299
2.20835
2.19705
2.18732
-5.59646
1.53428
1.4407
1.66085
-0.229851
0.412404
0.244305
0.214494
0.232345
0.254541
0.357559
0.220612
-3.24829
3.64773
3.71507
0.186534
-3.3986
0.0682259
-4.46232
1.08458
1.08504
1.20084
1.07435
1.067
0.987458
1.25477
1.18144
-0.958658
1.60242
1.69627
-3.34697
-2.25218
-2.2004
-2.13014
-0.194949
-0.286089
-0.273032
-3.61006
-5.31759
0.399159
0.289153
0.3339
0.353523
0.304184
-0.153355
-5.26833
-7.46925
-2.48432
-2.50745
0.378129
-1.08511
-1.11182
-1.31185
-2.05481
-2.17225
2.0394
2.04288
2.12024
0.818413
0.810135
0.836382
0.84649
0.753273
0.755421
0.873643
-5.33234
-1.17209
4.20859
0.951626
-0.101993
-0.071669
-0.151139
-0.139398
-0.0222923
-6.01559
-2.90963
4.82884
2.34439
1.64785
4.09413
0.694015
0.804533
0.8375
1.05411
1.0847
1.02736
1.03369
1.0888
1.13472
1.08495
1.10778
1.12475
2.5252
2.54045
2.41253
2.52162
2.4336
-2.29711
-0.95115
-0.875848
-0.950719
0.512588
4.19347
-4.40516
-3.5582
-3.75334
-2.20076
-2.7622
-2.77814
2.61491
3.16414
3.11032
2.78409
2.78857
0.012771
0.026467
-0.0134373
0.0329504
3.71871
3.72425
3.78745
-3.57316
-3.58766
-3.47669
-1.46771
-5.97737
1.53452
-3.74501
-3.78323
0.506094
0.684506
0.614141
0.682033
0.654634
0.636859
0.716605
4.71108
-4.09037
-0.500142
2.16187
-0.810659
-4.03279
-0.374083
-0.356289
-0.155474
4.63633
0.570923
0.706228
0.592675
0.619819
-2.71981
-2.66171
2.962
3.37315
-5.51567
-2.99698
-2.82002
-3.02988
5.77417
0.877138
1.0283
1.09382
1.21581
1.20895
-0.895459
-3.59409
2.76591
2.24299
2.18594
2.21452
2.10492
2.16951
5.34306
-4.23093
2.45242
2.43853
-3.16588
-3.10064
-3.33757
-3.47956
-0.611099
-0.580489
1.18433
5.1104
-4.81062
-2.22207
-2.05653
-2.84929
-3.01919
-3.00023
-6.54032
-3.49103
-3.60602
7.73528
0.72079
3.52455
-0.436912
-0.405304
-0.435579
-0.458753
-4.53101
0.589959
0.673873
0.619551
0.674431
-4.0296
4.39925
2.3694
2.33509
7.06379
-4.41868
8.63768
6.57422
-1.53635
-1.61531
-1.61662
1.79223
1.81784
6.29569
-2.31108
3.02711
2.95543
5.7711
-5.00832
-4.1813
-3.28783
4.87697
-3.77238
-3.74169
1.58129
1.54212
-3.63123
3.65852
-4.0358
-1.93239
-3.02449
-2.88781
2.88959
3.02958
1.38122
-5.62727
1.9106
-2.2681
-2.17524
-2.27643
-2.27816
1.31682
2.89087
2.91292
2.86712
-3.18145
0.229685
-0.980912
-0.936705
-0.423841
0.990844
1.19309
-5.8456
-4.59095
-4.82046
0.292162
0.31302
0.368657
1.35722
1.8091
1.82322
-0.287851
-0.110797
-0.195072
-0.425913
-0.469641
-0.402574
-1.79325
-1.78453
-1.71387
-1.76231
-1.6777
-1.67304
-1.78633
4.58572
3.34975
3.20406
-1.24678
-1.25932
0.324519
3.36582
3.28718
-4.00779
4.29395
0.461966
0.480535
0.381294
-6.29101
-0.901072
-0.894665
-0.72412
-0.783659
-0.866147
-2.80042
-2.83877
-2.77713
0.0944529
5.49939
1.29869
-7.07669
-3.1842
-4.40649
1.94542
2.25339
-4.29501
3.0609
3.12074
-4.37446
2.16225
2.19238
2.64246
2.6064
0.330879
-3.00727
-3.01009
3.18895
-0.456773
-0.589193
0.103002
4.94809
-0.214931
-0.271653
-0.239849
-0.222012
-0.329151
-0.356611
5.36924
-5.1609
-3.15235
-6.31666
-0.154568
-0.23147
-0.242068
-5.23346
-1.56688
-4.58521
1.88856
2.00787
2.05235
1.85409
1.87808
1.41552
1.23965
2.78936
-6.4109
4.16579
-5.71228
-4.00845
4.76669
3.52595
-0.0118587
-2.82059
-0.526362
3.22958
-3.12712
-3.12919
1.02593
-2.09858
-2.02585
-2.08511
-5.89308
-1.09508
-0.693137
0.232473
0.305677
0.346251
-0.738345
-0.818523
-3.01691
-0.11556
-0.17139
-3.75104
-3.59094
3.22652
-3.21327
-3.05924
-1.58063
4.37106
3.86956
0.826222
0.701281
0.807112
-4.99363
1.85123
1.70402
1.6896
0.305961
-5.89883
-2.91597
-4.06116
3.53919
-1.72292
-1.69194
-1.65824
-2.8227
-8.77973
6.91785
2.01659
2.0372
-4.43024
0.821254
0.679802
2.29222
7.13703
3.32355
-2.13887
-1.84
-1.90833
-2.06525
-5.08366
-0.211626
-0.288889
-0.127551
0.957863
0.99741
4.54719
4.51776
4.58818
-1.5578
1.55507
1.51022
1.42826
-1.80407
-1.82904
-1.78948
-1.79636
-1.88612
-4.449
3.66683
2.24146
-2.69827
3.38867
2.32622
2.32104
-4.35615
-5.11249
-3.77438
-5.14086
4.63868
-3.85817
-5.40902
3.45111
-8.34117
1.65399
-4.29878
1.77468
-0.612938
0.556081
0.881312
1.39235
0.774559
0.646516
-1.08316
-1.19058
2.64546
2.53882
2.75356
2.62475
6.79334
2.09724
2.00619
2.78187
7.01994
2.59943
2.5354
-2.82797
3.81535
3.95192
0.349905
0.258076
-5.09508
4.01956
0.182121
0.202149
7.42113
2.80129
2.8362
5.65091
-0.142476
-0.27344
8.03366
-1.38264
-1.43335
-1.49009
-1.62299
1.438
4.35854
0.924477
0.914292
0.957101
3.92892
0.946604
0.886181
-0.346453
-0.0667616
-0.313036
-0.29361
-0.231636
-0.265319
-0.270923
-0.252356
-0.213441
-0.209357
-0.158065
0.434686
0.517063
0.400641
0.39954
0.422159
0.451651
0.415241
0.591399
0.499866
0.606242
0.458592
0.525981
0.490547
0.494936
0.469253
0.369476
0.47842
0.503094
1.79911
1.7112
-2.38398
-2.37855
-2.21407
-2.28275
-2.38753
-2.3367
-2.36649
-2.27147
-2.39132
0.639813
-0.41131
-0.519455
-0.526703
-0.477871
-1.01773
-1.0139
-1.13959
-0.949126
-1.26326
2.81617
6.05205
3.05382
0.141975
0.28108
0.539053
-0.0101013
-1.12281
5.41028
-0.222517
-0.115553
-0.291341
-0.161448
0.0105724
-0.998498
-0.998277
-0.743826
2.04887
-1.4283
-1.22502
-1.27015
-8.54453
3.53683
3.41625
-5.15523
0.124883
3.97256
5.56483
-3.48187
2.5671
2.48836
2.45512
2.60019
-2.2295
-2.23498
5.34938
2.07257
3.37546
3.35686
-0.56384
-0.742318
-0.781765
-0.636173
-0.61319
-0.597092
-0.583944
-0.616435
-2.76612
-2.79336
-2.53965
2.89756
2.75162
2.86912
2.83672
-2.05684
0.0572663
0.109579
-4.93068
0.388016
0.361683
1.92332
0.84624
-0.211813
4.5751
-4.08408
-0.637866
0.320104
-2.93055
3.87321
-5.74602
7.54475
5.44313
4.09299
-3.02737
1.84877
1.85784
1.82229
1.7021
2.67759
1.74147
-9.17631
4.02532
-0.452391
-0.382976
-0.458919
-0.442699
-0.517954
-0.268617
-0.308431
-0.287115
-0.162318
-0.298761
1.66324
1.60526
1.6251
1.65863
1.68204
4.47609
5.03219
0.363059
0.381042
0.2531
0.405449
0.319615
0.289153
0.363571
-3.85422
-3.53505
-1.07624
-1.07322
-1.04679
-1.05553
-1.06398
4.66091
-0.945788
-0.253909
-0.185281
-5.19386
-0.020509
0.0479597
2.84343
3.61394
3.56101
3.84766
7.28332
-6.54211
5.19378
-3.03379
-6.09301
-4.56558
2.49134
2.8414
2.95724
3.07862
2.93282
2.76544
2.85641
3.0969
3.17373
3.06245
3.0886
-0.0665981
3.98935
2.52668
2.57679
2.53598
2.61626
0.345664
0.27518
1.38921
-5.34734
-1.48669
-1.47627
-5.66513
-3.96083
-2.17198
0.319745
0.323587
-5.33321
2.08918
2.0609
-6.79492
2.82381
4.63464
-1.00805
3.3502
3.26054
-0.657073
-0.652964
0.824961
0.774602
0.629049
4.06435
3.98174
4.07637
-1.28883
-1.14296
-1.13455
-1.13267
-1.0413
-0.0369232
0.0430488
-3.46181
-2.80414
3.96138
0.604047
3.87962
0.606603
0.593282
0.532115
6.10117
0.350603
0.46676
0.36751
0.434505
-4.13028
2.82817
-5.35571
-3.21498
-5.36071
-3.10895
4.52113
-4.61951
-4.43831
3.91108
-4.24811
3.14429
3.04084
5.65472
4.63376
-3.52334
-2.58132
0.633451
0.636625
-2.44771
1.80386
2.35723
2.13528
1.98456
2.07472
1.94211
-1.27342
3.56176
-3.87154
-3.82838
-3.93768
8.14092
1.56664
2.77858
0.0905315
0.87154
-4.64768
-0.438197
-0.411275
-0.424979
2.04582
-5.03854
-0.215572
-2.78036
-5.11371
-0.208891
1.13607
1.16011
1.18118
1.12009
1.79718
0.862441
0.827829
-5.51217
0.332462
0.283239
0.231343
0.161479
0.218297
0.21525
0.840015
0.826568
-2.92042
-1.82283
5.09649
-0.0549417
0.453594
-2.45545
-2.31671
-2.29481
-4.74357
3.30897
3.29914
6.11427
-4.8626
4.01223
1.30216
3.14313
4.28576
4.16176
-1.5418
-1.61617
-2.18439
-2.17013
-6.62744
-0.292058
-0.196369
-0.24614
2.98892
3.04186
3.02236
2.98328
2.28038
2.23656
-3.65166
-3.71245
2.37339
-4.0444
-2.05857
-1.96904
-2.06692
-3.17335
2.08276
1.3974
1.41942
1.47343
0.368927
-3.89811
-1.6124
-1.71613
-0.0577647
-0.00862907
0.0732386
5.07435
-1.55013
-1.68961
4.02808
0.783503
3.23404
3.19928
-4.96933
2.14755
2.24183
2.32183
-1.08352
-1.0891
3.42875
3.60434
-1.80357
-1.74641
-1.58644
-1.68317
-1.68883
-3.08544
-2.39632
-2.50299
-1.4317
0.585318
0.586379
0.239147
0.299631
2.77319
1.77824
1.80557
5.05815
-3.98514
-5.38652
-2.8397
-2.66638
0.0153967
0.0225237
-1.54652
1.81584
1.59975
1.54267
-2.79144
-2.92254
-2.93349
-7.95159
2.91226
2.80119
-3.10671
-3.02551
-2.978
-3.09121
5.81498
1.21094
1.27261
1.40041
1.38322
1.36451
6.23331
1.28206
-1.82964
-1.90168
2.95081
0.628109
0.601683
0.64047
5.30559
-0.987579
0.87755
0.782774
-4.46558
-2.7093
-2.49934
-2.08553
-1.99926
-2.08686
-2.05031
-1.92405
0.242004
0.368322
0.349364
-3.91768
0.725835
0.628516
0.818519
5.96709
-1.32065
-1.33767
-1.4578
-1.21142
1.34848
1.34226
1.39014
1.43326
1.44988
1.37148
1.38266
1.43453
1.26446
1.37085
1.32059
1.39048
0.524002
0.555766
-5.03252
2.02685
-3.31081
0.936008
0.913524
2.25103
-4.7137
-4.47302
-2.587
-1.57916
5.21511
-2.20233
-2.18284
3.49302
3.31701
-0.972579
-0.962928
-0.967461
-0.918619
-0.927387
-0.967408
0.086283
0.169849
-3.3562
3.93925
0.00655979
3.00232
-4.23962
5.82649
-2.47613
1.27351
1.15381
-3.27871
-5.4836
-4.84422
-3.3849
-3.77408
1.76574
1.81848
-4.30288
-4.26732
-4.32781
-5.37736
-5.36319
2.28977
2.32492
2.33923
2.30103
-1.91765
0.0224019
-0.105027
-0.12159
-0.142858
-0.126835
4.97444
1.06161
-4.21524
2.08991
2.05908
-2.23531
-2.16032
-2.23374
-2.16759
-2.20033
-8.54458
-0.0642078
-0.152695
1.88302
1.87148
1.99842
1.96581
3.50838
-3.46856
-3.43661
-2.76823
2.42906
2.6877
2.51073
1.206
-0.724818
-0.670357
-0.819876
-1.11422
-0.997133
-1.06343
-1.05132
-1.11834
1.44217
1.28261
1.32816
1.47805
1.39699
-0.927798
-0.838605
-0.78159
-0.962855
-0.843324
-0.862324
-0.856462
-0.849468
4.41845
-6.57019
-2.31762
-2.42783
0.68387
-4.66306
-2.49678
-2.6102
-2.51029
-2.53794
-2.58533
-4.49031
-4.39516
-0.439283
-1.37993
-1.29776
-1.35654
4.8187
3.15233
3.01126
1.6529
1.65496
1.56242
0.812445
0.78673
0.74985
-3.51579
-3.28439
2.98465
3.25569
-5.35135
-1.11411
-5.52652
-3.62545
-4.94288
-4.46011
-4.74049
-4.75264
-0.00168981
0.359784
0.298005
0.226775
0.333593
0.348685
0.176138
-7.46666
2.83742
2.64705
2.90347
2.8395
2.86276
2.84321
1.93683
1.98549
1.90045
1.87061
-1.82539
-1.80458
-1.91063
-1.88563
-1.73491
-1.7284
0.713054
3.07218
-3.85849
-3.94142
-2.83715
-2.87203
1.96318
4.69334
0.340313
0.385248
0.482122
0.486344
0.444238
1.42916
1.3038
1.26735
-1.11852
-1.31093
-1.27024
-0.503851
-2.09505
-2.15818
-2.15357
0.93001
4.22836
4.49989
1.90739
-2.97696
-2.98824
-3.06427
3.28356
5.86465
1.7059
1.85432
1.75961
1.63096
1.65092
1.64022
1.64185
1.55516
1.60863
1.70876
-2.95156
1.94595
-0.643379
-0.686009
-0.697657
-0.808367
-0.808317
-0.75618
-2.85914
3.78049
-3.61148
4.89758
0.392105
0.463036
0.577481
0.362513
-1.41761
-1.35373
-6.40644
-2.16783
-2.08701
1.67523
-2.10877
-2.13892
-2.066
5.53776
1.36123
2.45736
2.30933
-6.76467
-4.20125
2.03672
1.98642
-1.77477
2.10195
1.357
7.3026
-2.85954
1.57161
1.52928
-4.73894
-8.61521
0.955579
1.14062
1.14044
1.05595
1.02745
3.80777
3.36857
-4.95218
-4.88331
-0.207496
-5.40231
1.08082
1.15313
1.23701
3.21354
-0.0590423
-0.875762
-0.930882
-0.858649
5.78133
-4.27222
4.33731
0.0736602
0.106065
0.161492
0.0711804
-0.0714542
-0.020497
-0.130289
-0.504446
5.25817
-0.311689
-6.5976
2.10264
2.13233
-1.73847
-1.97879
-5.74729
-2.88176
-1.4318
-1.2046
-1.21635
1.65527
6.22714
3.0842
3.10621
-0.596942
1.98661
-0.477889
-0.454349
1.18797
1.23896
1.25284
1.29161
1.24506
1.24886
1.34916
1.33513
1.38957
-2.20493
-3.97582
-2.42459
-2.42245
-2.23015
-2.25822
-0.742927
-0.710288
-0.70724
-1.79526
-1.81312
-1.80057
-1.41957
-1.58368
0.102146
0.132938
5.77885
-5.00795
-0.47916
-0.401185
1.06554
-4.02057
-3.67927
5.45266
6.30095
-2.53947
-5.00417
-3.05291
3.36413
3.32332
3.41464
3.48594
-1.93122
-5.12532
4.06353
-4.6532
2.70809
2.65505
-2.20147
-2.22232
-2.28578
-2.28394
-4.35276
-4.34341
0.155299
-0.0495639
-0.0299391
0.127316
0.17835
0.220779
0.122419
-0.0356863
-0.0145574
0.108337
0.152104
-6.24685
-0.241059
4.95209
4.92412
0.704808
0.703234
0.724935
-0.155452
-0.215463
4.76457
-5.10583
3.70872
3.61917
-2.25808
-2.32698
0.879876
0.955645
5.15002
-7.04824
-0.108153
-0.0476772
-0.0368072
-0.161857
-0.116927
-4.43042
-0.031351
-0.012718
0.0232254
0.0377234
-3.52048
-3.09802
-3.23813
-2.17912
-2.18321
-2.17573
2.67748
4.0392
2.64103
-0.699517
-0.801565
-0.801633
-0.828714
-1.78824
0.69036
0.620439
-0.88467
-0.813381
-8.61955
-0.703823
-0.623151
3.2986
-5.68966
6.36832
1.57768
2.42902
-6.31484
-3.92894
-1.04725
-1.07135
-1.09627
-1.14321
-1.11935
-1.11723
3.24949
-5.9805
0.500929
-3.96567
-2.9174
-2.76581
4.07624
2.5919
2.56382
0.372809
0.452035
0.451939
-3.89449
-3.89827
-3.78641
0.936686
0.910394
0.917853
0.791715
0.911213
-2.80718
-2.78341
-2.8356
-3.76937
-3.90319
3.5501
0.391873
0.497249
0.451674
-3.26482
-3.37088
-1.90575
-1.88336
-1.84493
-1.89545
-0.818691
-0.893351
-0.933071
-0.864934
4.74463
0.0680042
-4.5803
5.2843
-1.32973
-1.01063
-0.949545
-1.01833
-0.992176
3.11505
3.26809
3.20683
3.27776
3.53995
1.31961
1.3398
1.24273
-1.24532
0.956833
0.998851
4.62708
-0.503213
-0.759836
-7.38847
0.290255
0.150332
0.191637
0.179244
1.41662
-5.45797
-3.50961
3.35401
-1.11507
-1.04792
-1.00088
-0.996423
-1.07094
-0.768227
-2.56954
-2.62793
-2.47568
-2.51869
-2.59002
5.30585
-3.9447
-5.17569
0.372688
5.6822
1.04371
1.11207
1.12951
1.05803
1.46748
1.45564
5.02886
-0.408475
-1.34301
-1.45794
-0.620122
-0.679197
0.740446
0.898888
-0.03074
-0.0989099
-0.0713197
-0.0814625
3.07096
-6.24199
2.07241
2.05323
1.93362
1.87087
2.16078
2.15248
2.13672
-5.08786
0.686063
0.6597
0.732673
-0.0185198
-0.0149944
0.00874416
-0.0537526
-0.0235148
-0.0609334
-0.0684433
-3.32847
-3.26209
-3.37029
1.29433
6.67694
-2.97831
-3.03217
2.08754
-3.61152
2.34762
2.38228
2.19287
2.1337
-4.46856
3.05038
3.02962
-4.41091
1.63566
1.63683
-7.41996
0.739185
0.760247
0.850079
0.935705
0.871939
0.986523
0.738647
-2.16664
3.11385
-3.4549
-1.87898
-1.85326
5.80252
-5.44548
1.56147
1.56564
1.45396
1.51203
1.3811
1.52856
1.47965
1.18772
-2.20902
-2.7074
3.3871
3.45274
-0.958253
-1.00589
-1.05291
-1.0857
-1.12448
-1.13478
2.21168
2.25243
-1.28365
-1.34548
-1.36148
4.4852
7.57221
0.445302
0.586268
-0.850118
-0.697597
-0.707481
-0.729749
-0.661966
-0.669191
-0.633065
1.44208
-0.556956
-0.559152
-0.59153
0.640685
0.688306
-6.48009
-4.03333
1.51294
1.53069
2.96093
-1.12955
-1.21009
-1.30164
-1.33539
-1.26447
-1.23047
-1.31062
-1.2852
-1.37374
-1.36898
-1.34444
-1.3444
-1.33747
-1.42596
-1.41002
-1.40428
-1.27301
3.18563
1.59419
2.95435
6.56007
-2.44912
4.15958
0.927933
0.802315
0.896318
0.624287
0.729885
0.751467
-2.63127
-2.562
0.722765
0.632048
4.57841
-6.45052
3.35602
3.40641
3.37911
-2.55433
0.815967
0.796687
-3.15868
-3.04074
4.79158
3.69548
3.74317
3.79434
-4.91388
-3.81712
3.39209
-1.49927
-1.70907
-1.78069
-1.76971
-1.79624
-0.848839
4.73216
0.397203
0.426127
-1.74412
-0.745306
-0.751393
0.921281
0.86016
4.75295
2.19825
-4.59797
-3.23048
-5.30995
5.37622
-2.06803
-1.91917
5.31489
3.21301
5.81215
0.126733
1.10182
-3.08426
3.22693
-2.98023
-1.03133
3.86146
5.17494
-4.60282
0.503535
6.76487
3.12244
-3.06328
-4.1856
0.602496
-0.228707
1.01768
1.04207
0.775655
0.744638
2.62941
0.0947235
0.148588
-0.121657
0.0706047
-4.1147
-4.05479
-3.90197
7.76222
-3.87828
-4.77402
3.32229
3.01305
3.0941
3.04404
3.18538
3.15191
-2.11266
3.18438
3.10209
2.9896
-1.069
1.6328
1.61356
-0.912209
0.931026
0.916074
0.858238
-2.66454
-2.81033
-2.86654
-4.38617
-1.9009
-3.54971
-1.75441
-1.69952
-5.42058
4.2171
1.59744
1.77686
1.77012
2.36555
2.32626
2.49324
2.40826
2.41492
2.38188
-1.05856
-0.91772
4.31763
-5.32974
3.99724
4.07931
1.31765
1.15769
1.2182
1.1807
1.25623
1.28499
1.29568
1.20766
-4.31357
-8.58076
1.4775
1.49464
1.43335
1.50034
1.76777
1.47398
0.332902
0.266165
-4.59478
-0.258368
-0.251353
-1.29118
-1.27938
-1.34047
0.232539
-5.62306
-3.02305
-3.04285
3.55108
2.81891
-0.850745
-0.881493
0.641724
2.54366
-1.75387
0.749974
0.724221
4.96542
2.4697
0.378878
0.476704
-2.31419
-2.15485
-2.26584
-2.20794
-2.41408
-2.39353
-2.3962
-2.31873
-2.24407
-2.27796
5.81169
6.34434
0.0869064
0.00843503
-4.27079
-2.16238
-2.18096
0.661691
0.800037
0.7519
0.789111
0.77218
0.772216
-3.64387
-1.13737
-1.0709
-1.13073
-1.09175
-1.13994
-0.809866
-1.01725
8.19933
-1.88283
-1.87775
-3.84282
1.16569
1.15667
1.13308
1.20802
2.71735
2.55698
2.57175
2.64259
-2.37244
-2.53811
-0.31338
-0.34415
-0.232822
-0.251186
-0.303076
-0.405574
-0.406736
-0.41528
-0.45757
-0.420762
6.02982
5.10117
5.01623
-0.428009
-0.344101
-1.1365
-2.34377
-2.13707
-2.12905
-2.12809
-2.2031
-2.10221
-1.81821
4.31482
-4.42611
-1.55315
-0.25639
-7.00883
-2.62523
-2.42643
-2.43123
-2.47175
5.24946
-1.10564
-1.12869
-1.12551
1.04424
1.06812
1.05294
2.63671
5.7215
-1.58005
-1.64809
4.24417
-8.31797
3.20966
1.91345
3.6309
6.63139
-0.404317
-0.24387
-0.292273
-0.25286
-0.0659152
-0.236344
-0.314555
-0.267917
-0.244803
3.64406
2.68242
-3.64348
-1.08969
4.95816
-1.28714
-1.24517
-4.17746
-0.857536
-1.02438
0.181234
-0.906438
-0.882662
4.14676
-2.24429
-2.20393
1.73465
-0.138485
-0.178243
0.193617
-4.42718
-4.50135
-1.74215
0.76322
0.719511
0.669624
0.585424
0.638871
8.51859
1.21705
1.09133
0.176021
0.214649
0.212798
0.28863
0.235574
0.18002
0.171301
0.201843
-3.12784
3.02875
3.12279
3.7799
-3.45806
-4.11082
3.35446
5.92761
-1.79436
-1.71987
-1.75933
-1.6951
-1.53594
-2.28206
-2.40416
-4.7011
-4.5704
-0.847344
-0.860261
-0.882495
-1.3669
-1.34779
-1.18848
-1.25089
-1.29276
-0.0584535
-0.116662
0.0885603
0.00161395
0.0312181
0.0312281
-0.00997287
0.0585052
-0.0731607
-0.162426
3.64141
-3.68736
-1.99103
-1.96236
-1.41419
-1.5192
-1.26932
-1.4551
0.869939
1.08512
0.979716
-2.8017
-2.74435
-4.35678
2.88004
1.26686
1.22145
6.03991
-2.82883
3.69123
3.51015
3.6162
-3.50221
-2.44119
-2.46197
1.69137
3.7913
0.371227
-3.99692
-4.40087
-0.142358
-0.160689
-0.213797
-0.105563
-0.137856
-0.247479
-0.244881
-1.87726
0.62713
1.30581
1.28477
3.61512
-6.49092
-0.135631
3.80276
-4.77072
1.42985
0.303253
0.305742
0.236196
0.304608
6.10062
4.67121
-2.37822
-2.30828
-2.38655
-0.59867
-0.822182
-0.675728
-0.581273
4.81051
-3.39543
-4.39139
-0.51275
-6.19645
5.1326
-1.875
-5.50678
-7.83236
-6.87753
1.0192
-3.9913
6.23122
-1.34844
-1.47456
-2.88985
-2.88015
-2.82309
-3.01312
-2.82165
4.03458
-5.37371
-0.0823611
-0.165634
2.36098
4.79884
0.104096
-0.0233314
0.170687
2.90964
0.723155
0.712203
0.597739
0.582493
1.60099
1.19151
1.08969
-1.1149
-1.1727
-1.15274
-1.28539
-1.21902
-1.24991
-1.12828
-1.12475
-1.27265
-1.25193
-1.28098
-1.14374
-1.14807
-0.961364
-5.79817
-3.8755
2.38308
2.37136
6.672
-3.61972
-1.68012
-1.58969
-1.79265
-4.32936
-4.31509
8.33905
2.56001
2.53868
2.68185
8.41582
-0.816279
-0.754192
-0.711683
-0.854219
-0.842993
-0.90176
-0.794583
-1.23884
-1.21747
-1.21665
-1.21835
-1.14609
-1.13514
-1.17524
-1.15835
-1.10486
-1.16307
-1.1768
3.80253
-4.04905
-3.40101
-4.37247
0.991795
0.185014
0.19241
4.35204
2.5643
3.09638
-1.23714
5.51722
2.62853
-2.87317
-2.82538
-2.85824
-2.93836
4.04969
3.43453
-5.23374
-4.40106
-4.15079
-4.20813
-2.61787
-2.61817
-2.60727
-2.55072
-1.60138
-1.64336
0.656523
0.622535
0.518688
0.456984
-6.11955
-2.94935
-6.1391
5.50128
-2.52283
-0.360268
-0.229203
-0.220962
-0.133485
-0.199488
-5.56007
-2.99794
2.92751
2.93608
-4.06627
-3.98807
4.37225
0.712832
0.706548
0.476604
0.65458
0.723975
0.602292
-0.191786
-0.137293
-0.198965
-0.22355
-0.151908
-0.130085
-0.21832
-0.362486
-0.288225
-0.293848
-1.40802
-1.43843
1.57926
0.440604
0.31255
0.323871
0.376603
0.488342
0.532273
0.472597
0.475213
0.477115
0.438262
3.16278
3.28003
3.38131
1.71893
-4.78048
4.19679
2.93064
2.91455
2.86884
2.83031
2.93867
-2.70555
-2.74886
-5.79458
-4.05739
4.63347
3.84076
3.93867
2.84403
-4.71897
-2.43577
-2.50351
-7.71517
-3.41269
-1.31619
-1.28792
-1.21054
-3.20329
-0.138149
7.19195
-9.91791
2.20425
2.12747
-4.35371
4.24253
2.56864
2.38136
3.12373
-1.47636
-1.4614
-1.49518
5.41197
-3.93596
-2.23479
1.98018
2.02583
1.96067
2.52519
-4.52876
3.77938
4.84432
0.0504837
2.82243
3.05455
-2.0686
-2.06113
0.898457
0.873503
0.816023
0.924483
0.940868
0.877255
0.866373
-2.74352
5.92917
-1.83005
-1.9399
-1.69584
-1.82631
-1.90466
-1.85441
-1.84074
2.20553
3.54865
3.23864
3.30238
-0.0234504
-0.165327
-0.136133
-0.249328
-0.646291
2.23371
2.21041
0.47035
0.434112
0.511738
0.6148
0.488197
0.50047
0.608981
-3.61912
1.68296
-0.576033
3.50984
-1.64467
-2.56917
-2.52255
-2.57875
-2.54107
-2.51178
-3.75266
-3.76279
5.51775
4.81549
-5.27686
-2.64253
1.02892
4.20505
2.39911
2.37237
6.12853
0.849415
0.886088
-4.96248
-3.52866
4.52542
-5.20595
1.02875
1.05834
1.09938
1.14392
1.13443
-0.249883
-0.364351
-0.38761
-0.23855
-0.310507
-0.256319
2.58302
2.58292
-0.115036
-0.164691
-1.08204
-1.05177
-4.18277
4.62775
-2.8041
5.1015
-2.2871
-1.11538
-1.14437
6.2363
-2.79753
-2.82805
-2.85269
4.5889
-3.4011
6.60044
3.87817
2.13588
2.10356
-5.4609
0.219354
0.115964
0.188703
-1.00137
-1.04725
-1.18443
-1.12347
-1.20901
-1.22154
-1.18209
-1.15849
-1.14967
-3.85091
-3.65606
0.170064
0.191801
0.338675
0.323162
0.287566
0.191058
0.236268
5.56345
1.98486
-9.57243
-2.73819
4.20386
-0.621955
-0.657153
-0.600284
-1.01589
-1.01124
-0.990129
-0.214331
-0.199313
-0.270645
-0.280224
-0.283388
-6.35081
3.65085
1.86614
1.70398
5.35265
4.90205
-3.0152
-3.01224
-2.15955
6.59693
-2.89254
-2.90917
-5.12214
-7.31931
4.68261
3.73117
3.59549
2.7045
2.76234
2.67712
2.66727
2.64169
-5.38234
6.3957
1.63409
1.69052
1.86672
1.29799
-3.43051
-2.96197
-0.0560724
0.0153135
0.0127648
-0.0231304
-0.087945
-0.0682722
-0.0246343
0.00590556
5.44827
-1.80861
-1.82237
-1.86479
-1.95635
-1.90214
-8.41235
-0.699973
-0.764317
-0.655038
-0.6568
-0.708984
-0.740792
-2.03023
-1.9263
-1.93575
-0.0743341
0.85968
0.916531
0.84006
-2.595
-2.79337
-2.82948
-2.09043
0.00898708
0.0378031
0.0726642
0.13475
-0.00610434
0.00794827
0.0253788
-0.0395963
0.0537714
0.0483397
1.09217
1.06214
1.15762
1.06095
1.04441
0.963528
1.0717
2.16662
-4.27105
3.81781
-2.20628
2.68815
-2.1389
-2.09748
2.15319
2.35004
-3.22854
-3.0936
-6.16426
-4.34012
2.5539
-4.42715
-1.49265
1.41836
-0.152827
-0.225527
-0.210154
-0.124389
-3.43177
-3.21659
-2.08368
-2.27922
-2.29904
-1.14861
3.09037
4.10274
-0.852218
4.96666
5.00934
0.905081
0.822705
2.14095
2.18606
2.16014
-0.560965
-0.723613
-0.74882
-0.565669
4.85898
2.42896
0.821524
5.43933
-0.794369
-4.32522
-2.78166
-2.74518
0.189708
0.460403
0.416429
0.23937
0.286815
4.59464
-0.485211
0.926403
0.978548
0.998778
1.00769
-5.01121
-3.29126
-4.61692
2.56354
0.122625
-0.0341416
0.0452242
0.0371161
0.0654827
-6.22191
-6.21759
0.364926
0.236132
0.288459
-3.4282
7.49428
2.17257
2.16435
2.20017
-2.459
-2.39223
-2.43691
-4.6708
3.8886
3.81049
6.83298
-3.42338
-2.66402
-0.739245
-0.697955
-0.79985
-0.813263
-0.864637
-0.687024
-0.705099
-2.78895
-3.76059
-1.3216
-1.4223
1.78954
1.71019
1.63447
0.348272
0.279308
0.354866
-2.94798
1.56672
6.83687
-2.88407
1.93117
1.57761
1.66967
1.60244
-2.34862
-3.26224
2.84533
4.29398
-2.86556
-2.74001
-4.41594
1.52854
3.42023
3.36625
1.39319
2.914
-3.94521
-3.83761
-4.00965
-0.267072
-0.299575
-2.90889
-1.67064
-1.5679
-1.59605
-1.52044
-1.57951
-1.56376
-1.57164
-1.47051
-1.47504
-0.403514
-1.47385
-5.10155
-3.94446
-4.05416
-6.89528
0.735204
5.09509
-0.529299
3.86648
2.70923
2.64121
2.69832
0.679243
0.598732
0.693083
0.625034
0.618841
3.94957
3.98605
3.91801
3.81681
-2.94047
-1.82139
-1.78009
-1.63301
-1.84501
-1.73083
-3.91286
-3.93101
-3.8651
5.00601
-2.02409
-3.12462
5.80797
6.52086
5.38986
-0.154656
-0.134681
5.55003
-0.365729
-0.329387
-0.312589
-0.284388
-2.48136
-0.435354
-0.47713
-0.468464
-0.385917
-0.345943
-0.312812
-0.368863
-0.409598
-2.44727
-2.27108
-0.470873
-1.04273
-2.9891
-4.84378
-6.55883
2.05953
2.15882
-2.13115
3.18833
2.54616
-2.54473
-2.51706
2.97566
5.66356
1.85875
1.19565
1.20585
1.33086
1.3697
-1.36193
1.93756
1.9116
1.96048
1.88818
1.89684
7.35703
2.81635
3.94417
4.03709
5.0659
-2.106
-2.2892
-1.06654
-0.271981
-0.344601
-0.413309
-0.400333
0.139521
0.075597
4.21419
-1.64054
-1.69387
1.00136
0.972072
1.03389
0.942811
0.991988
-1.5679
-1.477
3.88831
-0.570394
-0.589458
-0.62398
1.69509
1.56381
-1.51346
-3.09791
-1.95226
-6.13087
-1.47821
-4.4575
5.27132
-1.82294
-1.76833
-1.86598
4.1688
4.31685
3.52231
3.51225
-0.917839
-1.01131
4.34254
0.0848553
5.66983
0.709529
0.617087
0.671295
0.662005
0.697104
3.55599
1.36132
-2.2728
-2.34281
4.42359
4.2509
-1.57626
-1.54757
0.247025
0.28211
0.317363
0.171744
2.37202
1.05414
1.11383
-1.71688
-1.68254
-1.68762
-1.59372
-1.5597
-1.76999
-2.16601
2.12796
2.17103
2.12926
2.07241
1.82761
2.08294
0.748043
-6.19733
-4.71526
-4.98639
5.16117
-1.23631
-6.13395
1.68051
1.58506
-3.73871
-7.88821
5.81666
-4.00115
-4.11318
-3.84608
5.35877
5.3377
3.47951
3.48468
3.22891
3.16205
3.17383
4.10538
-1.50683
-1.44897
3.48721
-4.25446
4.47287
4.42716
-4.17386
4.43605
-3.1672
6.31814
2.86557
-1.60092
0.551638
0.575766
0.508469
0.472002
0.50426
0.449158
0.61624
0.304211
-3.6415
6.51598
-0.189578
-0.18346
-0.185604
-0.10601
-0.321949
6.11395
9.75909
-6.03032
-1.56801
1.79639
-4.31229
1.3476
1.3788
-4.34526
2.7523
2.61025
2.93922
3.69014
-4.77344
-4.85121
-4.44917
-3.60251
5.34936
-1.29224
1.24054
-3.99544
-0.0816369
-0.0614415
-0.0371612
1.59958
-4.68341
6.179
-0.605955
5.21575
-0.866507
1.71056
1.59816
2.76433
2.63399
-0.0909658
-0.0846936
1.62341
1.60195
-4.05939
5.10133
1.92639
1.99031
-0.185992
-0.137363
-6.1694
3.88647
-2.09638
-2.11323
-6.69017
0.951079
-4.55702
0.611521
0.560743
0.7349
2.13938
2.15926
-1.45037
-1.54937
-1.46708
3.62465
3.53517
-1.09432
-4.041
4.63207
-3.39065
-4.3888
-4.51094
2.71779
4.06539
3.52563
5.23729
-1.2435
-1.2373
4.79884
-2.66923
-2.86533
3.37705
0.756078
0.726413
-3.84747
-0.650369
2.80076
-4.37774
-4.5116
1.41097
2.42344
-2.98243
2.04252
2.05172
-2.9993
-3.04992
-3.59329
-3.67194
-1.8534
-2.85964
1.79776
-3.26479
3.61209
4.56771
-1.50759
2.27492
2.15075
-3.18645
0.79065
0.780531
3.88231
3.339
-2.89543
-2.70359
-3.39802
4.60121
4.77195
-3.7482
0.645072
0.77644
6.56617
3.56111
-3.44092
-3.50816
-3.50505
-3.42972
-1.39678
-5.83251
-2.20047
-2.26376
-2.27052
4.97222
-4.22387
-5.22533
1.19728
1.17629
1.15375
1.46273
1.48764
1.51787
-0.233261
-5.00882
-5.76568
0.78071
0.719586
0.780123
-4.32451
-5.18251
5.88817
5.78209
3.53648
-1.83398
-1.92162
-2.02707
3.06375
3.11857
2.95883
-2.26518
1.88765
-0.730201
-0.710004
-0.699498
-0.643608
-0.61319
-0.649867
-0.362596
-0.414915
-0.317763
-0.436714
-0.301565
-0.305395
2.15493
2.13906
2.05512
-0.618893
-0.630586
-0.640602
-0.605795
-0.687345
2.52225
-3.54255
0.50239
-3.50507
1.47085
1.30306
1.36838
6.15421
-2.56917
6.34998
0.246167
0.24525
0.335193
0.234116
0.230528
0.36991
0.393395
0.307136
0.329154
0.277769
-2.47817
0.535032
0.417179
0.433994
0.509942
0.534052
0.549888
0.526952
0.568477
0.406152
0.47941
0.493735
0.49675
0.388988
0.535665
0.472415
0.471374
0.421485
0.424874
0.483109
0.572895
-5.14299
-0.423467
-0.357581
-0.308811
-0.33062
-2.42521
-2.59662
-1.45417
-1.47819
-1.49403
-1.088
-1.21242
-1.75491
-1.91792
-1.85193
-7.88402
4.68783
-0.292026
4.51114
1.29378
-1.05493
-1.0078
-6.69305
-4.24022
9.01624
1.29094
4.25656
-3.61555
1.15278
0.889187
0.939135
1.06275
1.11622
4.29575
1.30099
1.20638
0.921386
2.67996
3.27165
3.07833
3.12809
0.0828967
0.922996
0.900388
-0.741834
-2.53318
-2.52431
-2.4874
-2.4509
-0.16538
6.68269
-2.12181
4.32644
6.44429
5.01422
5.22655
-0.270854
-0.254309
-0.402774
-6.59238
-2.14257
-2.23788
-2.22539
6.93475
-0.791959
-0.811725
-0.76734
-0.610106
-1.24424
2.58262
2.38525
2.3602
0.220673
0.0440202
1.98294
1.91089
-3.97755
-4.04234
-5.67788
2.44706
7.07376
-2.24725
-2.24671
-2.28428
-2.21274
1.50591
-8.66165
-0.501894
-0.419022
-0.428087
-0.575849
-0.50165
-0.556853
-0.485647
-0.289133
-0.426674
-0.486184
-0.379877
4.05478
4.16844
4.28706
-5.66204
-5.49725
-0.25409
-0.367428
0.0778252
-3.78461
-2.98904
-2.90839
-2.84303
1.28962
-1.92093
-2.03627
-2.00953
-2.14211
3.45975
-0.142226
2.85529
2.89169
2.88217
2.90772
-2.77142
3.47026
0.937419
0.855392
0.804152
0.922439
4.27312
-0.954257
-3.40353
0.949147
0.979133
3.06133
3.70333
3.64681
-1.7017
-1.66823
-1.70039
-0.58589
-0.568768
-0.588205
-0.569685
1.69904
-1.65962
-6.75718
2.54364
-3.98786
-1.50874
-1.5514
0.0635728
4.60135
-2.86246
0.293103
0.440937
0.425812
-2.0238
-1.92149
-1.90109
-1.38945
-1.46365
-1.37193
-1.37186
-1.41796
-1.66689
-1.69913
-1.67366
-1.67913
-1.85732
-1.78613
-1.85794
4.10946
4.04422
-2.25754
-0.872998
-0.927554
-0.929104
-0.794033
-0.865948
-3.24857
-3.31393
0.570766
0.600968
-4.24491
4.24802
4.17238
4.85088
-4.71685
-4.69124
2.16233
-2.66951
4.22483
4.21932
2.45359
2.39878
2.35897
-4.9645
2.01306
-2.75395
-2.75702
-5.73667
8.13518
-0.85228
-3.08093
-2.59225
-6.0502
3.10986
7.92262
-6.44484
2.5364
-2.01225
3.32893
-1.555
-1.56025
0.191524
0.135213
0.156618
0.0834512
0.0468339
0.0771955
0.441095
-5.48118
-3.26191
3.45644
3.54099
2.36653
2.55676
2.41435
3.06065
3.05373
3.00835
-3.62652
-3.79291
0.928894
1.98898
-0.732965
-2.4994
-2.72373
3.4649
3.60399
-1.07438
-0.955483
-0.991096
-1.07642
6.1898
2.26233
2.18609
-0.372456
-0.517383
-3.2788
0.823061
0.767677
0.779324
0.796136
0.767838
0.740453
0.833295
0.803934
1.54738
7.54743
4.67631
-3.93747
-5.96978
-2.45086
-2.59781
5.1612
-3.65536
-5.57092
5.05888
1.24157
-1.83738
-2.76095
-2.65938
-2.55476
-1.99678
-2.0988
-1.30696
-1.19593
-1.5279
-1.5182
-1.53262
-5.96269
-0.675347
3.7742
3.04823
1.12647
-5.64379
4.12694
-0.0469088
-0.170044
2.20572
-5.04325
2.89145
1.4076
1.65974
1.64073
1.37129
1.46416
-2.23742
0.756128
-2.0691
-6.79347
-2.79863
-2.85461
-4.79221
-4.79973
5.76335
1.62884
1.59926
0.702813
0.713127
-1.342
2.8049
2.69918
4.757
-5.40288
0.777626
0.647634
0.796537
0.842921
-2.4744
-2.54504
5.03099
5.81362
-1.4222
0.543616
0.57609
4.01078
7.69489
-2.62029
-2.71709
-4.57574
3.22822
-0.311343
-0.286315
-0.281953
-0.291845
-0.272467
-0.199808
-0.202447
-0.212003
-0.233365
0.00898847
-0.151896
-0.142794
-0.0933942
-0.297506
-0.209501
-0.245872
-0.432913
-0.417736
-0.442878
2.04555
1.37186
1.53406
1.25076
1.39997
0.366699
4.91374
3.33479
5.26916
-6.31021
-2.98544
3.2571
-0.23716
-0.327821
-3.70705
-1.93211
-2.01029
2.66915
2.49442
-2.43927
1.95094
-2.67797
-2.63818
-2.57326
-2.58574
1.15021
1.19508
-3.32741
0.981969
5.74305
-2.50836
-6.10445
-3.39223
2.03873
6.66434
5.85712
-3.39504
-1.42323
0.0563316
-0.103731
-1.71631
-1.68717
2.03554
2.89353
3.09809
-1.48532
-1.34347
-1.39226
-1.25553
-1.22862
4.49588
0.439181
0.541106
0.461534
0.399741
0.484636
0.644011
3.1432
-0.193661
-0.32664
-0.385719
-0.313418
-0.501378
2.61169
-0.392369
-0.296832
-0.377842
-0.4477
-0.32758
2.65642
3.81783
-5.54996
2.03934
1.32787
1.27592
1.36831
0.896442
3.34881
3.38334
-0.715367
-0.703483
-0.754165
3.57705
3.59446
-3.87435
5.2826
-1.47019
-1.36432
-1.5381
-1.47508
-1.69842
1.42393
1.51066
6.89553
2.10238
0.812089
-5.78154
3.03881
2.93468
3.10098
3.13549
2.96141
2.92917
-0.338503
-0.285255
-0.232873
-7.42889
5.48341
-0.571467
0.873768
0.874511
0.711168
0.792243
5.77467
-4.6613
-2.786
-2.74561
-7.76733
-2.12537
3.4047
-0.718555
-0.699667
-0.726481
1.22694
1.20659
1.41298
1.28308
2.8195
2.95113
-0.897498
3.12755
-4.12083
-3.97366
4.00623
6.55109
0.119729
5.14278
1.56063
1.54296
-1.80524
4.32868
-3.76626
-3.74167
-0.532024
-0.60463
3.77281
3.87766
1.68053
1.68299
1.53513
1.42538
1.45514
4.74781
5.8724
1.34985
1.39223
1.63579
1.44548
1.31209
3.36805
-2.43017
-2.55476
2.20961
2.67726
3.10019
-1.95831
0.23247
-7.444
-2.77197
-5.10998
5.05236
-3.82902
1.47755
1.49114
1.42236
0.575604
0.465032
0.382758
0.424696
0.530739
0.545875
0.459486
-1.25939
-1.28171
-1.23993
-1.18105
-1.25604
4.09964
-5.35714
-3.01787
-3.11482
-2.31893
-2.20697
-2.3064
-2.30561
-2.22891
-2.35132
-0.086066
-0.0801528
-3.55982
-5.15511
3.37153
3.28228
3.33925
-3.41372
-2.48225
0.380626
0.468197
0.563703
0.493348
0.440384
0.540876
9.75906
-0.0758468
-0.146632
-0.0833768
-4.5718
3.6337
6.85645
1.38534
2.20968
2.13518
4.58271
-1.15306
1.0324
-3.79097
-3.31516
-4.7356
-4.65674
-3.7313
-3.72116
-4.80785
0.223079
0.136509
-2.66906
-3.05383
-3.13334
-4.03353
0.558131
2.35042
5.34688
-0.61024
0.43096
0.817397
6.59971
-6.05909
-3.48317
-0.182645
-0.230933
2.49859
1.89319
1.2273
1.21746
-4.31958
2.16135
2.1326
-2.03054
-2.02045
-1.90155
-1.92796
-1.9438
-1.97271
3.04883
1.89655
1.97046
1.96882
-5.33326
6.5164
6.36254
0.257414
0.425473
0.418763
3.81892
5.62733
1.48916
1.52769
3.30629
3.23009
3.40335
-4.02003
1.67449
1.78487
-2.7405
5.06956
-0.783272
-0.792314
2.56284
-4.4789
-5.32188
2.68028
-3.92424
-2.1048
-2.16696
-2.15888
6.93277
1.69889
2.54424
-0.246271
4.1742
4.16291
-2.46947
-0.169231
-0.152254
2.92369
2.97103
-2.66637
-2.62538
-2.97421
5.97107
-4.52963
-3.23938
-3.34594
-1.25883
-1.1894
-1.30375
-1.24731
-7.16096
-0.855889
-0.820729
6.63669
2.55263
5.7114
2.15956
2.28604
-2.36013
-2.45059
-4.442
-5.09162
-5.20186
6.08236
-2.33254
-4.47473
5.4032
0.847451
3.14325
-1.14935
-1.01474
-1.10327
-1.17607
-1.21549
-2.07123
-2.1165
-2.0296
-1.23605
-1.20635
-1.31716
-1.37033
-1.21941
-1.29817
1.12875
1.05934
1.02176
-4.33346
-1.59451
-1.58185
2.58299
2.67797
-0.74809
-0.799112
-2.31546
-2.24414
-2.37897
-2.45806
-2.43051
-2.51109
-2.61046
-2.56902
-2.98756
-1.27891
-1.1085
-1.10778
-1.07778
-6.45179
1.93322
2.12975
2.10576
2.05802
1.39879
7.12199
0.32847
0.454086
0.47293
0.49981
4.19365
6.30664
-3.93411
3.87691
0.815334
0.997412
1.06244
7.19059
-2.22784
0.238793
0.275505
0.204805
-5.41113
0.990756
0.824447
0.862008
0.86186
3.70964
5.98413
3.95604
3.86934
-1.92162
-2.20639
0.267516
5.11012
0.555524
0.589634
6.51606
-2.79875
0.0913371
2.37551
2.46024
-2.69886
-2.16195
-0.115508
-2.62248
-2.68519
5.04157
2.54825
-2.87332
1.24106
1.12939
-3.24383
-4.63394
-4.6403
-0.263805
4.91212
-5.23152
4.58959
2.32546
2.41293
-5.37704
1.57084
1.55398
-1.82481
-1.71984
2.92987
3.03332
3.0483
0.801511
0.892946
0.838593
1.95988
2.0713
1.94501
0.989925
0.950559
0.777774
0.800379
0.823629
0.862528
0.88443
0.729498
0.828235
-1.07071
-1.09629
-4.49096
-0.35617
3.47073
3.82125
3.79709
0.866344
1.0875
1.06195
-3.30392
-1.87281
2.51246
3.43033
-0.668485
-0.72581
-0.573719
-0.655951
-0.385029
-0.394343
-0.46072
-0.438633
-0.407972
-0.450516
-0.524284
-0.518835
-1.06731
-0.726808
2.89066
-3.20523
-3.90387
-7.02202
1.74251
1.88902
-3.02507
-3.09204
-1.57798
-1.54273
-1.52994
-1.669
-1.58322
-4.92146
-5.24344
-1.12328
-1.12819
2.71783
2.87018
-3.63072
5.09893
0.590285
-3.03904
-4.73263
-0.992653
-0.501201
-0.483825
5.56774
-4.38809
2.01873
5.95812
-5.01407
-3.13305
-1.98648
-1.96876
4.05636
4.01423
2.27566
2.11887
-4.022
-4.1528
1.40114
6.37693
2.66156
2.68123
-5.15009
3.34604
-2.0083
-2.10186
-1.66287
-2.59106
2.3702
2.49893
2.33389
4.72841
-6.99005
1.05522
3.90522
1.75211
-1.72721
-1.75939
-1.73175
-1.16215
0.506166
-4.44488
-3.97416
-4.08246
-0.226794
-0.223064
-0.0371029
7.34088
-4.85171
2.50731
2.40323
2.46417
2.44544
0.94732
-0.143487
-1.34958
7.87598
-3.29671
3.91345
4.18999
4.08429
4.67617
-3.18194
-3.42669
-4.92016
0.128218
-1.97201
-1.75402
-1.80904
1.4249
1.48233
1.47152
1.44917
1.39927
1.40346
5.60791
6.69034
0.492042
-2.01585
-1.52343
-1.37544
-1.45782
1.46322
1.20393
1.14704
1.16297
1.1676
1.15007
1.18073
1.31883
1.26999
1.69215
-3.63312
-3.69249
-3.78195
-1.76178
-1.69226
-0.520308
-0.571962
-0.617431
2.86151
0.841701
0.817478
0.945488
2.55585
2.55883
2.3698
2.59068
1.12877
1.11218
5.6139
5.15288
5.71169
-2.53371
-2.54926
-5.19318
-1.26076
-1.35036
-3.77822
-2.00445
-0.511755
6.63281
-5.44939
-2.12937
4.46283
3.22686
3.17159
-2.53047
0.0760464
0.0135451
0.108562
0.0405686
-1.41019
-1.39652
-1.4632
-1.43553
-3.90225
-3.78578
-3.25866
-3.45586
4.07736
-2.28436
-0.0100396
0.138932
0.114572
-2.10023
-2.08112
-2.68927
-1.03416
-0.997164
0.884041
0.633764
0.631
0.664246
0.701346
-6.87832
-4.45121
3.1599
4.40335
-1.28656
-1.3426
-1.29274
-1.11665
-1.12636
-2.89054
2.78392
2.74153
2.81622
1.43865
1.32756
1.31915
-2.47749
-3.79269
-0.360573
-0.117291
-0.0977156
-0.13266
-0.143917
-0.156063
-0.0438715
-0.00254559
-1.76709
-5.91525
-4.62452
-0.348932
3.57276
-6.88988
0.840514
2.78627
2.60859
2.44156
-2.24583
-2.32122
-2.37886
-2.39654
-2.41344
-2.35889
-2.35442
-3.3062
-2.26106
3.56516
-2.98221
-3.11273
-3.06257
-3.02676
3.61266
-4.94695
-2.53229
-2.04397
-5.90831
3.31939
3.35502
1.91651
2.0093
2.06515
2.06676
0.742848
0.681555
-3.89951
4.57718
3.77322
0.260877
3.02748
3.21682
3.14521
-0.702184
-0.697046
-0.664868
-0.832701
-0.677174
-0.730354
-4.48223
1.41366
-2.22839
-0.282886
-0.245793
-0.320147
2.96439
3.01447
3.10174
-5.96742
-2.68181
-2.65775
-2.76279
-2.66842
5.72572
-3.7293
0.430758
0.391395
-2.06005
-1.95587
-1.8547
-6.69287
5.91227
0.591269
2.50508
2.50012
2.34488
3.29026
1.3417
1.32544
2.91085
0.169496
-0.392445
-0.238067
-0.307349
-0.227542
-0.267931
0.224438
0.218841
0.241048
-2.8208
6.41681
2.61354
2.53549
2.36908
2.41288
2.48437
2.35691
-3.60003
-3.44766
-3.55809
5.37073
0.473867
0.401718
0.516637
0.546837
0.61913
0.501594
0.449682
0.494143
0.578167
0.491774
0.53136
0.561074
-3.11435
-4.96021
-5.57943
-2.78238
-4.88149
-2.43836
-2.48291
-3.23851
-3.30288
-2.27011
5.20472
1.05167
5.43165
2.23471
2.11239
-3.28552
-4.19135
4.84875
-0.0789209
-3.50906
-6.03777
2.54551
2.34831
2.52397
0.777921
0.901021
1.24152
-0.386852
-4.31889
0.844251
0.836093
5.45023
1.16414
1.04979
-7.15802
-3.8505
-3.85771
4.83611
-0.892203
0.788279
0.706827
0.92348
0.935688
-0.30121
3.13014
3.0896
7.00447
1.87975
-0.543805
4.89987
3.90687
-2.90635
-2.9368
-2.95037
1.09869
1.05759
2.802
4.99036
2.57708
2.76079
2.63736
2.62996
-5.01004
-5.98215
-0.124422
-0.136904
-0.194732
-0.136296
3.67033
-2.77329
0.605159
0.606342
0.701355
0.989921
-5.81994
-2.04764
-2.14082
-2.14511
-2.14996
-2.08314
-3.01797
-4.05179
-4.68874
-1.23627
-1.19562
-7.46409
-6.70161
-0.459517
-4.47146
-4.46221
4.29503
2.80264
2.87248
2.83764
2.88921
2.79308
-0.709699
-0.676001
-4.72336
1.92147
3.26447
2.10657
2.02893
-3.42156
-3.24572
7.01171
-1.96141
-1.94403
-1.97868
3.34085
4.35171
7.25177
-0.536747
-0.567762
-3.16601
-2.86413
-2.90288
-2.9054
-3.0382
-3.71486
8.15235
-0.479011
-4.26105
-1.51084
-1.49246
1.95872
-3.05814
-3.64674
-5.16421
6.52714
2.63254
5.66276
3.3229
-2.6113
-2.85998
-4.95585
2.88271
-2.20715
-2.15339
-2.16341
3.58087
-0.730691
-0.618728
-0.611196
3.85504
-4.41278
0.738754
2.03158
-2.26929
2.08674
2.10492
6.17194
5.97875
0.423901
0.463251
-4.67009
3.32959
3.20829
3.41849
-2.22199
1.07349
1.06622
1.08651
1.14996
1.10111
1.01542
0.952493
1.75703
1.83987
1.85702
-5.42925
2.68196
-3.49193
-1.03396
-1.20168
-1.13558
-1.16201
-1.26128
-1.15936
-1.17014
4.77554
-1.56661
-1.51587
-1.40846
-1.43181
-1.50586
-1.48974
-1.59598
-1.63927
4.59982
2.49648
-5.90807
1.79184
1.9314
1.9412
1.9147
-1.97766
0.859536
0.878169
0.827991
0.887944
-0.0323659
-0.0734042
-0.120761
-0.210244
-0.126377
-0.208794
-0.0964749
2.05585
-0.0962904
-0.137624
5.80112
1.90878
1.98525
1.97786
3.82293
2.99456
-2.69442
-0.955439
-0.951095
-0.886052
-1.16373
-1.18944
1.23631
1.2216
-1.51836
-1.46633
-1.48449
-1.52011
-1.5139
-1.61914
-1.5528
1.71533
3.83598
-0.254873
-0.295123
-1.79451
-4.26203
-4.63403
-0.694122
-0.72384
-0.745485
-0.434432
1.32453
-1.80296
-1.81735
-2.06644
-7.37294
-4.45173
6.18298
-4.98995
-4.4301
3.12451
1.69427
1.88721
1.71932
6.14027
-5.93987
4.4226
0.0494575
1.94212
3.07166
-0.94758
0.748419
3.5284
3.51514
5.49233
6.06902
-3.30447
0.794707
-1.4497
3.55445
2.08337
2.07509
-2.76316
-3.08428
-1.20506
-1.21091
-1.35401
-1.25266
-1.21733
-1.288
-1.35307
-1.28593
-1.32783
-1.24487
1.99849
2.15083
1.98358
-3.00898
5.01406
-0.65705
-0.529969
-0.568178
-1.21726
1.54039
1.53381
4.1744
4.2112
4.0616
-2.84016
-4.97248
-3.81466
1.61917
1.61293
-1.09448
-1.24585
-1.45905
-1.28932
-3.73993
-4.62341
5.13429
2.99953
2.94261
2.05462
-2.79682
-5.73983
2.13848
1.98561
-0.780939
-0.500459
-0.924135
-0.945705
-0.808009
-0.949205
-0.911706
-3.0445
-2.87803
0.222269
-2.02495
4.50563
-4.05765
6.18293
-4.98251
-5.02318
4.66415
4.73179
1.61861
1.73217
1.48133
-0.774921
-4.57771
-0.185123
-0.269993
-0.192161
5.36718
3.14471
-2.30319
-2.36681
-2.38046
-2.35936
-1.03079
-1.04088
-0.999543
-0.972835
-1.18884
-1.22018
-1.2917
-1.22356
-0.932647
-0.94791
-0.959118
-0.919205
1.05058
4.05125
-4.82864
-4.2189
3.40692
-4.55166
-0.528094
-0.510099
-0.517952
-0.54628
-2.68691
5.91537
-0.334691
1.91185
1.93599
1.95844
2.02033
-6.09754
0.849055
-3.23112
2.81267
3.39643
3.38292
-1.48791
4.57041
-0.68228
-0.872284
4.45227
2.00624
2.09173
2.13364
2.13612
0.682522
0.22448
0.349993
0.197674
0.0960461
0.150123
5.48282
3.68999
-0.975355
-2.39131
-5.12977
-1.10307
-1.37565
-1.31037
-1.36769
-2.74023
-4.48717
2.09568
2.11046
-3.63049
0.723682
0.690224
-3.43144
4.62715
4.23461
-5.69075
4.34367
-5.82632
-3.34106
1.76648
4.36114
-1.92652
-0.975097
-1.06237
-0.419392
-0.400938
-0.450106
-0.301938
-2.65873
-2.60736
-2.60998
-1.42246
-1.51624
-2.1034
1.1491
1.10061
-1.21834
-1.28939
1.35596
1.03445
6.19468
-5.85341
2.05313
2.25828
1.96877
2.05305
2.04778
4.14862
-2.78293
-2.7354
-2.8584
4.73993
-4.79344
-2.62807
-3.11286
-2.9827
-3.0041
3.19205
2.30272
-1.43445
-1.43448
-1.44512
2.43677
2.46081
2.43886
2.34994
-2.04791
-1.99389
-2.23705
-2.12612
-2.15962
5.10306
-2.34791
-1.31706
-1.26598
-0.408677
2.21215
2.40962
2.29871
3.48335
-5.12093
4.11742
2.35093
-4.92793
-4.97153
5.2158
2.76218
4.07875
0.667465
-4.76625
-0.769591
-0.908845
-0.858583
-0.777949
-0.75909
-0.821526
3.64556
3.93846
1.2764
-6.17595
0.101309
0.0762779
0.0387713
-0.031974
0.0859143
-0.0161197
4.72903
0.976509
-4.89711
-2.7614
3.5883
1.25557
4.63132
4.72492
-0.555813
-0.576357
-0.884281
-1.97963
-2.02858
-3.93661
-2.41602
-1.58161
0.742729
-4.11439
-3.21734
-4.7429
-3.19314
-2.55394
2.45667
-2.16779
-3.96024
-3.92081
-3.86546
3.68433
3.66913
2.64903
2.61511
4.61509
4.60815
-4.88227
-2.59162
-2.61072
-4.55423
-2.2468
-2.34057
-2.26629
-0.469488
-0.452485
-0.447548
-0.435981
-7.35432
1.39189
1.54126
3.31419
3.29868
3.95319
4.19911
-3.95017
-4.49142
2.5899
5.50922
-1.24429
1.60334
1.60844
-1.01116
1.26392
-6.7902
4.49567
6.65915
-1.84906
1.38629
1.25556
1.09429
1.20185
1.21707
1.07162
1.04181
1.13973
1.21346
1.12986
-2.64811
1.21398
-7.26054
1.30951
4.71851
3.94101
3.85276
3.77974
4.03433
4.03779
4.02336
6.22184
-2.01963
-2.08141
-2.05152
-2.00322
-1.84801
6.69176
1.20293
1.21538
1.26132
1.20384
-0.52274
-0.44236
2.6388
-4.84116
0.657486
-3.66875
-2.23867
-0.46578
-0.326038
-0.481489
-0.411896
1.5818
1.53937
1.51465
1.56097
1.51172
1.45451
2.87928
2.18067
-8.19447
3.42538
-1.58387
-1.46635
-0.59839
-0.643271
-5.30131
-1.27091
-1.31273
2.70046
1.57582
2.24325
2.32035
2.41656
2.31434
-1.92156
1.71137
8.06211
-3.51854
-3.51118
1.43032
1.72945
0.747023
6.11384
-0.718692
-0.659955
-0.650597
-0.869183
-0.646808
-0.634899
4.10439
-1.02701
-1.09868
-3.16273
-3.41014
-4.13666
1.34093
2.4556
2.67713
3.51029
3.63423
3.69277
-1.73529
-1.67116
7.15494
6.02264
6.81983
0.39378
0.306657
0.29091
0.420455
0.411032
0.348384
0.367055
0.399901
-1.609
0.0336507
-3.59865
-1.81983
-1.82651
-1.67974
-1.78023
-1.82416
5.01295
-1.7798
-1.73094
-1.65029
-1.73763
-0.0685414
-0.0216402
0.0074276
0.0355479
-0.114795
5.76823
4.04011
2.45146
-4.82017
0.354829
1.48241
1.49355
-5.42306
6.64039
-2.00537
-1.96817
-1.83788
-1.91022
-1.79767
-1.96502
2.7671
0.547976
0.559808
-5.64841
-1.72689
-1.68128
-1.67817
-1.61949
-0.908057
-0.90609
-0.941602
-0.910935
-0.903329
-3.72073
-5.23646
-2.26182
-2.3164
-2.25911
0.285391
0.284878
3.74866
-4.40942
-3.93277
-2.20176
-2.86292
4.23863
4.00662
-4.736
3.99577
-4.33989
-0.716006
2.83533
-1.12478
2.96982
3.0557
3.05371
0.124102
-2.64096
-3.98886
-3.30291
-3.28062
-4.71255
3.21052
4.53611
-0.687698
1.49023
1.44913
-2.92148
0.340165
0.332628
0.313728
0.210232
0.272758
0.345586
0.299246
-0.0623037
0.0207043
2.60816
4.11462
-1.83834
-1.75496
5.44805
-5.59487
3.21213
-5.51485
0.0978798
0.0380855
0.0207836
0.151534
-1.67139
-1.6225
-1.64922
-1.68509
-1.66239
-1.64613
-1.56244
-1.56296
1.30275
1.1419
1.29011
-4.22546
-4.02011
-6.75991
5.90549
0.829945
-3.71945
2.96267
2.98779
1.96596
1.96576
-5.61056
1.20474
1.25054
1.303
1.34244
1.31243
1.29684
-0.472205
-0.489096
-0.423369
-0.578688
-0.568812
-0.569627
-0.493351
-0.448629
-0.414804
0.580846
0.717274
0.69214
0.709651
-3.08733
3.38001
-3.37988
-3.27959
2.57391
2.54076
0.907274
0.859654
0.922881
0.989285
3.6687
-5.82097
0.54576
0.508152
0.470581
0.470897
-1.36877
-1.72642
5.81826
7.89643
5.41541
-5.35188
-1.37565
-1.52052
-1.53939
-5.48024
1.93857
0.448685
0.490529
0.595327
0.498403
0.408428
-2.6692
-2.66689
-2.57812
9.20718
-4.5897
4.39396
0.225304
0.123573
3.92118
-5.89502
2.70827
2.50832
2.7742
-5.66554
-0.210805
-1.20303
-3.54456
-3.50998
-4.4507
2.75293
2.83234
2.79663
4.35659
4.32787
2.98213
-2.95339
8.16961
0.622678
0.564493
0.617411
0.703919
-1.55392
-1.56413
4.53212
-3.26929
3.18461
-0.260755
-0.117525
4.91926
3.61515
3.59415
1.12454
1.0545
1.02807
1.10905
0.931733
-7.47245
3.94024
-3.95175
-0.849504
-2.40416
5.35023
-5.79942
-1.00779
-9.28469
-1.98544
-2.0292
4.05797
-1.24292
-1.32308
-1.19318
-1.18993
-1.13811
-1.27428
6.37071
-5.2557
-2.8364
2.75281
7.19913
5.58186
7.16744
-3.07912
-3.05398
-2.9656
-2.97677
-0.6437
-0.635422
-0.668662
-0.739251
-0.762299
5.30041
0.255901
-2.83444
-2.73345
-2.74607
-2.74863
-2.89998
1.59093
1.74996
2.15272
1.4078
1.45271
1.27924
-6.61799
-2.18228
-2.04194
-2.11658
2.90986
-8.06369
3.46689
3.41005
-5.35955
-0.904588
-0.914373
-0.260331
-0.321739
-0.374734
-2.3593
-2.46016
0.613707
-4.65722
0.0568086
-0.0338699
4.51002
4.51867
2.44794
2.38804
2.405
-0.740301
-4.28067
7.99859
1.88937
1.96227
2.06877
2.12428
2.11701
1.91974
2.09019
-7.84075
0.420272
0.296963
-1.9132
-1.73391
1.99182
1.87575
-4.09824
0.79204
1.98069
1.99667
5.14248
3.35046
3.23318
4.77498
0.0375199
-5.11325
-1.81236
-1.86325
-1.75021
-1.88357
-0.849547
-0.838982
-0.905161
2.97233
2.71063
0.289217
0.285855
0.961076
1.03335
-2.53644
-2.44109
-2.35345
-7.00113
6.79949
-0.406612
-0.498324
-0.502797
-7.35886
-0.814535
1.11734
1.10113
1.06792
-2.54284
-2.56907
-2.42631
-2.50563
1.80244
3.58909
-0.373334
-0.342245
-0.337179
-0.380413
4.27893
-8.33346
-2.66244
-2.7089
-2.84672
-2.85019
-2.93203
-2.96391
-3.01711
3.51362
2.13737
2.1245
2.0912
2.09796
1.6572
1.6364
-6.26585
-4.23365
2.50754
2.55331
-3.32
2.43994
2.41031
2.351
