2.43958
-3.39664
-3.31083
2.66747
2.62535
2.53574
-4.2937
-6.15598
1.73491
1.92139
1.83583
1.87552
3.32358
-2.85905
4.35021
-0.35819
-0.435021
-0.278361
3.40797
1.68679
1.67878
-2.46929
0.835781
-0.495298
-7.13166
6.52258
-0.441891
-0.356158
-2.48231
0.873198
0.898751
0.296621
0.336085
0.296306
2.7787
2.78848
3.09163
-0.774402
-0.653858
-0.696229
-0.786514
-0.822348
-1.89352
0.186712
0.18785
3.25941
3.28041
5.057
2.05815
0.816712
-4.10893
-4.04352
1.93406
-1.92903
-1.92765
0.268914
2.05962
2.03912
1.98965
-4.20014
-0.588799
-0.575141
2.38461
4.4485
0.0405451
0.122321
-4.6223
0.669767
0.678365
0.746011
-2.44766
-0.208132
-0.266014
-0.239072
-0.863296
5.99835
-6.0972
3.49801
3.4644
2.86879
-2.28517
-2.30154
1.05826
1.25529
1.25727
1.32165
2.10781
2.20313
2.20516
1.61849
1.67042
1.51003
1.57497
1.56731
1.54797
1.66438
-2.83505
0.309994
0.306887
0.327274
0.275473
-0.68149
-0.725157
-0.748564
-0.831116
-3.07015
-5.61932
5.7572
2.76712
2.64389
2.85101
2.77807
-2.91334
-5.90971
-1.28379
-1.1582
3.83832
5.72911
-1.91707
-1.9448
-1.77063
-1.83629
-1.82875
-1.77797
-0.954543
4.58327
4.6358
-2.32302
-2.54777
-0.770767
-4.00413
-4.10025
3.94041
1.08975
4.8638
3.6213
5.09974
-0.140104
-0.147806
-4.9642
-4.19454
-4.35782
3.42067
-3.24078
-3.35486
4.20393
-1.62753
0.767387
0.74424
-7.67349
-3.15227
5.54263
2.93391
4.36114
2.93961
-3.34214
-1.05026
-0.411076
2.86854
2.41821
2.7688
-5.8478
3.80617
3.93232
3.87168
0.045161
-0.0613942
-0.00867121
4.27055
-4.75942
-2.80004
0.484126
1.9814
-1.445
-1.43272
5.31923
-5.97604
-5.77123
-1.75016
-1.71931
-1.15477
-1.23102
-1.32232
-1.33932
-1.08704
-1.06651
-1.22179
0.544874
-8.74126
3.7418
0.972363
5.60824
2.70067
-3.25091
-3.21866
-3.068
0.667599
0.677445
0.621433
-0.531381
-0.520468
-0.510579
-0.503388
-0.498289
1.27807
1.2346
1.98529
1.70608
2.88799
-3.97056
0.656954
0.700586
0.793356
0.793091
0.786828
0.724729
0.816644
0.778842
0.772492
0.741747
0.819864
0.896452
0.874981
-4.02237
-3.71434
-4.18295
1.36948
1.18748
-1.5413
0.213403
0.212912
3.2114
4.68399
-1.88976
-1.71353
-1.70562
3.92465
2.60937
2.6382
0.0837147
0.0508368
0.0402673
0.0598643
0.0483874
0.0878907
0.0281144
0.0812742
0.157924
0.20014
0.0396985
0.032308
0.0561137
0.0550354
0.273437
0.380042
0.370003
-2.70263
1.37678
1.57135
-0.742412
4.83326
3.18908
3.14746
-3.37137
-3.37673
-3.78068
-2.70705
-2.58187
7.12305
0.302978
0.280568
0.30059
0.383119
0.254262
0.249359
3.17065
-1.16313
-1.16303
-1.21717
-1.10596
2.62686
-0.721992
-4.27526
3.89926
-2.63768
-4.63617
-2.43582
-3.8164
-3.92542
-4.45516
-5.22761
3.66184
0.628379
0.478348
-2.31101
4.42206
-5.43787
-3.33917
-3.53517
-3.5521
-0.976642
-1.08298
-1.62332
-1.58894
0.522764
0.457952
2.90441
2.94014
-1.94921
6.59901
-5.25523
1.48586
1.51565
1.48692
0.336573
0.3034
0.382214
0.256697
5.26116
-5.17956
2.38925
4.39543
0.0695652
0.0518283
0.0356546
-1.49829
-1.59411
-1.53473
-1.51498
6.11636
-1.79015
-1.96948
-3.54112
0.0629029
0.0488162
0.0445191
0.0141649
-0.00702601
-1.58325
0.334239
0.333053
0.319005
0.350515
0.363373
0.314083
0.452415
0.369481
0.432156
5.65323
6.13646
-1.68896
3.63284
3.49407
2.86711
2.6235
2.50294
1.2899
5.16594
-4.13176
-3.46641
8.53343
-3.23974
-1.34165
-1.32135
-1.1661
-1.2121
-1.10231
4.14624
-0.754349
5.74024
-0.728775
-0.680229
-0.660454
-0.907167
-0.821717
-0.893278
-0.81833
6.12844
0.913764
1.4796
1.50477
1.46207
1.50129
1.56994
1.56288
1.59534
1.61053
-3.42877
1.57377
1.66456
-2.00778
2.24499
2.36576
2.20291
1.77629
2.62418
-1.31732
-5.11821
-0.57745
-0.378592
-0.39155
-0.49295
-1.36133
-1.33285
3.38578
-8.24017
2.27132
2.19854
1.90726
1.97885
2.82007
1.79924
-0.587847
-0.532819
-0.477804
-2.08877
-3.79841
-3.75026
-3.64349
0.557849
-7.65141
2.72926
2.77006
-0.511533
-0.543975
1.12481
1.0968
1.32784
-2.10974
-1.95478
-2.06011
-2.0342
4.06657
4.62943
6.15623
1.37657
1.24609
1.36362
1.27987
1.30864
1.3079
1.2801
1.19103
1.35252
1.3134
1.34164
-2.42414
-2.62948
-2.63365
1.11024
1.21055
1.2302
1.17805
1.18793
1.26617
1.52149
1.40349
1.39738
1.38985
1.29254
7.56334
-1.90729
4.54337
-4.11814
1.14839
1.18642
1.13415
1.35838
-0.798266
-0.836839
-6.52348
1.65256
1.44184
-1.29128
-4.59932
2.64246
-4.55305
-3.99853
4.1055
4.14062
-5.79915
3.26183
1.63272
1.35812
-0.513533
-0.590356
-0.587397
-0.693392
-0.7387
-0.555748
-7.01171
-2.18347
-2.17696
-2.24433
-2.13183
-5.72911
-4.4545
-2.67631
-4.90094
4.46173
4.70028
2.86086
2.66701
2.86165
2.84006
3.59552
3.62695
3.59154
-1.99846
2.64078
2.68963
-2.72818
-3.43459
-3.51085
-7.33996
-4.13332
0.484704
-1.89556
-1.96678
-2.63221
-2.03353
-1.02961
-0.889293
-4.81251
-0.594842
-0.527086
-0.402132
-0.382764
-0.491276
-0.492491
-3.47052
4.90716
4.6448
1.01587
3.61779
-2.97665
-4.9531
0.883182
0.904272
4.68772
0.0237462
0.0329989
0.112135
0.136683
1.43842
1.43393
1.52816
1.2849
3.82918
3.68395
3.84291
-0.751628
0.907768
0.778198
0.789759
0.738658
-3.62582
-3.62256
4.24971
2.74347
2.54525
5.18283
-7.28112
2.14813
-6.73942
-5.57427
-5.46445
3.53474
2.28008
2.35757
-0.372841
-0.292194
-0.396612
-0.361424
-6.19655
-1.24134
-2.43949
-2.49889
-2.36756
-2.41159
5.08365
-2.13414
-2.00911
-1.99926
4.94137
2.45719
-1.59321
-1.36376
-1.40882
-1.51798
2.27226
2.32386
2.3395
3.36449
-2.84603
-3.08515
-2.38138
-2.42422
4.77791
-8.72384
-2.62752
4.11014
2.08129
2.0603
2.26021
2.31392
2.18283
6.00508
5.61128
8.20029
0.942994
1.08472
1.41574
1.37241
1.33955
-1.32837
-1.5389
-1.31327
-1.21554
-1.31923
-1.35138
-1.3721
-1.24435
-1.38913
-1.2139
-4.72719
1.11717
-1.99725
-1.99742
-1.99846
-2.04647
-1.1904
-1.2003
-1.31885
-1.20338
-1.16186
6.52131
-2.54995
-2.65052
-0.320227
-0.391644
-0.23516
-0.200415
-0.334735
-1.17227
-1.18605
-1.70237
-1.67544
-1.80788
-1.716
-1.84065
4.50821
1.5199
1.61657
1.66961
1.64494
-3.33953
-5.84541
4.2915
-5.90763
4.15484
4.64397
-3.15365
-3.2805
-3.38417
0.617366
0.704531
-3.38214
1.9737
1.97313
-4.53708
-2.78339
-2.66567
-1.44403
-1.35517
-1.09868
-1.19857
-1.23265
-1.19771
-1.26577
-2.17497
-1.02886
3.82583
3.67051
0.147863
6.07627
0.638947
0.719065
1.96102
1.93629
-0.724368
-0.71667
4.50851
-1.44539
3.49017
2.93975
-3.22199
0.792638
0.78353
0.862001
-6.11152
1.97332
-0.486874
-0.512795
-0.364752
5.87883
-2.56546
-2.60395
-2.75147
-2.65056
-2.68144
-2.62228
-0.754534
-0.560599
-0.593252
-0.615978
-0.566398
-4.58719
3.4416
3.52619
4.11431
1.01217
1.1337
-1.07438
-1.1895
-1.10217
-1.20045
-1.1635
-1.12762
-1.10847
-1.04568
-1.05831
-1.07367
-2.37018
-2.39979
3.21231
3.2127
5.43968
-6.13381
-0.215587
-0.303351
-0.309428
-0.75393
1.34349
1.42813
1.42109
1.77322
1.84441
1.83198
1.7378
1.82242
1.69389
4.47171
4.66081
4.69174
-5.16964
-4.09036
4.40741
-2.07661
-1.95852
0.348946
0.377381
-2.94644
-3.0499
-3.71244
-3.93849
-3.87571
-0.8829
-0.85638
-0.592154
-0.622675
-0.670609
-0.561489
1.98703
2.03092
-5.76821
-2.95897
2.09658
2.10313
2.0522
1.93485
2.94448
3.07057
-1.38545
1.69547
1.75973
-3.83757
-7.54675
-4.76126
-3.00816
-3.14069
-3.08639
4.15114
1.5335
-1.38039
-0.696726
4.83495
-3.16489
-3.01742
-3.05943
2.03532
1.99657
1.98786
2.04466
-1.39385
-1.43587
-3.09903
-3.04627
-3.12249
-2.77246
2.13944
2.11047
2.12333
2.10784
3.74022
3.66948
-1.40384
-1.43311
-1.56816
-1.50766
-1.51423
-1.34298
-1.31135
0.882474
-3.26164
6.05624
5.58165
3.45497
0.822255
-1.07735
2.93907
2.83239
2.6845
2.01944
2.13712
2.04593
-0.0534658
4.25839
1.86762
1.8877
2.85219
-4.41502
-1.83709
4.65983
5.07374
5.50882
1.33566
1.33837
1.43371
-0.667613
-0.605756
-0.650553
-0.51486
-0.843851
-4.70468
-4.0716
-1.72124
-1.85602
-1.87473
-1.89918
-1.73197
8.37517
-0.325127
3.58879
3.74844
1.7182
-1.48869
-1.41856
-1.43645
-1.4344
0.907616
0.85604
-1.15403
-1.13591
-1.07634
-2.74795
3.076
3.76132
1.86183
1.99257
1.96362
2.0074
5.76144
-0.0281871
2.1205
-0.167326
0.803145
5.42602
-1.83773
1.67709
1.97633
2.35656
2.26107
-1.62766
-1.62074
-1.52887
-1.61228
4.6866
-1.10381
-1.22544
-1.15726
-1.12833
-3.50663
2.73875
-5.55433
1.72256
1.67719
1.16921
-2.11613
-2.24597
3.44497
3.51231
-4.61427
0.3972
5.94875
2.10736
2.16454
-2.28379
-2.17835
5.29229
2.05109
2.05309
0.872321
0.786619
0.848708
0.723148
-4.45758
-4.48461
3.99508
-0.749921
-0.651588
-0.682683
-0.600587
-0.59181
3.67154
3.54909
-2.3029
2.89253
-2.89121
-2.84495
-2.81581
-2.76413
-2.53775
-2.48911
5.52166
3.23727
3.22364
2.43572
3.66762
-3.68495
5.44359
-2.85465
2.06196
1.912
1.96432
-1.52288
-4.12958
-0.460017
-3.84633
-3.67647
-3.05905
-3.10008
-3.11559
-3.06028
-6.0934
-0.512943
3.52966
-2.05957
-2.06986
-2.04383
-2.10003
-3.39332
2.15437
2.24357
3.32782
3.20512
2.06886
-0.651841
-0.633956
-0.621247
-7.28103
2.68186
2.96231
2.8998
3.04958
6.47158
2.84568
-4.27864
-5.7152
-5.48377
-0.16955
-0.186542
-0.301049
-0.40515
-0.33313
-0.269521
-0.359208
-0.223012
-0.272945
-1.40127
-1.26589
-4.69
-4.04505
-3.03703
-3.17785
-2.34447
0.830972
6.10098
0.544569
0.605192
0.48101
-2.91742
3.84717
-0.0323824
-6.73459
-6.03246
-8.38843
-5.04565
2.76582
4.93358
2.70756
0.979003
0.958932
0.945859
0.932601
0.992443
1.00939
0.936438
1.11302
1.08136
1.09731
-3.04718
-2.91689
3.84206
4.94634
-0.610985
-0.362548
1.95298
1.8409
1.95344
1.96617
1.87921
3.96766
4.00725
3.89943
3.8165
3.07905
3.07211
3.01738
-0.179768
-0.480225
-0.271659
-0.253349
-0.348763
0.906901
-0.808495
4.72836
0.98686
5.40391
0.742934
0.792811
0.759782
0.71064
0.782746
0.819266
0.813156
0.829701
-4.56174
-0.495567
1.23664
1.36832
0.892105
2.25746
2.52842
2.50887
2.57542
2.55964
-3.50829
0.162596
4.70454
4.70681
-4.15428
-5.1239
4.84194
-3.43815
2.24299
2.32078
2.16605
4.54282
1.11528
5.12602
-2.2946
-2.29722
-3.29859
-3.34989
-2.36591
-2.29098
-5.06592
-2.95858
-2.69172
-6.46917
-5.01801
-3.23447
-3.29559
0.431021
0.402033
0.365937
0.345365
0.489319
0.271507
0.180732
0.360983
5.43377
-3.50892
2.52336
-2.80395
0.328436
0.347445
0.372656
-0.200063
-0.261215
-0.18022
-0.237066
-0.264581
-0.218385
-0.414242
-0.262795
0.0186425
-0.0721672
2.98506
1.3956
1.46091
1.34116
1.39016
1.4166
1.33072
1.40066
1.34634
1.35273
-5.30067
3.53309
2.47831
0.707337
0.665316
-1.8718
-1.90101
-1.95861
-1.76311
0.163344
0.329348
-3.8376
5.61928
4.27999
-7.93689
-2.6717
2.93224
3.08856
-0.0937365
-2.34156
1.37586
1.30283
-4.45848
-0.653829
-0.561681
-0.511114
-0.467499
-0.488328
-0.567447
-5.73608
3.21674
0.29082
-3.76351
-4.53204
3.88405
4.63127
-3.90873
0.66999
0.597009
-4.27591
2.12892
2.04554
1.96939
3.24478
3.21364
-5.79099
-2.09302
-2.3879
7.86194
-4.93444
3.45394
-2.97039
3.32115
3.29319
-2.32099
-2.25734
-3.25541
-3.30408
-2.28794
2.70116
2.76671
1.02
1.13956
-5.1561
-6.85413
5.81724
3.5791
-0.440307
-4.53996
-5.76475
-1.62267
-1.54905
-1.61241
-1.55341
-1.61947
-1.5497
-1.61253
-1.66294
-0.254603
-3.91941
-2.51621
1.26652
1.34818
1.28819
2.8419
2.90405
-2.87154
-1.26415
4.28458
3.20094
0.486693
0.723066
0.436517
0.516956
0.525715
-0.975244
-0.969203
-1.11931
-2.69117
-2.9634
-2.85869
-2.08096
-0.12607
-2.16718
-6.40756
4.01635
-3.48679
-4.6015
-3.73274
-1.4641
0.138477
0.158305
0.218191
0.161594
-2.73956
3.26883
-2.17599
-0.648753
-0.496927
-0.632204
-2.09742
-2.00577
-2.01281
-2.02432
-3.84885
-1.17716
-1.21011
-5.04126
-2.25872
-4.3032
5.11645
1.01529
1.03365
2.48858
0.865168
0.849578
0.930225
0.852034
0.926477
2.57347
2.48672
2.58361
-0.55787
-0.554762
8.16747
-1.74913
-4.7956
-3.56052
-3.52598
-3.44478
-4.76257
1.79576
1.82581
1.20811
1.28385
1.32791
-1.41625
-1.35876
-2.02623
0.786544
0.755127
0.736464
0.687218
0.673687
1.55676
1.59985
1.63102
1.64898
-1.8433
0.12339
-4.95906
-3.45258
4.14102
-3.22741
5.43251
-1.33562
-1.40246
-1.20607
-0.264908
1.03448
1.10095
1.02606
1.03414
1.01636
0.917207
2.58291
-4.85095
-4.44005
-0.175539
-0.0291976
-4.14416
-4.43899
0.405235
0.393301
-1.07723
-0.923667
-1.6927
-1.75203
-1.74759
-1.64947
-1.73592
1.69779
1.71845
6.66742
3.92376
0.926343
0.92757
1.08932
1.04466
0.9858
4.83395
2.37504
2.2341
-2.55965
-9.1379
-1.59624
-1.76325
-1.73071
-1.75617
-2.08442
-2.17292
-2.04804
-1.94753
-1.95487
3.41652
2.71767
2.75226
2.85529
2.65325
6.4574
1.38744
4.95524
-4.06842
2.20503
3.79249
4.00476
-1.96883
-3.33065
-5.13889
-5.30047
5.84966
2.1856
-4.32151
-4.16617
-0.157593
-0.398993
-1.05958
-1.02145
-1.10827
-1.03483
-1.03419
-0.995289
-1.05875
-1.06191
-1.14708
-2.99524
-4.84593
0.576168
0.569312
0.577691
0.42951
0.480185
0.437715
5.2117
-3.74351
-3.69855
2.85657
2.7552
2.50975
2.74695
2.76158
2.66608
-1.20048
-1.06791
-1.10021
-1.02874
6.6405
-5.35416
-4.94375
-6.03609
-5.07852
-1.44115
-1.44997
-3.00373
1.80732
1.80352
1.88274
-8.16659
-4.1253
-3.24827
-3.07297
2.96559
-0.87613
-0.889502
-0.638971
-1.12011
-1.07302
-1.10649
-1.19793
-1.16004
-1.07088
-1.17737
-1.13578
-1.13451
-0.418203
-0.623521
3.43245
2.63808
-5.13565
-1.89152
-1.97601
-3.21963
1.06902
1.13678
1.07626
0.943601
1.13566
1.15107
0.887535
0.880455
3.68633
3.62849
-0.655799
-4.52621
-1.12252
0.850611
0.803449
1.95307
0.913738
2.86616
-1.78053
1.78508
1.8691
-5.61068
2.47927
2.5157
4.59793
4.27218
4.39221
-5.19881
-0.244706
-0.195123
-4.64965
-4.76365
-3.30641
1.23972
1.39713
1.32335
-2.67771
-2.7179
2.56921
2.52309
-2.66768
-0.137289
-2.13246
-2.18417
-1.90938
-2.73585
2.59622
2.21566
2.3051
0.0851645
0.0793753
-2.70295
5.79963
0.514159
0.544479
0.526168
0.511891
0.205122
0.219346
0.283092
0.383392
0.34248
-2.36962
-2.27147
-2.0113
3.8706
-5.03451
3.85752
3.99362
0.899302
1.17809
1.18024
1.18115
1.15511
0.0974904
-2.15538
-2.1085
1.0315
0.815025
3.65749
3.66769
-3.90532
-3.84161
-6.9817
-4.54176
0.303525
0.434869
1.55551
2.21976
-1.32727
-1.24846
-2.90595
-2.56681
-2.12308
-2.10543
-0.807417
6.76683
2.77662
-1.41272
-1.28068
-1.51358
-1.31138
-4.3033
1.01014
-1.35868
-1.30524
-1.30896
-1.18266
-2.15726
-1.28973
5.56851
3.25275
0.736359
0.821147
0.836804
0.813913
0.831176
0.787052
0.904272
-4.61432
-2.0596
-5.30684
-4.98531
-2.61238
-4.85905
2.23575
2.40968
2.41814
2.50209
-0.863732
-0.990403
-1.02146
-0.843134
-1.26422
-3.29175
-3.36684
-4.39112
-6.71862
5.84285
5.8769
-2.92271
-2.82245
-2.63238
2.95496
-0.104532
-0.0384043
-0.0356297
0.0176067
-0.0264019
-2.45338
-2.44771
4.21346
-0.416557
-0.288102
2.55502
2.53253
1.7572
1.42404
1.44737
-2.08526
-2.02241
-3.86869
2.42846
2.47237
2.51348
-4.29993
2.36134
-0.765534
-2.51475
-2.64429
-2.50882
1.59036
1.77466
1.70048
1.67426
-3.90995
3.40835
1.50959
1.45029
1.54852
3.67697
0.349118
0.3414
0.182908
6.96509
1.84972
1.83778
3.13129
-1.79757
-1.86845
2.1924
-4.22384
1.38968
1.96712
2.50653
2.49729
2.55397
-8.01763
-0.352548
-3.52002
-6.15662
-6.41773
0.881916
0.918833
0.91727
0.433881
-0.390851
-0.673187
2.30188
2.33971
2.43926
0.595662
0.535618
-3.98606
-3.22348
-2.51112
0.185399
0.259279
-4.7854
-3.65152
-6.08366
-3.20574
-3.78013
1.14634
1.02752
-0.941622
-1.0477
-1.05853
-1.11425
4.56446
2.45419
2.32103
1.62623
6.83661
3.73891
5.68275
-4.52703
0.11084
0.0849206
0.555378
0.460504
0.42828
0.502609
-2.48003
5.41504
-3.48972
3.37266
-3.5182
-0.084804
-0.161441
-0.167667
-0.0993154
-0.134701
-2.2291
-2.76011
-2.79496
-1.14968
-1.24973
0.668221
0.549273
0.559718
0.545066
1.38024
-3.65024
5.19406
-2.66305
-2.69975
-5.99055
0.357193
0.224657
0.211788
0.384254
0.174087
-2.0773
-2.09566
-2.01001
-1.97408
-2.04102
3.12029
2.46974
2.66265
2.23447
-2.57021
-2.45355
3.55063
3.44557
1.34667
1.37668
1.40765
1.39228
1.55993
1.4873
1.36289
1.39603
1.52079
4.81319
4.66988
1.46551
4.07328
3.92057
3.69236
3.75159
-0.47428
-0.507942
-0.378795
-0.44574
-0.414185
-3.69504
-2.07863
1.52507
1.61058
1.49248
1.60954
-8.39489
5.19906
0.0944153
0.0738695
6.52536
4.0193
-4.13236
4.7405
3.31106
3.17781
-1.0735
-1.05166
-1.06537
2.94164
3.01172
2.92026
1.64876
1.65561
1.54948
1.5059
-0.738081
-0.855024
3.23046
-2.28857
-2.81882
0.728457
0.695165
0.675506
0.62624
-0.463763
-0.490542
-6.34886
-0.334222
-0.27787
-0.346801
-0.365743
-0.349652
3.28316
3.2102
3.03362
-5.76791
0.675594
0.839318
0.961065
0.861618
0.756686
0.895583
1.87377
1.44541
1.67279
-1.60712
-3.89915
3.55611
3.56003
3.58745
3.66635
-0.808721
-0.765626
-0.818008
-0.862993
-0.692912
-4.80525
3.44056
3.18948
0.969549
1.07815
1.17958
2.14715
-5.61654
3.60148
3.66126
3.528
2.58676
-0.250435
-0.403059
-0.257346
2.68794
-0.249999
-0.240081
3.16013
0.623449
0.598647
0.528214
0.493862
-1.35875
3.18861
2.02435
2.00729
-1.76909
-0.0562024
-0.123235
-1.3208
-1.41486
-1.33062
-1.40136
-1.41304
-3.50488
-3.46986
-3.51638
2.20883
-3.51992
-3.44566
-2.5274
-2.43803
-2.52334
-2.53051
5.66742
0.796876
0.840463
-3.25697
-3.12525
0.99915
1.27352
1.28007
0.928497
0.981571
0.96726
1.02644
0.985265
-3.95206
-2.57364
1.89947
1.81102
1.83448
-2.60879
2.48747
2.69842
-1.86738
-1.7503
-3.49268
-0.144813
-0.263581
-0.220451
-0.265609
-0.118111
-0.164404
-0.215635
3.35597
3.51117
6.2039
-2.85325
5.30128
-6.05098
3.31185
4.97328
0.376181
1.28567
1.24745
7.0402
1.97202
2.00563
-0.510024
-0.455034
-0.226642
3.23575
-6.01944
-4.76006
-2.58722
-2.54597
-2.57444
-2.57521
4.07331
7.53404
0.431944
0.357497
-1.36371
-1.29997
5.87789
5.24646
-2.59569
-2.59071
0.903497
1.01044
0.873989
-5.52863
4.71001
2.76192
-1.49411
-1.43441
-1.33098
-1.31343
-1.30075
-1.29786
-1.44246
-1.37347
-1.42445
-1.48169
-1.42449
-1.42677
-1.45551
-1.32548
-1.58498
-1.48379
0.450302
1.59767
1.61972
-7.30808
4.46125
-4.93664
-4.95605
-2.67408
-1.8871
-1.89194
-1.93484
-1.93792
-1.89368
0.813355
0.822221
0.856831
0.792682
0.763703
-2.20517
1.59676
1.62279
1.66176
2.77075
2.83782
-5.16224
2.06054
-0.235795
-0.228599
1.57045
1.53244
1.48489
1.5628
1.41523
1.40568
1.42297
1.45089
1.39233
1.39416
3.04958
3.60084
3.76805
-0.463419
-5.85576
-1.6936
-1.54092
-1.32661
-1.30993
-1.29812
-1.26886
-1.98155
-2.06303
-1.94179
-2.63219
-1.72071
-1.74454
1.44071
1.4319
4.99911
-3.83364
5.09776
-2.49456
-3.78237
7.72352
1.60914
1.54811
1.57996
1.52747
1.63486
0.80417
1.00527
-3.47492
-3.33318
-0.341106
-0.381704
-0.695853
-0.408502
-0.458175
2.32256
-1.11126
3.68373
5.17202
-2.652
-2.57514
-0.523759
-0.692601
1.86912
1.86845
1.17432
1.10416
0.954107
1.0884
0.991807
-3.68648
2.94165
3.03597
2.42163
3.51636
-3.06888
0.232741
-1.66421
-1.70199
-1.59614
-1.60767
-1.73385
3.23784
-6.91341
-2.20365
2.62155
-5.7391
3.19164
-6.01412
-2.61647
-2.62748
-2.73242
-2.71972
-2.65182
-2.61306
-2.67192
-3.06212
-0.82966
-1.02262
-0.914565
-0.943804
-0.637839
-0.84973
-0.843544
-0.774813
-0.796346
-0.861713
-0.792509
-0.737404
-2.61788
-2.50625
-2.49573
1.86828
1.97473
-4.88905
2.5275
4.11287
4.26548
4.40062
-2.56339
2.22212
2.1704
2.10747
-4.56465
4.17233
-4.18889
0.549904
0.601382
-3.35752
-3.31478
-3.23611
-0.825676
-0.756697
-1.06419
-0.907931
-0.790619
-0.781921
-0.964828
-2.10429
3.91582
3.97083
-1.80117
-1.74111
-1.74637
-1.3226
-2.02626
0.370994
0.342579
0.477025
0.370858
-3.06584
0.0701391
-1.37812
-1.30932
-1.30696
-1.41452
-1.44276
-4.13747
-4.11867
2.39099
-1.70623
1.82186
1.93877
1.72196
1.72856
1.70853
1.85774
-0.450096
-0.527201
-0.514848
-1.52611
3.66567
3.11531
0.79801
1.03807
0.978951
1.08513
0.928875
0.833892
0.879822
0.883612
0.943063
0.930814
-3.58411
-1.09625
-1.0956
-1.10273
-1.05627
4.11294
0.987331
0.966031
3.57444
-2.89766
3.00943
0.116157
0.12067
0.102706
-0.103929
-0.0140405
-0.0585081
-0.0462667
-0.0484284
-0.0357047
0.0155894
-0.0479382
-0.149227
3.68688
3.67007
-2.02871
1.25955
1.10041
1.21713
-2.89582
-3.88764
-3.78032
-3.94838
0.101143
0.174401
0.157653
-0.211373
-0.282863
-5.426
4.27415
-0.294549
1.42627
-2.24408
-2.37345
2.47642
-3.91708
-3.77657
1.84948
1.83233
-0.0794322
-0.153164
2.63889
2.46367
-1.19206
-0.866423
-2.17059
-6.53173
-0.463533
-0.43029
5.30021
5.08695
5.99458
-2.12454
-7.40954
8.03316
-0.140321
-2.44108
-2.55067
-2.43177
-2.43651
-2.57338
-2.48567
-3.80968
-0.811585
-0.588028
0.879021
0.892746
-0.0813148
-0.107973
3.00866
3.32163
2.70718
0.837839
0.857161
0.777399
0.840674
1.34141
4.15248
0.873823
-3.50042
4.12662
1.01423
1.15594
-5.02155
5.09568
4.82698
-1.15428
-1.15107
1.4504
1.23803
1.36379
1.2688
1.27552
1.31871
1.32385
4.46486
-0.216623
4.7181
-1.80481
-1.82211
-1.76234
-1.78429
-1.07299
-1.39412
-2.69987
-5.54148
-2.51032
-0.432807
-0.346828
-5.24111
0.60979
0.535081
0.517482
0.716887
-2.32416
-2.15649
0.254399
0.330659
0.18126
0.156583
0.428491
-5.48058
6.37544
6.14996
-2.66402
5.89119
1.42612
-3.5802
0.721672
0.601156
0.636505
-3.49057
-3.49314
2.43437
2.46035
-0.543333
-0.501023
-0.617285
-0.563948
2.01672
-0.400611
-6.48854
-0.527686
-0.554646
-0.555036
1.87998
1.93749
1.89038
1.68409
1.76116
1.83247
1.82977
1.86736
2.02623
-2.26171
3.21193
5.34979
-2.01378
-1.86182
-1.93194
3.69287
-5.40044
-3.96392
0.903604
0.874153
0.800902
0.753326
0.856672
0.847175
-5.79377
6.71069
-5.05267
-0.193195
-0.197548
-0.232025
-0.308422
-0.197291
-0.163025
-0.207159
-0.209723
1.28197
-5.23247
-4.16945
-2.39866
-1.43093
-3.49978
3.41414
5.59398
-8.00776
0.706781
-3.8469
4.6783
-3.41674
-2.78597
3.21365
3.17322
3.70295
0.965684
0.958616
-6.65345
2.29603
2.2793
-1.40001
-1.54964
-1.5179
3.52995
-3.28769
-7.01685
1.76061
-2.82489
-2.01896
-1.83062
-3.59454
-3.73948
-2.92922
1.96141
-2.95703
2.31622
2.35544
1.41261
1.53415
1.4381
-4.59816
2.59115
-0.729113
5.80534
-3.72927
0.722426
0.782412
6.32914
3.48858
3.36194
3.30363
3.39347
-2.59675
-2.6736
-2.72961
-2.69356
4.76421
4.71834
5.33649
-1.2498
-1.09606
-1.15007
-1.27993
5.33803
3.655
3.65825
3.69329
3.95772
2.54019
7.59627
-3.36004
-4.35425
-1.06506
3.40372
3.43755
3.64593
-1.49079
2.09309
0.649736
0.552519
0.642046
0.62137
1.07626
-6.52511
-2.05247
-1.99622
-2.00578
3.78469
3.85208
-6.10487
0.0797323
0.105451
-0.184346
-0.103864
-0.09175
-0.150805
-0.232631
-0.141956
-0.120427
-0.115496
1.90166
-4.52943
-3.98699
1.55924
1.61995
-0.138659
-0.0496901
2.61265
2.65537
2.82324
1.71983
1.73308
1.67487
-1.07224
-0.861287
5.15107
-0.692805
-0.772897
-0.743322
1.38501
5.29627
-6.15971
-0.152266
-0.164305
-4.10649
1.24227
1.1273
-1.22812
-1.15006
-3.65918
-3.61279
-3.56479
2.89802
4.29753
2.84817
2.81316
-4.29195
1.32452
1.28174
1.37143
-4.4584
1.53577
-1.59554
-1.62907
-1.73956
-1.6046
4.85612
-0.201741
6.97199
6.77164
-3.6072
-3.56677
0.345983
0.502327
0.584821
0.55055
0.51561
-1.56142
2.86536
-3.17302
-3.13866
-5.50219
4.7079
3.42621
3.50634
3.39795
3.44308
-1.25417
-1.28498
4.0153
3.90132
3.28294
3.01395
-5.65938
3.4753
5.4343
-3.99576
-3.69487
-3.83841
1.68955
-4.04479
-5.98444
-1.27576
-4.86095
0.631693
1.85599
2.01367
2.08105
1.99961
2.0412
-2.21933
-2.17081
-1.99795
-2.07255
-2.31541
-1.75735
1.18381
2.35152
2.28536
2.30622
2.23619
2.29581
0.157468
0.21375
0.173809
0.230207
0.174059
-1.49452
-1.41898
-1.53964
-1.56241
-1.64284
4.60447
4.57377
-2.25279
-2.27124
-2.41196
-2.49942
1.25908
0.598154
0.623592
0.637796
0.603962
0.57504
0.554951
0.743625
0.040514
0.153033
0.0831186
7.37307
-0.949478
4.33603
3.57632
4.27213
4.18826
4.17484
4.23257
-1.73384
-4.25736
-4.51693
-4.47093
-1.53434
-1.55994
-1.63089
-1.63321
-2.06244
-2.11221
-2.92728
-3.13888
-1.3823
-1.47277
1.49249
1.41587
1.5427
1.54926
-0.590149
-0.60201
3.75003
-1.35228
-1.57211
1.08578
-1.54858
-1.66324
0.00191196
-0.0580502
0.0302298
0.0721427
0.00753497
-0.284069
-0.954124
-2.25273
-2.25861
4.07268
3.80678
3.8665
2.96885
2.9011
7.84625
1.91474
-1.36101
-1.41237
4.59738
1.3603
1.44319
1.75607
-7.39108
3.02491
2.99189
-2.29771
-2.30331
2.61079
2.5046
3.14866
-2.15416
-2.17419
-2.15149
-2.14731
-2.18414
-4.37083
2.19005
-5.00543
-3.06838
-3.12269
-0.933638
-0.519853
-0.517253
-0.647959
-2.40465
-2.18191
-2.38683
-2.61986
-0.304502
-0.41484
-2.45627
-0.314164
-0.451143
5.60045
-0.114143
-0.129175
5.8712
-3.28763
6.15553
-5.3318
6.03511
-1.9513
5.01855
-3.80222
-5.43177
-1.68502
-2.88803
3.82222
0.678078
0.640247
0.731921
0.742622
0.747725
-6.03937
2.49694
3.75012
3.53763
3.69203
-0.308827
-0.635574
5.01208
0.780842
-4.04284
-1.46633
-1.47576
-0.552331
-0.520379
-0.498513
-0.598441
-0.684981
-1.58906
-3.10318
-0.286503
-0.355677
-0.355456
-0.419116
-0.378121
-0.454878
-0.264971
-0.496481
-0.338817
-0.275084
-0.186625
-0.198421
-3.7671
2.82174
2.89973
2.82111
2.73367
1.31972
1.51449
1.53477
1.54436
1.53733
1.58426
1.61111
1.57191
1.47947
1.47582
1.51129
3.33037
1.50951
-2.44434
-2.3791
-2.89591
4.42489
2.79603
2.68444
2.82614
-3.39172
-2.42591
-2.43884
-2.38025
-2.29862
1.55944
6.3199
1.81149
1.85618
1.70967
1.70532
1.82003
-3.0003
1.73168
1.55532
1.60478
1.68013
1.61408
-2.97266
0.328692
1.63761
-1.18155
-1.13274
-3.57049
-2.76407
-0.919557
-2.83008
-2.69365
-3.27159
-6.77462
3.97456
-4.5725
-2.52933
-2.49819
2.00952
1.96089
-5.78468
0.323047
0.294858
0.261382
0.281618
0.27522
0.321671
0.282419
-6.24179
0.114411
-0.136611
0.153543
0.172024
2.65825
2.67253
2.72931
-4.56269
-5.39351
-3.19907
-5.08593
-4.99095
0.990131
-0.615952
-0.575791
4.67358
0.398817
0.262303
-2.8945
-4.25595
-6.52859
-4.42706
-0.786936
-0.843608
0.752862
2.36817
2.34337
-0.745252
2.10725
0.818705
0.852906
0.917482
0.825838
0.890823
0.926138
-5.90631
5.26847
4.57002
-0.960053
-1.0973
-1.10236
-1.06512
-1.08892
4.20124
3.33722
-1.3087
-2.33509
-3.3539
-3.38217
-0.117697
-0.265806
-0.311757
-0.284404
-0.361449
-0.358026
-0.315673
-0.243694
-0.200222
-0.160512
-0.148659
-0.282903
1.44875
1.4139
6.55436
-1.59816
-1.55144
-1.52454
-1.48484
4.07432
2.41938
2.41346
-3.13195
2.11779
2.49808
2.27963
2.19766
2.35591
-2.23827
-2.34856
2.62787
-5.11825
-2.25906
-2.31067
-2.23024
-2.18529
-2.19838
3.67962
-4.21327
2.44041
2.42233
1.01928
1.00197
1.14565
-0.0144807
-0.0915054
5.72736
-2.09067
-2.65044
-2.68846
-2.70488
-2.85806
-2.89506
-2.73385
0.976697
-5.02458
0.109214
0.029949
0.00240306
0.0249277
0.059115
-1.94301
-1.92051
-0.665364
-0.835426
-8.21364
-1.93904
-0.0911534
-0.00568865
0.0314938
-0.0931412
0.0675624
0.132529
-2.80906
-3.47993
-3.41898
1.52048
1.49847
1.49739
1.5631
1.61684
1.61603
1.63266
1.52676
6.29647
1.79558
1.82807
1.77737
1.83406
-5.3292
2.88425
3.63806
-2.82597
-2.87412
-2.04615
-2.0878
-2.95971
-2.96471
5.23302
5.22592
1.76187
1.72892
3.6307
3.62267
-0.0534058
-0.122531
-1.04778
-0.623473
-0.63327
4.3491
-2.78017
5.35377
2.00727
5.40347
0.541264
0.474797
0.437783
0.228026
0.153215
-3.56308
-3.72931
5.27544
-1.13749
-1.13061
-1.1322
-1.21471
-1.00373
-1.07093
-1.01319
0.0749912
-5.55068
2.08436
3.95562
-3.62005
-5.37774
4.74547
-2.8674
-1.16449
-2.14384
-2.27763
-3.02515
4.77223
-0.98582
-0.0371718
-0.0503622
-0.255637
-0.310457
-0.174362
-0.393053
2.6907
-0.273656
-0.311591
-0.341079
0.985759
0.931709
-5.26847
-5.50284
4.62585
4.5409
-3.56296
-5.10041
1.13668
1.19072
0.97791
2.44749
2.66506
2.64582
2.61145
2.45319
4.22112
1.05241
0.971195
-2.54178
4.62293
5.4996
-3.87236
-2.67701
-2.66425
-2.63824
-2.64027
-2.52336
-1.68985
-1.68974
3.55004
-0.569965
1.73877
-3.50422
0.815819
0.796774
0.685881
0.686971
0.707182
0.488755
0.502049
0.474542
0.657098
0.445282
2.30787
2.25568
2.35084
-0.72333
6.65411
-0.0950181
-0.0577034
-0.0417378
3.07173
2.15236
2.12175
2.13449
2.26707
-1.75718
-2.82347
-2.81134
4.57436
1.00195
-2.04681
-2.18167
2.87615
2.98053
-0.0406749
-0.0737621
3.76406
2.69988
1.96363
1.92736
1.96946
1.91892
1.9504
-2.03558
-3.94053
-3.76061
5.30534
-6.12301
-1.38789
3.20875
2.48291
2.34713
2.5028
2.48938
2.5129
2.56611
2.42764
2.52175
2.46071
2.56907
4.19861
-5.32974
-4.38985
2.08686
2.09293
2.21238
-0.174134
-0.216488
-3.09575
-1.32584
-1.25745
-1.33889
-1.39328
-1.41775
-1.24145
-1.31761
-1.21176
-1.3587
-1.32291
-3.31242
-7.69248
-2.42572
-2.43038
2.84355
2.7206
3.97887
4.50156
-4.01623
-2.60185
-6.45816
2.73842
1.54895
1.49515
1.61555
3.29392
0.514039
0.593346
0.488346
1.58332
5.60118
-1.45962
-1.52415
-1.42573
-1.46893
-1.43932
-1.44246
-0.0834336
-0.265419
-0.230168
-0.35031
0.788116
0.600426
-3.88181
4.26204
-3.90401
-4.00192
2.78667
2.79396
-2.85902
-2.95051
-2.94706
-0.209792
-0.292897
-0.269057
-0.343583
-2.46408
-2.59472
-2.37892
6.35897
-2.79183
-2.97966
0.503563
0.703608
0.722788
-1.71186
-1.67841
-2.69323
-2.70641
-2.69901
-2.57922
-2.58969
9.3511
-3.87907
-4.00113
-4.0557
-4.9429
3.4704
4.14412
5.26917
-2.88086
2.39781
2.40031
2.51739
2.38627
2.47352
2.53312
2.53152
2.33756
5.65394
-1.3494
-1.39031
-1.34342
-1.19367
3.12368
3.13564
2.48579
2.49605
4.18902
4.34438
4.27763
0.17058
0.270453
0.186426
0.22037
0.93746
0.897585
-4.45623
-3.45969
-3.59548
-3.3331
-4.12283
3.76066
-1.20931
-1.16806
-1.20268
-0.849598
2.56783
2.49255
-3.9523
-4.19037
-1.70437
-1.62247
-3.79109
2.45044
-3.90146
-0.901316
-1.41995
-1.4925
-1.37952
-1.27144
-1.27946
-1.28396
-1.14774
-1.14685
-1.18749
-1.17756
-1.04876
-1.07017
-1.1185
-1.10546
-1.10407
-1.07066
1.31358
1.49299
1.47373
0.550952
0.529446
0.593145
0.651778
2.875
2.91226
0.166476
4.89027
2.40398
2.21805
2.5003
2.45519
2.33588
2.0363
-0.164403
-0.180995
4.07698
-2.90675
-1.30961
-1.40921
-1.42487
-1.26918
-6.29528
-3.86493
1.0981
-1.91885
-1.88117
-4.83333
5.1972
-0.456158
-0.351804
-4.44209
-7.65251
-3.37042
4.8579
-0.519788
-2.41585
-2.51695
-2.29509
-2.25707
-6.45467
-5.652
0.581306
1.4301
-4.70997
-6.62672
-0.0181109
-0.0640527
-0.00357083
3.82685
-4.88827
3.74714
1.12724
1.13749
1.25145
1.26973
0.638333
0.720133
-1.78025
-0.042078
6.65985
8.30407
-4.24494
-4.44689
-4.04993
0.378775
1.67074
-2.45564
-4.29565
-4.27172
-3.65437
3.60562
3.54541
-2.83725
-5.95031
1.23672
1.31011
2.92658
2.8072
2.77313
2.89525
-4.32316
-2.63532
0.859851
-1.39856
-1.85805
-1.98359
-3.78522
3.40285
0.150423
0.0892497
0.144556
0.0275497
0.137062
-0.0594872
0.0277504
-0.026787
-1.24326
-0.983593
-0.873623
-4.80956
5.37479
6.46661
-6.4173
-2.24071
-2.3589
-2.40392
-1.59344
-1.62525
-1.73919
-1.67044
-1.59652
-1.75719
-1.67039
3.43488
3.29217
-4.06842
-3.59587
3.79808
3.06689
-3.20171
0.177146
1.26228
1.29164
1.2449
1.24936
1.15625
4.74478
0.766823
0.512121
0.596636
0.688053
0.631378
0.63127
0.609387
0.578133
0.629654
0.551638
0.652624
0.596876
0.64631
0.694872
0.697776
0.768983
0.738453
0.761803
-1.74742
-1.87925
-4.52906
-4.38426
0.157442
-0.274027
-0.273051
1.79851
1.80479
1.8008
-2.26583
4.32116
-0.893159
0.175817
0.229214
0.193958
-0.91452
-4.20012
-1.06315
-1.15481
9.29502
5.09852
-1.03068
-1.19193
-0.937967
-3.79693
-3.77848
-3.77233
2.51196
3.60093
-0.12649
3.71581
9.67734
1.885
1.90702
1.89865
-6.56413
3.18788
3.09627
4.41805
-1.50721
2.73607
1.17333
1.13202
-1.07017
-1.06334
-5.311
7.32205
-2.61318
-0.360985
-0.266269
-1.61363
-1.37463
-4.38136
4.28945
4.37253
-2.02385
-2.38297
-1.11343
-1.21091
-0.173315
4.96027
5.25384
-5.47176
6.06863
-0.270577
-2.42679
2.60342
2.63968
2.69098
1.04018
1.03707
1.14853
1.14446
1.22241
1.11258
-3.91191
-3.9418
-1.90881
-0.874918
-1.09479
-1.23622
-1.12824
0.713623
-2.37193
-4.13521
3.92262
0.128055
0.143395
0.123537
0.0980829
0.108676
0.0540293
0.207484
0.134704
0.153058
0.154654
-2.33026
0.536989
0.512131
0.45665
2.37525
2.54508
2.56716
0.822793
-1.7352
6.78537
2.80797
0.657046
-1.0111
2.56905
2.71145
2.68424
2.81219
2.64136
3.61793
-3.18133
0.237631
0.161899
0.186766
-1.13231
-1.32646
-1.28935
-1.21582
-0.222401
-4.62925
0.217903
1.49706
-4.41749
1.32623
3.97621
-5.38975
4.29904
-0.853463
2.39251
1.70565
1.65951
1.68375
1.6373
4.19371
-5.47949
-5.46331
-1.55684
-3.62034
-1.81851
-1.76883
-1.8582
6.27927
-4.33293
-2.7587
0.962716
0.869624
-5.98481
-0.838091
-0.726198
-0.82265
-0.852348
-1.03731
1.37645
-1.08001
-1.12454
-0.988403
-1.03012
2.94681
3.17597
-2.0043
-2.11894
3.06167
-3.77988
-4.16314
-4.23171
0.00357583
0.0652926
0.0140552
0.129714
0.150952
2.69016
0.862118
0.870175
0.87995
0.842443
0.896658
7.43644
1.06
1.05489
0.920629
-0.495143
-0.400521
0.927649
-4.02463
-4.09815
-3.31921
3.23045
0.396747
0.430882
0.508574
0.451993
0.459594
0.464934
3.56161
-1.06657
-2.83567
3.28614
-3.1115
1.01242
0.0176475
-0.170743
-0.118594
3.01362
4.88946
5.34872
-2.17091
5.20353
-3.23148
-3.04722
-3.24338
-4.63849
2.17798
4.72358
0.946326
0.954948
0.769765
0.703412
-0.735012
-0.544531
-1.56426
-1.66701
0.45703
0.590249
0.438974
0.478081
0.30474
0.46643
4.9214
-0.897921
-1.71693
3.0893
3.25391
3.14795
-3.95186
-5.0441
4.79702
0.958799
0.939428
0.810724
-2.75792
3.14886
-6.2496
4.33373
0.552006
0.579282
0.552957
0.605252
0.629623
-2.58113
-2.56282
0.816673
4.01546
4.2498
4.16048
-6.04399
-2.43024
-2.33316
-2.44587
-2.34559
6.30035
5.89043
4.73586
4.54457
3.13694
1.5974
1.66707
1.70943
3.12525
-1.30431
-1.32888
2.91517
1.61183
-4.02165
-3.93304
0.960575
-0.535309
1.40974
-6.76641
-0.818405
-0.81637
5.85537
0.774856
4.63303
-1.3351
2.29044
2.24016
2.24639
2.4278
-1.23791
-1.18863
-1.2484
-1.07159
-1.09348
-1.04096
-1.10828
-0.900498
-0.86849
3.40284
3.20446
-2.74151
-2.0216
1.26769
1.24261
1.51417
1.41503
1.597
1.62908
1.50959
5.51239
-1.9868
-3.33931
3.03062
-2.3054
0.654136
0.842905
0.745071
0.859461
0.892994
0.94946
0.993716
0.95269
0.90003
1.46158
1.42965
3.00168
2.99011
-4.44183
2.34388
-3.49142
-3.53559
-3.385
2.12494
2.07336
-8.31268
-3.02122
-3.05973
-3.01543
1.4214
1.3424
1.34249
1.33664
-3.5436
-0.0968476
0.0896918
-0.0145726
-0.139597
-0.081875
-0.0496559
-0.152962
-0.0348287
-0.0307332
0.893812
0.853496
0.887155
-5.09007
2.10976
2.79775
2.91909
2.98544
2.91792
2.79146
2.96618
-0.0178725
0.159247
-0.0614323
-0.106596
0.671263
-0.772829
-1.40775
-0.39439
-0.498024
-0.54134
5.31364
1.3554
0.904084
0.937262
0.339468
0.297162
0.41231
-5.25577
-3.89229
-2.606
-0.673736
-0.747045
-1.18473
-1.03743
3.03486
3.10731
3.33521
-3.62802
1.62208
-4.74515
0.284132
0.263196
-0.466985
4.75301
1.01698
-1.18306
-1.2125
-1.20281
-1.18316
-1.19111
-1.24387
1.22961
3.7097
3.27776
-5.81868
-1.11174
-1.11569
-1.51973
-4.43176
-0.138211
-0.0482509
-0.076358
-0.0564985
-0.0736384
-0.141687
-0.0360994
-6.98605
-0.956224
-0.936088
-1.88988
-1.9754
-3.40341
0.465709
0.486256
0.408493
3.56859
3.58768
-4.10766
-2.62499
0.896687
0.923609
0.999696
0.982931
-3.85447
0.439826
0.465084
0.452987
0.446418
0.467215
2.69637
-2.75439
-4.22723
0.34621
0.393994
-5.96983
3.3322
3.17584
-1.24616
-1.18106
-1.1518
-1.14678
-4.0582
2.38116
2.37322
2.31717
2.38293
1.56638
6.4224
-5.05003
3.1832
-0.707632
-0.636341
-0.968177
-1.01931
-0.917893
-0.760968
-0.858722
-1.06667
-0.877435
-1.00143
-0.985034
-0.851806
-0.861469
-0.946993
0.48359
-2.00637
-0.899596
-0.85204
-0.887352
2.81887
4.10458
2.55545
2.64682
-2.18758
-3.04339
-3.47945
0.00429734
0.0616116
0.155656
0.0821034
0.153447
0.12923
-0.00966853
-0.0127944
0.137908
-4.34055
-0.000527676
-0.000390869
0.00898488
-0.052136
0.941084
0.941917
-2.22853
-2.213
-2.31568
3.80705
4.68147
-0.124145
0.903646
0.936661
0.894391
4.66582
3.8543
-0.381701
-0.388767
-6.31832
-0.0151824
-4.33763
-4.39065
-2.08642
-2.29086
-2.15071
2.82643
3.93948
-4.90314
-1.81576
3.35752
3.2666
-3.09354
-3.14356
-5.21669
-2.69279
-2.49677
6.36629
-5.35441
-5.68544
-3.90299
-3.85698
-4.19153
1.03944
-0.343187
-0.421929
-0.384928
-0.429894
-0.341721
-0.610323
-5.17163
-4.15882
-7.47335
0.169236
0.203839
0.167612
0.112885
0.184613
0.141038
-1.50962
-0.650307
-2.43159
-2.45355
-2.2707
-2.32282
-2.376
-2.37129
1.22589
1.27804
-0.761628
-0.554672
-0.741992
-0.572091
-0.624009
-0.657066
2.18574
-0.607167
3.16733
1.67955
1.73144
1.76533
1.69493
-1.20552
-1.21751
-2.94633
-1.77529
-1.77249
2.18641
-0.53952
-0.530982
-0.384438
-0.402979
5.12861
-0.457742
0.429618
0.302617
0.234422
4.13078
-4.20133
7.39377
5.10934
5.85455
-0.965326
-1.05129
-1.08232
-0.0261274
3.065
1.08134
1.11343
1.08329
1.1772
-0.243691
-0.1245
-0.372729
-4.93378
5.79579
-5.19625
3.40114
3.76596
1.17858
1.146
-5.63852
1.67539
1.57354
-2.72565
1.36711
1.33287
1.44282
1.5352
1.99973
1.97502
-1.78065
-1.59207
1.88317
1.95714
1.99166
1.97595
2.50117
0.998186
1.10365
-2.1279
-2.11506
-2.19809
1.73237
-2.23778
-2.23208
-2.28055
-6.59083
-1.33831
-1.37274
-1.40813
-1.347
-1.34064
-1.43185
0.277817
0.129395
5.03981
7.24414
-3.54323
3.69253
-2.7401
-0.769565
-0.699592
1.77325
-2.79989
1.60848
1.72034
1.74034
1.69189
1.65056
1.89659
1.75284
3.18122
3.17301
-2.95528
-3.06622
1.8587
4.07239
0.82072
0.859813
-2.20333
-0.522463
-0.526093
-0.479525
-0.452609
-0.473374
-0.335841
-0.316053
-1.27946
-1.34135
-1.29883
1.29888
0.439935
-3.99807
1.85264
-2.84952
-2.86792
-2.6641
-2.91155
-2.79972
-2.73517
-2.80095
-3.99466
3.24664
0.755012
0.688776
0.820773
0.815535
0.775577
0.650295
0.670215
0.714267
-1.83214
-1.82957
1.84621
1.80116
1.7607
2.8783
2.9741
2.80716
0.400877
0.202428
0.292363
0.307228
0.263946
0.376437
0.300662
0.368059
0.272056
0.23747
0.15091
-4.32317
-5.03743
-3.68776
-1.1622
-4.39376
-4.4571
7.68238
3.3188
3.28052
2.85194
2.89121
-3.33714
-4.78429
0.703944
1.62478
3.07657
3.04093
3.0536
4.58592
-1.19611
-1.34975
-1.23215
-0.380767
-0.33299
-0.306175
-0.272099
-0.293329
-0.294396
-0.393736
-0.289021
-0.281864
-0.280793
-7.36616
-4.43548
-2.44865
-2.46593
-4.68741
0.845826
0.821462
-2.51973
-2.52168
-2.44094
-2.44553
-2.41999
-2.35084
-6.66134
6.97828
4.40369
-0.911486
-0.787438
-0.731317
1.50041
-1.01758
-1.03848
-1.00321
-1.0707
-0.636137
1.20625
2.47449
2.30325
-2.57035
-2.54084
-3.29657
-3.5185
3.62558
1.76393
-0.177355
-0.160758
-0.192888
5.84304
-2.21344
-2.09768
1.93477
1.98382
2.00355
2.14273
-4.23593
0.942129
0.971418
0.970879
0.971137
5.00514
0.116868
0.160665
0.078111
-0.0737843
0.137608
0.0590917
-4.89992
0.0747492
0.151424
0.224549
0.195765
0.110719
-0.0500758
-0.114797
-7.37261
-1.89705
-1.92971
-1.68291
-1.84697
2.33804
-4.4592
1.55284
-3.59297
-3.28048
-5.63094
-3.117
1.29492
1.1991
1.24122
1.1475
1.12058
1.01345
1.01733
1.21514
-2.52435
-4.20015
-4.30285
2.96924
0.224609
0.122038
0.106356
0.121345
4.61539
4.16024
-3.49408
-0.0823103
-0.0606941
0.0717997
-1.04045
3.44565
-2.01319
-1.94209
5.27867
-1.68081
-1.65646
-2.37362
-2.38434
-4.59317
-4.78597
2.21643
2.16919
1.01331
1.0229
1.02739
-3.22123
-3.37517
-3.1279
-3.31258
1.85951
1.87441
2.03271
1.95424
2.10824
1.77329
1.81155
1.88303
0.626682
1.39224
-1.48546
0.849973
-3.88421
0.295827
0.346957
0.319734
0.288684
-2.04209
-2.46683
7.10913
0.952242
0.872017
0.892869
-1.06019
0.722461
2.94706
2.78961
-1.65682
1.04473
1.10424
1.09855
-4.68373
1.11999
1.25034
1.36113
-3.86854
-2.95069
2.79826
2.69435
-2.85779
-2.72006
-2.71685
1.70128
1.68636
1.72762
1.74229
-1.45193
-1.38382
-1.35981
-1.48214
-1.48429
-1.3786
-0.0317773
-0.069447
0.0791979
-2.85852
-2.8033
-5.47268
-4.05145
-4.06481
4.96254
4.99005
1.83036
2.94805
2.98014
2.77057
0.0577293
0.16141
0.100483
0.696256
-1.5312
6.50581
-7.22208
-6.74527
-2.36997
-3.06658
-1.55857
3.56341
-5.87331
6.27607
3.47678
3.57711
3.53077
-1.018
-0.842959
-0.993631
-1.07824
-0.879237
-1.07106
2.10536
2.13718
2.22656
-3.82751
3.15196
3.08463
5.88152
0.670617
-4.00613
3.88869
-1.53299
-1.55426
-1.50774
-1.59827
-1.65218
0.0860114
0.0401958
0.0809668
-0.00851303
-1.72646
-1.57488
-1.66239
-4.01261
0.409206
1.49205
2.06471
-3.14068
-2.06505
-2.07475
-2.05026
-2.15435
-1.99627
-2.01398
4.85228
-7.58035
5.80153
-2.19098
4.26335
-4.10436
2.42902
-3.45141
-3.50342
2.36706
2.33679
3.14352
-0.303632
-0.265798
-2.20041
-1.60738
3.93323
4.33743
3.10177
1.39819
3.96974
3.38781
-4.57009
-2.20028
-2.14754
0.363849
-0.112415
-0.202401
-0.28859
-0.154227
-1.90974
-1.81267
-5.46903
-2.92327
-2.88747
0.95231
0.608276
0.243618
0.205621
1.11365
0.981089
0.915654
0.981249
1.7987
1.21863
1.19658
1.13628
1.32459
-0.10799
-5.24489
-2.56446
-0.443921
-0.439857
-0.377215
-0.452182
-5.05554
2.05037
-0.594281
-0.542538
-0.470246
-0.608394
-0.521366
-0.490452
1.0843
0.0622908
2.6232
1.46631
1.5581
1.4695
-3.74379
-3.82168
-3.86912
3.53879
3.39328
-1.19153
2.19481
2.13924
2.2032
2.09352
1.89707
2.07444
-2.51155
-2.30594
0.643001
-4.93235
-2.49783
-2.60705
-3.42035
4.54465
-9.9341
2.99555
3.14127
-4.32879
3.9237
-4.48728
5.97419
-4.46313
5.44138
-3.11498
-3.13243
-3.19149
-3.22928
2.69173
-4.05832
0.276605
0.858786
0.694586
3.82192
3.86524
0.598731
0.536473
3.93763
-2.82066
-2.98415
-2.8765
-2.89554
-2.93177
-3.49827
0.0602786
-0.0340734
0.215507
0.208387
0.218246
-1.18182
-1.21739
4.07132
0.491271
0.482028
5.08601
-0.986117
3.21425
-1.23388
-1.27763
-1.00216
-1.09756
-1.21055
-1.15502
-1.22286
-1.2759
-1.05974
-1.15564
-1.04061
-1.04334
2.76167
2.07415
-5.3524
0.312786
0.348787
0.390096
0.292929
-2.12703
-3.93012
-1.49273
-1.40718
1.52772
1.51566
1.4967
0.0213278
2.52629
2.56144
0.10936
0.0579051
3.07123
2.98983
2.79039
2.93605
2.81032
2.68075
2.90159
2.5008
-4.58747
-4.57332
-5.32839
-3.17411
-3.07298
-3.12693
-2.90827
-2.8644
-3.13262
-6.68099
3.87143
3.6074
2.77169
2.71229
0.0872734
0.105071
0.0845503
0.0301869
-0.146299
-0.114787
-0.170559
-0.260548
7.10005
-1.01413
-0.98948
7.3339
4.76359
-1.04455
-3.43187
-3.68689
0.122429
4.34253
1.69357
-0.288932
-0.166334
0.0138706
-0.194541
-0.293496
-0.161122
-0.124695
-0.132112
-0.151664
-0.479051
4.11442
1.81848
1.71021
2.81138
2.82672
2.81375
2.94446
1.88172
1.8517
-2.89188
-2.88033
-6.30581
4.20303
-4.67957
3.81802
-2.93016
-5.2585
0.359687
-7.22528
7.75633
-0.564151
-0.640792
-3.90888
4.7185
-0.27558
-0.211323
-0.190569
0.78477
1.72532
0.184844
0.228258
0.167689
-2.13952
-2.13272
2.7465
2.71297
2.70621
2.78326
2.87214
-2.32303
-2.35415
-2.33966
-2.69141
-0.504749
-0.532498
3.41315
3.3515
2.41872
2.2758
2.08742
5.24175
-2.1474
-2.08118
-2.11734
-2.12484
2.42509
2.36286
2.60243
2.52241
-3.59325
4.29758
-0.00869434
0.123252
0.0162186
3.45301
3.31593
-1.30404
-1.3669
-1.2899
-5.9835
1.97157
2.01526
-0.799037
-0.747303
-0.112867
-0.0449361
-0.130579
-0.205143
-0.146476
-0.213185
-1.14027
-1.02612
-0.845677
-0.0493983
0.261637
0.236777
3.03586
6.18117
2.98497
2.82744
2.85789
-1.09872
-1.13579
-0.960024
-0.428706
-0.487962
-0.488701
-0.453466
-0.458897
8.39998
0.493442
0.422838
0.533032
0.315162
3.43695
3.82333
-2.36718
-2.3363
-2.15131
-2.36934
1.86597
1.88317
-4.15713
-4.10069
0.644599
0.567121
0.552707
0.474098
-0.458332
-0.445094
-0.351029
-0.260109
0.938918
0.813231
0.861821
0.668836
3.93617
0.940856
4.28883
4.45473
1.55446
1.55023
1.7421
1.69124
-1.52692
-1.49818
-1.42508
-1.59457
-0.080375
-0.0692258
-0.134509
-0.131577
0.0894981
-0.00434122
0.0673872
-0.0220536
2.69839
2.79734
0.110721
0.118146
0.100326
0.0923566
-5.01539
-6.29766
4.39888
5.49138
0.456945
3.86596
-2.90477
-2.92009
2.55051
2.6261
2.76417
2.16012
2.14439
2.64658
2.57946
-1.18742
-1.16269
0.639442
0.676193
1.33577
0.904556
0.908235
0.869344
1.01111
0.835733
0.726175
0.54757
0.792466
-0.582418
-0.571056
1.91997
1.72309
1.77994
1.90093
-4.30319
1.69313
1.68431
1.5097
1.65768
1.68503
3.59067
3.53726
-3.90368
-3.76433
-5.15986
-3.69699
-3.7567
-5.17803
-4.37562
2.19827
2.2734
3.52413
3.44632
3.53779
-2.77232
2.14201
2.21708
1.97993
2.07588
2.03681
2.1952
3.66131
3.74312
-4.82352
-1.93415
1.40665
1.53467
1.68114
1.6768
-1.43187
0.913276
0.921869
0.0542049
-0.113016
-0.122426
-0.140843
-0.169403
-0.120464
-2.18212
-2.08387
-1.98604
-2.03482
-2.07692
-2.24512
-2.17241
-2.06977
3.37404
2.36015
0.7122
0.717437
-4.43154
2.08656
2.04071
2.00187
-2.89506
-2.90813
-2.79232
-2.91105
-1.57803
3.49378
-4.15233
-4.07285
-5.17687
-2.93324
0.560449
0.197024
-5.30565
5.43876
1.66071
1.62918
1.8452
1.74155
1.67857
-4.92252
-4.91108
0.688195
0.734484
3.78827
3.8316
4.36266
4.41186
4.40672
-1.57137
-1.60446
-1.71235
-1.52416
-1.50865
-2.96169
-2.90939
3.19835
3.03961
-3.5441
0.0159385
0.065717
0.0331778
-0.0459089
-0.0976316
-0.0463735
-0.0907178
-2.83194
-0.669693
-0.674024
-0.690127
-0.748555
-0.860969
-0.834676
-0.752096
0.36329
0.249053
0.267769
-0.843772
-0.720944
-0.592982
-0.727805
-0.639731
-0.715721
-0.842439
-0.717787
-0.735242
-0.70465
-1.04438
-1.15448
-1.9685
1.08291
1.04551
-2.94331
-3.02259
-3.14676
3.10856
-0.701652
-0.756608
-0.518541
-3.00688
-2.91187
-6.84114
-0.0683524
-0.10756
-0.155768
-0.283041
3.71792
4.91633
-4.01087
4.15173
2.66436
2.71083
1.4176
1.48042
-7.71474
2.05119
-4.50118
-1.72269
-1.60154
-1.6037
-1.59132
-1.58182
-1.51697
-5.35142
-5.39157
-0.16347
-3.14831
-3.36075
7.20801
-0.30967
-0.373613
4.81532
0.0571216
-4.9725
-5.08178
-0.491363
-0.626715
4.21425
3.07093
3.21608
-3.03156
0.24847
0.382424
0.341809
0.264517
2.5377
2.67255
2.29597
2.25008
-4.16043
3.15325
2.92769
3.01634
-6.34961
-3.92949
2.29199
2.32025
1.74396
1.83851
-4.26335
-3.21926
1.33279
1.27708
0.0640966
0.0108057
-2.85067
-2.74943
-0.944067
-0.815534
-6.26543
0.421927
4.06315
4.31657
-6.79751
-4.04294
-5.74465
3.29326
0.436978
0.520806
0.438267
0.297609
-1.23013
-1.35333
4.55485
-1.76634
-1.77937
-0.403279
-0.33691
-0.173901
-0.0883189
-0.033675
1.7402
2.00317
1.85394
1.3181
0.418068
-4.77681
-4.45108
1.01444
0.948222
0.944447
0.965258
1.05255
1.0345
0.966868
-0.643267
-0.503391
-0.465463
-0.825545
0.295318
0.262128
-3.29908
2.82
2.8255
2.90634
1.39331
1.43815
7.28929
-2.42413
1.94584
1.9303
1.81561
-5.10498
1.45286
1.27024
1.40389
1.3822
2.92948
-2.90178
-2.91217
-2.10966
-4.00144
-3.98369
3.71304
-3.722
1.47314
1.5501
5.99715
-3.66711
-5.0197
-3.21016
-4.05044
-4.1217
-4.94146
3.17002
2.99183
-2.33017
-3.8841
6.1641
1.87393
1.81248
-1.72171
-1.71463
-1.74713
-4.35703
2.21603
2.15745
4.35982
-4.04565
0.9389
0.919639
-4.64619
-0.599225
-0.57995
-0.447913
-0.41596
-0.584447
-0.59492
3.58969
0.670405
-3.70945
-2.90495
-2.2877
5.2444
0.894134
1.06592
0.92008
-0.548245
-0.687037
-0.632891
-0.604352
-3.49567
-3.30804
2.39208
2.35037
-3.89336
2.00622
6.91041
2.95643
-3.56825
-3.53818
-0.900447
1.07628
-2.94058
3.29716
2.90783
-2.65703
-2.53125
-7.32635
-2.80262
-2.78724
-2.79934
0.528781
4.62625
-0.258498
-0.373276
-0.354466
-0.411181
-0.295065
-0.322054
-0.33654
-3.87879
-0.720272
-0.795689
-0.886096
-0.7569
-0.824082
2.20744
2.1517
2.17566
-0.714672
-0.553824
-0.559891
-0.662903
4.46914
-4.35316
0.743296
-3.71383
-3.99397
-3.87656
1.54744
1.6279
1.63087
-1.41712
-1.58697
-1.62466
-1.49428
-1.47851
-1.48937
-1.48197
-3.40934
-3.59645
-0.0875643
-0.153367
2.78379
3.06123
3.11351
3.12808
2.53563
-2.74608
-2.23523
-2.14924
-2.0265
-3.76689
-4.26527
0.712806
0.632888
5.88146
-0.660734
-0.632291
-0.792319
-2.1861
4.85732
2.39158
2.44874
6.59884
6.67048
1.08452
0.993275
0.620763
0.691745
3.93479
4.10074
-6.01678
1.55222
-4.80741
2.38167
2.32969
2.29144
2.25882
4.75912
-2.86324
-0.151497
-0.0702605
0.948353
-4.60339
6.16491
4.50112
-1.03315
-1.03792
-5.42483
3.76019
3.81162
0.705903
-8.98993
2.06384
-2.18386
-2.33266
-2.32876
-1.30451
-1.12756
0.427593
0.248361
0.293538
-2.55997
-2.41609
-5.33234
0.043324
-0.082876
0.00118603
-4.81769
0.353324
0.345986
-3.48164
-0.3197
-2.1068
-2.1474
-2.15777
-2.18868
-2.17887
-3.45446
1.44895
1.64163
1.68085
-1.03785
1.23306
-4.90828
-4.90894
-4.64398
-0.00935697
5.10449
-3.25664
-3.28832
-3.22499
-4.59898
0.18495
3.72752
9.5268
-3.25497
5.38602
0.174726
0.0534962
0.247767
0.0338575
-0.238102
-0.145866
1.61029
1.58647
2.19989
3.26599
3.28664
3.24685
-0.975502
-0.915553
-0.81355
-3.52855
-5.22176
-9.14314
4.91012
-1.68487
1.53808
2.59353
2.48206
2.39706
2.64832
0.795626
0.612264
4.45526
-2.31109
-0.921849
-3.32481
5.84456
4.75782
4.73234
2.77645
2.58559
2.50176
2.52974
-6.82006
5.57328
-2.24643
-2.19743
-0.104263
-4.51976
-2.02358
-4.2345
2.84769
3.11244
2.4556
2.40601
2.56487
2.38884
0.13203
-0.0218915
-0.0243205
-0.00715252
0.00606373
-3.89017
3.10999
3.016
-3.71021
1.37248
-1.72452
-1.7449
-1.78139
-1.77743
-1.79722
-1.84042
-1.84691
4.59471
-1.74843
-1.76361
-1.71703
-1.72363
4.20584
5.14506
-1.09982
4.79858
4.45881
-4.41531
-2.03757
-2.05617
1.07966
1.06925
1.15722
1.09882
3.27832
3.30639
-1.74326
-1.69879
5.25792
1.42448
-0.762966
2.09119
1.92129
1.93833
1.89324
0.193444
0.010003
0.0442013
0.171945
0.00943244
0.0481034
0.218027
0.0700366
-0.290587
5.00484
3.47848
3.34905
3.39454
2.73894
2.80532
-0.35786
-0.418896
-0.390184
5.87405
1.3816
-1.95231
-2.23704
-4.84336
-3.06331
3.57833
3.51952
3.54833
-1.39143
-0.751442
-1.20036
-0.12149
-0.123989
-3.15258
-5.00626
3.87928
1.28661
-3.22908
4.03689
4.50562
1.03485
-0.225098
-0.225442
-0.2845
-0.234211
-2.80418
2.50375
0.539377
0.758895
0.721166
0.646605
0.701353
1.7064
1.64552
-3.95717
-1.7136
-1.79732
0.99517
1.0606
1.81627
5.17982
-0.391732
-0.450834
-0.383679
-0.40099
-0.366605
-0.366733
-3.40327
2.39638
2.29161
1.51862
1.50406
1.45277
2.59818
2.47104
-2.56285
-2.44199
-2.46006
0.664692
0.622841
0.625395
-0.56851
-3.99887
1.35805
-4.96666
-3.15617
-3.15625
1.56993
1.55185
1.7146
5.21761
1.5753
6.7172
2.17169
2.28947
1.90904
4.39428
3.45324
-7.43869
2.19604
2.20041
2.20495
2.22055
-2.91058
-2.78593
-1.14398
-1.14804
-1.09048
-1.04231
-1.11638
-1.32173
2.303
2.31425
2.20125
-3.44875
-3.41982
-3.05755
1.93363
-5.55039
0.665367
0.415427
0.524559
0.635802
0.0717153
0.212438
0.196598
0.31723
0.964586
-2.53277
-2.44962
1.72759
1.66545
1.9013
-0.6339
-0.709979
4.23033
-2.90986
-3.06842
-3.02767
-3.0021
-3.11252
-6.45795
-3.28159
0.919689
4.38069
-1.29829
5.18449
-1.3541
3.81656
4.18331
2.57877
2.47468
0.346002
0.350752
0.327721
1.44717
2.47098
-2.84736
2.5954
-0.169012
4.36283
3.2018
-2.69986
-2.4408
-2.44993
0.860401
2.23324
2.09453
-1.90185
1.5753
1.50832
1.36047
-1.14424
-1.14418
4.43372
4.43849
-1.19097
-1.27077
-1.35006
-1.31065
-1.39712
-1.34329
-1.42578
-1.26089
-2.24586
-3.63756
-3.61198
2.02215
0.216145
0.211495
0.364992
4.00436
2.93831
3.03313
-0.373417
-6.63151
-1.01832
-5.22781
-6.77385
-2.46017
-2.53583
1.84305
2.09126
2.07097
2.47822
-3.33196
-3.35819
-2.86056
-2.73699
-4.96116
-3.55917
1.17436
1.25485
1.13686
1.14176
1.32587
-4.0979
2.28783
2.2204
-1.86139
-1.9257
-5.09254
6.2094
2.1617
1.99746
3.07168
-1.47741
-1.49273
-2.79854
-1.7859
1.40575
-5.35662
2.36269
2.25143
2.14365
2.77091
2.68326
2.83057
2.66897
-2.53934
-2.39011
-2.36673
-3.05966
3.19899
-4.90223
-4.28441
-2.57091
-2.59325
-2.53969
3.81443
-0.0836474
-0.367938
-1.78831
2.66206
-0.00533626
0.154806
-2.99589
-2.64411
2.03591
2.18519
2.15273
0.75037
0.7915
0.822361
0.349855
0.518024
0.484083
0.429305
0.381965
-0.878203
-2.27555
-3.35364
-3.12505
-4.02285
-4.0375
-1.30018
-1.38455
-0.237702
0.0517091
0.0206514
-0.0211762
0.0595329
-0.300293
4.34114
2.50394
0.675075
-0.248745
-3.189
-3.19325
-3.18506
4.26923
4.26819
0.920111
0.811738
0.95589
0.949552
-5.06464
-0.36053
-0.368911
-0.93057
-3.44537
-3.46963
0.804257
0.809917
0.732348
0.81891
0.755927
-0.109363
-0.321108
-0.295909
-0.337635
-0.290558
1.86576
1.87532
1.89559
1.9154
-3.83706
2.30941
2.28464
4.74272
2.78288
2.5591
1.09114
1.40789
-5.9906
-4.03213
-3.22144
-3.31457
0.779894
2.97591
1.31429
1.30161
-5.49517
4.4508
-4.1443
-4.15227
2.63167
2.71812
2.57207
2.56727
2.60282
0.772573
0.766638
0.846606
0.75249
0.708078
4.92339
-4.61765
-0.616622
-2.03347
-2.055
-2.05214
-2.22553
5.0097
-1.90504
-1.99035
-0.065326
-0.0760064
0.406774
0.555976
0.507728
0.450617
0.474716
3.66216
1.37799
1.31583
1.39057
4.53943
-3.63791
-3.57478
1.35036
1.33417
-0.755515
1.48315
-2.17639
-2.12876
-2.2273
-1.96258
-2.37839
-2.21135
-2.13947
-2.08939
-1.95789
-2.02612
-1.17554
-1.3468
-1.49972
-1.45615
-3.89361
-5.20959
-5.86421
1.9494
1.96015
2.69748
6.22157
2.38096
-0.905775
-0.944191
-1.02449
-1.02641
2.85866
1.28789
1.39413
1.34376
-0.304675
2.03541
2.06903
-3.14086
-3.03126
2.10496
2.09222
-1.86567
0.118053
0.0806684
-4.78684
2.46356
2.46037
3.93052
-1.95763
-1.91535
1.37207
1.34282
1.3931
1.4245
1.35405
1.21829
1.29731
3.5233
3.44782
3.35144
3.92309
1.36254
1.42972
-6.9259
2.35446
-3.793
1.72141
3.13786
-1.99109
-1.97674
3.59848
4.82125
-2.68987
-1.58071
-1.62243
-3.26585
3.90952
4.16799
-2.13637
-2.17056
-2.11102
-2.11387
-2.16253
-2.29133
-2.49318
-3.36065
-3.57605
0.14871
-0.112538
-0.108385
-0.0296358
5.00562
4.6632
4.18325
4.71225
-3.10217
1.59899
2.31405
1.64923
5.52346
6.98419
-4.16793
-4.18754
-0.2969
-0.31448
-0.307866
5.48202
6.34327
-2.60902
-2.56195
-2.86092
-5.33942
0.294877
-6.67083
0.405765
0.63372
0.608958
-3.45658
-3.52607
6.02433
4.12031
-0.440619
-0.51796
-0.498283
-0.50342
-0.546514
3.31894
3.08182
3.14372
3.56443
2.44597
-4.84096
1.94539
3.02699
-2.84505
3.76239
-4.21039
-3.97952
-4.12507
-3.29445
-1.99088
-4.75812
0.75056
0.798438
0.870037
4.02503
0.973228
0.854273
0.988341
0.971406
1.01685
3.61731
2.15498
-1.70263
-1.80356
-1.69088
-1.87973
-1.81488
-1.82811
-1.83485
6.07288
1.91225
1.89167
-3.9671
-3.26445
2.121
-4.69153
5.30468
1.7054
1.70036
1.74276
1.10984
1.25019
2.27814
2.25396
4.67491
-4.27117
-2.88459
-1.31979
-1.32881
-4.27154
-3.84708
2.68578
2.66672
-6.30758
3.70577
1.40674
1.56291
0.527891
0.532771
0.65102
-1.07752
-1.09765
-1.24955
-1.08724
-1.29703
-1.32603
-0.568479
-0.590789
-0.589686
-0.475333
-0.549367
-0.530819
-2.39628
1.44529
-0.552652
-0.493301
-2.72405
-2.91959
-0.790343
-0.832834
0.776841
0.760253
-7.62503
1.41904
1.41323
-0.0927258
-0.0519809
-2.3777
-2.16905
-1.76618
0.842121
-0.868871
-0.766234
-0.932274
-0.836533
6.46077
-1.40658
-6.43184
-4.45078
-5.02165
-4.08308
4.79951
0.144822
-2.59902
-2.66886
-2.63577
0.492243
-1.90474
3.72968
3.77208
3.7385
7.25761
-2.56276
-3.14702
-3.04763
3.77797
4.9367
-4.044
-1.69476
-3.69672
-2.18
-2.14485
-4.02177
-0.246257
-0.340976
-0.213765
-0.211343
-0.256824
-0.199259
-0.321679
-0.197111
-0.153813
-0.179675
-0.353962
-0.340305
4.02281
-2.37555
-5.1248
-1.81682
-1.85349
-0.913241
-0.837579
-0.838611
-4.18133
5.24019
0.231729
-2.1778
-2.12107
-2.2037
-2.09081
-2.11011
-0.0712393
-2.45843
1.41022
0.644414
-5.51908
1.32585
1.0833
1.12693
1.19319
1.30303
1.28626
3.01318
3.04587
4.25555
3.95252
3.8391
0.443664
0.306323
1.76335
2.60249
2.36333
1.0531
5.7511
5.20498
-5.75245
4.02219
-7.4571
-1.09882
-1.06503
-1.22921
-1.15791
2.13217
2.34277
0.601201
-0.812357
-1.72523
-4.51503
-3.93093
-3.95324
-3.6078
-3.64534
-0.639764
3.6701
3.51862
3.40572
-1.34221
-1.47335
-4.09528
3.42795
-1.41378
-1.35329
-0.336745
2.75538
2.56697
-6.28248
-2.72999
-2.70074
3.8517
-0.099266
2.93974
-3.33126
-3.13908
-3.27897
-3.09358
-3.13437
-2.80973
0.439356
0.404021
-1.66842
-1.71634
2.18336
2.17401
-0.679433
-0.616461
-5.78981
4.00014
4.05672
6.0891
1.10943
1.28579
1.27426
-0.936867
-0.943376
-0.880461
1.87734
1.90873
-3.1776
-2.62881
-2.63758
3.78319
4.09792
3.20379
-0.0602631
-3.45606
1.81247
3.07307
-3.03854
-2.96097
-1.67264
-1.71777
3.75671
3.80274
2.10422
-3.55726
-3.52554
-3.71847
-1.05381
0.485184
8.02861
4.59641
-5.9389
-1.37282
-1.28135
-0.868494
-0.00032523
0.0765546
0.106314
-4.34762
-0.961781
-0.94042
-0.979646
-1.07981
-1.01924
-0.907694
3.66561
6.23696
1.73766
1.95403
1.73686
-0.548138
-0.433549
-0.518368
4.56848
3.16347
3.29325
-3.1636
-3.26267
4.8259
2.73292
-0.668623
-0.713586
-0.825218
2.69603
-2.00818
-1.99641
4.25767
1.86305
1.88364
1.93668
1.92451
1.8883
0.957294
0.951181
0.964788
1.00797
4.3424
-2.92881
-2.9012
-2.38973
-2.30805
-2.25099
-2.2989
-1.58904
-1.64929
-1.78854
-1.59603
3.68326
-0.609762
0.564946
-1.98617
-1.90368
-2.07678
-2.00613
-1.12469
-1.12246
-1.03057
-1.10388
0.535836
-2.83168
4.6708
2.70022
2.62927
2.71541
-2.01728
-1.97442
-2.04889
-3.065
-2.9487
0.148694
0.595585
0.753182
0.773891
0.533518
1.26705
1.24357
1.21083
1.27405
1.2335
1.17243
1.56582
-5.83762
-1.98277
-2.07137
3.49414
3.56726
0.00607591
-0.0351599
-0.1285
-0.196134
-0.0736317
4.12688
-1.14959
-1.34096
-2.53319
-2.40666
0.357149
0.337715
0.318809
3.88288
4.47275
7.32623
2.97066
-4.96318
4.52163
4.58974
2.5009
0.794858
4.00207
4.06249
6.44357
4.01471
1.22464
1.23111
1.14123
1.30984
1.13386
1.0754
-3.28186
5.22259
-1.47108
-1.5776
-1.49917
-1.35156
-1.38831
-1.29791
-1.38049
-1.44372
-2.24335
-2.31551
-2.30115
1.72122
1.78041
-2.27815
-2.29056
5.08552
5.69018
2.93088
-3.77882
5.01511
-1.38249
-1.39518
-1.4373
-3.18236
-3.03584
-4.74169
-1.15195
5.37251
-4.40793
-4.34495
3.10738
2.9551
3.04302
3.04682
3.47705
3.14507
3.18524
1.60541
1.67487
1.68339
1.67925
1.68801
-1.75654
-1.80471
-5.79079
4.71772
-1.01092
-1.05179
-1.045
-1.21216
-1.09177
-0.993702
-1.12647
-1.08432
-1.16379
4.37457
-0.143495
-0.125284
-0.127334
0.0609551
-0.0630007
-0.0300097
6.14855
-5.21987
-0.535305
4.40106
2.86585
2.4907
0.69779
5.37563
-3.79124
2.50076
-3.63927
3.14632
3.21794
2.9729
1.21068
1.14418
1.03868
1.15818
1.04458
-1.18356
-1.16022
2.09067
2.06722
2.00394
2.06653
-0.729096
-0.544838
-3.23478
-1.36708
-1.31327
-1.24435
-1.26717
-1.44202
-1.31509
-1.24398
4.0469
-5.16088
2.99168
-5.25344
-3.01989
-2.86061
3.50692
-2.46468
-2.57967
1.05367
0.980719
-3.55363
-6.16951
-2.07376
3.71341
3.61143
7.72077
1.90594
1.77405
-6.30881
1.35746
1.29953
1.4254
1.52358
2.19536
2.18319
1.9961
2.06881
2.01988
2.09053
-0.632633
-2.23901
4.64132
-0.765395
0.013709
-0.00434877
-2.63226
-1.86849
-4.87797
-0.936004
-3.98154
-5.87315
-4.07401
-4.07692
-6.68193
-4.01817
4.216
1.94886
1.8184
1.93054
-0.353994
-0.434586
-5.22972
-0.611315
-0.111467
-0.123402
-0.0560818
-0.158232
-0.829274
-0.883083
-5.54539
1.04193
0.9509
1.01145
1.03266
2.7403
0.857347
0.847067
0.983733
0.901772
0.862419
0.856149
0.850874
-0.504832
-4.52752
6.87459
1.20005
-1.68397
-1.64401
-3.16804
-0.638055
-0.577015
-0.688492
-4.01475
-1.05519
-0.858752
1.24008
1.35049
1.28709
1.45945
1.33202
-4.98749
-3.587
-3.5324
4.60401
0.0234243
-0.186234
1.99285
-0.270962
-0.206076
1.29441
1.27407
1.0892
1.16909
-5.43428
6.38942
0.502794
0.633214
0.645965
0.67321
0.634255
4.7929
-2.3094
-2.28082
-0.84448
-0.677492
-5.30469
3.75692
4.49225
-3.14393
-9.6816
-2.02745
-2.29298
-2.13027
1.56809
1.60209
-5.22808
2.84638
2.80851
-3.31822
-3.3146
-6.41915
4.29556
1.89287
0.0360101
-0.0246374
-0.0148486
-4.13677
-0.857974
-0.770277
-0.774243
-0.859623
0.351943
0.36777
-0.930223
-1.04922
-0.928383
0.906034
0.870659
0.825701
0.865435
0.818361
1.96856
1.98829
2.05415
1.8794
1.90359
-0.742986
-0.798842
6.32084
-4.024
-1.43356
-1.36119
-1.34745
-1.3906
-0.160602
1.2606
1.20274
1.2566
1.27595
1.48418
1.37223
1.40412
1.3787
1.40601
1.36028
1.35063
1.37132
-3.18542
-3.06872
1.0176
-1.43877
3.91403
-0.100848
0.043853
0.110742
-0.0112326
-1.42539
-1.37239
-1.44022
-1.41542
-1.44681
2.6097
-0.997474
-1.03191
-1.04189
-0.99128
-1.00099
-1.05853
-0.947215
-1.04665
-0.970694
-1.0045
-0.953177
-0.999523
-3.98758
-4.01402
-5.91404
-4.46346
-3.67363
-3.55058
-0.807411
-0.816544
-0.806611
-0.792433
-0.799472
-0.767888
-3.47424
-3.5195
5.43734
-5.78938
-2.12448
-2.1238
-2.12695
-2.03393
0.107963
-3.23879
3.28223
3.18487
3.29169
-0.435305
1.5531
1.47229
1.43832
1.45219
1.53717
1.64569
1.46787
1.48136
1.42045
-0.692949
-0.589564
2.55892
2.54583
2.49073
2.53363
0.789339
0.764019
8.29521
-1.91323
-1.98088
-1.96719
-2.04152
-1.37029
-3.42279
-4.30868
-3.534
-3.75292
4.01225
-5.43836
-4.5597
-6.45944
-2.8489
-2.93188
-0.610905
-0.689962
-4.30582
6.34287
-0.0218266
-3.62285
2.79122
-4.87261
0.00386602
0.329446
0.30029
0.277096
0.357545
0.310804
0.371247
0.27902
2.18124
5.59693
0.00286643
-1.8413
-1.76977
3.99412
3.15496
-4.30044
-4.67252
1.55316
1.66379
-7.08982
-0.631985
-0.637123
-0.576681
-0.617432
-0.634613
-0.586971
-0.676614
-0.776974
-0.527969
-0.602226
-0.55928
-0.569365
-0.668349
2.69917
2.88622
-2.77851
-2.88885
4.63786
3.28962
-5.97319
2.29857
2.16014
2.30254
2.21582
2.38307
2.22765
2.27598
-7.36503
0.712502
0.800067
0.805496
0.680985
0.707545
0.703594
0.028997
0.723316
4.42
-1.31721
-1.38524
-1.46547
-1.45018
0.509609
0.772796
0.714617
0.520914
0.635772
0.719297
0.591364
0.726294
0.664383
3.29125
3.1593
1.49065
1.30742
1.3979
5.69879
-0.0448623
3.78176
7.63939
-5.50905
4.65615
3.72751
-3.19856
-6.71918
-4.23873
-6.87406
-1.29275
-1.38273
-1.28836
-4.14442
4.48133
4.42786
-0.16356
-0.164763
-0.616232
-5.70193
-4.0296
6.73725
-0.465927
3.94821
2.01165
1.95803
1.86015
1.87184
1.88533
1.88904
0.0072686
0.0160251
0.0159926
-1.78611
5.9891
4.09692
4.04266
-2.53746
-3.74734
-1.68488
-3.29425
2.22121
2.14445
2.23551
5.85817
-1.06785
-1.10587
1.27505
2.43662
2.3059
2.23077
-3.63488
1.88337
4.97892
-0.459501
-0.347094
-0.317902
4.16727
-3.16049
1.14434
1.23666
1.15143
1.24612
3.68132
2.40432
2.45316
-1.51586
2.19385
2.16589
2.37322
5.74734
2.97691
1.04555
1.18542
-5.29683
1.05404
1.02024
1.17223
1.19069
1.16066
1.15903
-6.64501
1.20654
1.12582
1.1403
1.26058
-1.76793
-2.43631
0.886406
0.778174
1.04835
0.904326
2.43566
-0.785291
-0.769476
-0.992626
-0.997501
-0.859169
-0.979614
-0.91309
-0.603154
-0.673298
1.07263
1.06439
1.26409
1.1536
6.9961
-3.60739
-0.505786
-0.517059
-0.506182
2.52414
2.60893
-4.09463
-1.57427
-1.5998
-0.92301
-1.03383
-1.01675
-1.18882
-2.48541
-2.51444
-0.180582
-0.155093
-3.22965
-3.17867
4.47545
1.04471
1.08298
-3.52168
-3.63445
-0.851677
6.1584
3.91067
5.50678
-0.287831
-0.298129
-0.310667
-0.142261
-1.23442
-5.33332
-0.445054
-5.50236
2.39369
-1.12152
-1.23025
-1.17004
-1.13648
3.5079
3.50907
-3.52574
5.78152
-0.3143
1.61653
1.61438
1.65743
-0.52288
-0.517129
-0.562153
-0.48672
-0.602184
-0.43624
-7.71293
4.01907
-4.45319
-1.41529
-1.36092
-1.50305
-1.67558
-3.52597
-3.05592
3.15983
-4.35782
0.452786
2.09259
2.10554
1.96963
-1.72901
-1.82235
-1.75989
4.29389
-4.39079
0.330324
-1.01394
-1.03839
-4.50778
-6.7337
-3.67594
-3.90374
4.26545
-2.20079
4.56103
4.52975
0.646063
0.656021
0.542282
0.668173
-3.90295
-4.09502
-5.52788
-4.69199
2.52313
2.43775
2.4176
5.69534
-2.03565
2.19153
2.31847
2.08654
2.28586
-2.55548
-2.65968
-2.41676
3.98702
1.22348
1.28205
1.24917
1.45512
1.40883
1.37293
1.12435
0.457944
-0.0570937
0.0160042
-0.0300003
-3.58962
-3.50586
5.69034
3.41888
-4.49279
-2.63393
-0.438105
-0.44871
-0.553552
-0.481381
-0.404032
-0.412696
-0.699113
3.42107
-2.94107
-2.95189
0.229403
0.242385
0.300476
0.173341
1.5689
-5.43155
-0.403698
-0.371073
-0.379633
-0.362
-0.374537
-0.383409
1.85647
1.93136
-2.81539
3.88262
3.49113
6.02299
-4.07351
3.77826
3.81983
-3.6248
-3.49311
0.29732
0.315145
0.478168
1.42073
1.37733
1.29321
-4.72357
1.78754
1.787
1.75638
-2.34764
3.54343
4.16937
-3.20377
-4.27866
0.0104781
-3.85017
-3.86923
-4.33929
1.02089
1.06472
1.19597
1.13739
1.08241
3.91174
3.01344
5.42652
0.522885
0.537416
0.712143
-1.9675
-2.07237
-1.8996
-3.15115
-3.15346
-6.01953
3.47199
-3.07782
-3.12649
-5.57189
-4.24105
1.65246
1.93837
-6.02448
3.40252
3.17858
5.31566
-2.50039
-2.52223
-0.692045
-0.662286
-0.702056
-0.56648
-0.571752
-0.561852
2.15241
2.09356
2.09742
3.21046
1.87337
3.49765
0.598038
-2.87332
-2.98016
-1.84687
-1.78628
-1.72904
2.12553
2.20439
2.1178
2.12677
-3.4683
-6.73945
3.67058
3.83424
-2.59924
-2.61104
-2.57631
-2.50572
-2.65384
-1.33886
0.949015
0.92681
0.889129
-2.53807
-2.3948
0.711914
0.780498
-4.52578
4.86636
1.62768
-4.10113
-0.746189
-0.749546
-5.10258
-2.84686
-4.98652
-3.21825
-4.60105
-1.07447
-3.11634
3.64626
-0.429331
-4.97404
-1.21065
-0.181843
-0.167542
0.894059
0.819095
-4.53476
-3.32153
-3.47282
-0.0482427
-0.237348
-0.221428
-0.256832
-0.0911801
-0.277719
0.500133
0.699483
0.588642
0.632862
0.747189
0.785156
0.72005
0.684282
0.720651
3.42246
7.85913
0.54607
3.51699
3.70321
-3.7087
-3.83319
-3.84995
3.35121
3.27611
2.62518
2.72424
2.71883
2.60561
2.74215
2.75668
3.28216
3.35634
3.4591
-2.46535
-2.5261
-5.29478
-6.45379
-0.617937
6.09401
-1.49886
-1.5362
-3.49284
-1.22134
-1.25116
-3.92362
-1.36924
-0.166229
-0.165235
3.81827
-2.23479
-0.229986
-0.124301
-0.263521
-0.172081
-0.221061
3.66025
3.85833
2.18972
2.20725
-4.57262
-3.17717
2.67559
-0.445989
-0.4622
-0.378827
-0.505643
-0.546127
-0.550827
-0.386943
-0.418288
-0.370028
3.18848
3.19596
-2.07827
-2.10342
5.83839
-2.61596
3.93352
3.86441
3.88918
-0.723024
-0.724733
-0.681139
-0.562399
-0.438121
-0.548947
-0.475449
0.0464063
0.0307318
-4.30687
-2.36193
-2.36455
1.964
2.00381
1.91532
1.99168
1.93732
3.78472
-5.28485
0.393528
0.329433
0.31445
-0.72507
-0.651156
5.01621
2.80142
0.144319
0.116258
0.0960681
-2.29553
-4.88267
-1.95858
1.64684
1.54493
-0.729093
-0.750783
1.83697
1.90383
0.503619
3.85753
-1.32096
-1.24332
-1.27186
-1.29194
3.20453
0.22307
0.254339
0.239791
0.348191
0.310016
0.407887
0.292722
-3.34733
-3.43911
-3.99453
-0.693693
-0.722718
-7.62441
2.51747
2.57449
2.18794
2.37305
2.22796
-0.920961
-0.82457
-0.864229
-0.759906
-3.29364
-0.19281
-0.0344998
0.492803
0.606698
0.617488
5.80351
-0.622662
-0.584643
-0.795413
-0.78776
-0.654123
-0.58549
-5.15536
4.50136
5.05381
-2.97674
-1.45861
-1.53605
2.11858
2.17772
2.24557
4.62062
-1.70035
-1.6874
-4.88174
0.559061
-1.43602
-1.43563
3.90554
-0.138125
3.43076
2.0902
0.153663
0.223008
0.0512339
0.0391612
0.0551387
4.85893
-2.65291
-2.67065
-2.60028
-2.59147
1.98055
-4.00287
0.570713
0.634806
1.96324
1.94714
1.98583
-2.00593
-1.72498
4.88216
0.170374
0.299327
0.244162
0.34471
0.244075
0.25604
0.264599
-1.23986
-1.26309
-1.2524
1.65629
1.7327
1.73024
1.71543
1.50077
-6.08208
-3.56329
5.0504
6.06147
-1.58376
-1.67588
-1.82829
-4.03165
-0.843124
-0.902965
-0.798312
-0.813193
1.66546
1.66264
1.46679
1.46269
2.08279
2.18239
4.18393
-3.99698
-0.325484
-0.28866
-0.292651
-3.02958
-1.25608
6.45768
-2.24242
-2.43676
4.80818
-2.88299
-7.46073
-0.389749
5.02443
3.22568
3.15957
-2.13794
-2.13528
-2.17515
-2.02396
-2.12705
-2.24256
-2.18878
-2.13124
-2.10689
-2.17836
-2.96809
4.25668
-1.2805
-2.39771
-2.25224
-2.32391
-2.44343
-1.33725
2.71761
2.46475
3.81016
5.42262
3.54353
3.43975
0.495925
-4.54367
6.53027
-0.145225
-0.0650366
-0.0846386
-0.117077
-0.164584
-0.419258
2.12165
2.15482
2.1927
2.09727
3.99276
-5.25738
-4.0499
-2.26362
3.48115
1.43959
1.51748
-2.34603
-0.531552
-0.547044
-0.523975
-0.506681
-0.510816
-0.522538
2.85421
-1.50744
-1.61191
-1.48799
2.51432
2.6162
-3.07977
-3.2729
-3.23712
1.10032
1.15469
0.523513
0.627534
0.708376
5.51276
-3.00622
-2.87095
-2.83726
1.20897
1.2255
1.26106
1.32676
1.3261
1.15104
1.12758
1.11029
1.22272
1.23777
1.11159
-2.43772
-0.230486
-1.2198
-0.917136
7.11177
-4.2166
-4.22564
-4.16081
3.68526
-3.136
-2.80598
-1.58088
-1.48535
-1.55998
-1.6103
-1.53379
-1.483
-3.89666
-7.39378
-3.04797
-3.1183
-6.59888
0.354097
-2.64259
2.3417
2.56946
0.0503753
-0.0893014
-0.00645422
0.0191137
4.82411
-2.72059
-2.74034
-3.16646
1.05216
-0.352255
-0.398944
-0.348963
-0.361805
-0.414157
-0.188266
4.3391
4.27083
0.692255
0.508051
0.678419
-0.113102
-0.072101
0.0753507
-2.58048
-2.64503
-2.64475
-2.56309
2.46901
-3.44706
-4.12971
2.11662
2.14897
1.70417
-2.06158
4.4453
-2.54816
-2.55614
4.92763
3.96977
-0.985486
-1.01667
2.33134
0.499747
0.480406
0.756048
0.314522
0.249309
0.319921
0.361417
-4.4786
2.27466
-1.82576
-1.87262
-1.76766
-1.76439
2.54576
2.56523
1.74274
-5.48376
5.55063
3.64479
-1.58261
3.32923
-2.17517
-0.760021
-0.896777
-0.944412
-0.944832
-0.964455
-0.825836
4.71314
3.40403
2.26118
-2.4361
-1.17052
-1.34325
-1.41325
-1.30718
0.0685934
0.122263
-0.0444286
5.90501
3.98123
3.91845
5.06905
3.47298
-6.91663
7.75147
-5.33718
5.98515
-3.63663
-0.150327
-0.226202
-0.0955419
-0.207288
2.73096
2.78843
-4.14001
0.1443
-3.50483
3.06059
-4.58852
0.510189
0.527602
-3.08037
-3.12405
4.35466
-3.90748
0.145359
0.0421825
2.53602
1.54406
1.63802
1.52004
-6.08272
2.64604
-6.35958
0.524039
1.62379
1.65977
2.97514
0.955661
4.12471
1.77342
1.65593
1.68663
-4.9506
0.259156
5.21083
3.57496
-4.64567
-4.38965
-4.33841
4.55004
3.68996
3.6297
-7.70884
0.168601
0.119667
-2.58688
-1.83936
2.78761
-3.07391
-2.85
-2.83737
-3.1217
4.00463
-0.206232
-0.124458
0.533046
0.569236
-6.3541
-2.27585
-2.2382
-4.52171
-2.44013
0.0237383
-1.4287
-2.69393
-3.38396
-3.44721
-3.32984
-3.25538
-3.26983
2.35099
2.53586
4.88423
1.54038
1.63581
1.60152
3.82186
-5.45592
3.71014
3.5718
3.41799
3.3216
3.63047
7.62002
-0.0994749
0.00118269
-4.33189
-4.37938
-4.20396
2.59819
2.71063
2.62359
2.55352
2.29425
3.81054
-2.9817
-1.45183
0.625911
0.68791
-4.1304
1.60511
1.49683
-4.99251
-2.5992
-2.53583
-2.70136
0.727316
0.742955
0.696946
0.752624
0.789163
0.685036
0.651827
0.645765
0.766051
3.1613
2.35817
-5.52779
-1.83178
-0.0879938
4.35364
1.20785
-5.00502
-4.07789
4.12673
2.26834
2.05519
4.49659
-2.65809
-2.60494
-4.98459
2.4355
2.35394
-5.67339
-9.63558
-1.21747
5.09101
-0.0839384
-0.00653672
-1.62619
2.36037
1.91539
1.92336
-3.63283
-1.13454
-1.08145
-1.09158
-0.963759
-1.01598
-1.19215
-3.44833
0.950177
1.1867
1.11185
1.08542
1.1111
1.10913
1.11816
1.08695
1.06727
-0.222731
-0.276097
-0.250095
-0.161279
-0.253195
-0.262789
-0.283462
-0.670596
2.61408
-1.88155
-0.819867
-0.964171
-3.14888
-3.26691
-3.22536
2.72405
2.813
2.67783
2.67589
-3.90524
0.760018
0.756237
2.61358
-3.79298
4.18462
4.56789
1.19808
1.20486
0.905537
0.945542
7.82948
-4.79375
1.53296
2.69007
-5.77918
1.01037
-3.14363
-3.05944
-1.77702
-1.72583
-1.75774
-3.70642
5.84623
-1.45201
-1.28295
-1.42714
1.08073
1.05059
1.01
-4.69609
2.43271
2.38948
3.06757
3.20623
-5.27799
-3.35987
-3.25419
-3.24689
-3.20757
4.87228
2.46309
2.5925
-3.10994
0.805692
0.764183
0.662673
0.830347
1.92124
1.90656
2.83887
2.86581
-8.65371
-4.65358
-0.484333
4.9904
-2.78744
3.24879
-4.83227
2.00826
4.93866
1.33602
-2.5082
-1.3677
-1.30863
5.80641
0.643597
0.669017
0.678951
0.704639
2.25779
2.33089
3.54483
3.804
-3.11317
-3.28042
2.16197
2.15306
0.0101178
-0.793974
1.42399
1.57227
1.44999
1.46875
1.52149
1.46077
-1.99555
-1.97141
-5.68794
3.95747
-3.43307
-3.31875
-3.66729
1.26549
4.20563
-0.18416
2.92252
-1.2167
-1.07187
-3.0578
-3.1304
3.99047
-0.717057
-0.742224
-0.706039
-6.09167
-0.0177273
2.6442
6.75081
-3.02327
3.71257
2.49425
2.32385
-2.42307
-2.43978
-2.52064
-7.87952
-1.97699
-1.86627
-1.96722
-2.69147
1.8648
1.80543
1.82514
1.80305
-4.55702
-4.62221
0.103722
0.0721851
3.35255
2.5256
2.59621
2.59987
2.65252
2.26277
2.19982
-0.478994
-0.532314
-0.798208
3.9149
3.83977
2.12571
2.07006
2.17414
3.57823
0.500876
-4.91344
1.47475
1.47865
1.39449
2.04131
1.97037
-2.17298
-2.30351
-2.18159
-0.410128
-0.399737
-0.411654
-2.7065
-2.71824
-2.90554
-2.6455
-4.88644
1.60481
0.78517
0.719988
0.847625
1.15923
0.997094
1.94701
2.04525
2.01843
1.98759
1.84086
-1.01065
-0.960957
-1.8647
-1.76123
-1.7669
-1.71721
0.438772
-0.82762
-0.717392
-3.92004
4.6806
4.72206
1.73136
2.05951
2.05896
2.06509
2.28228
2.2998
2.33548
-1.6894
1.19721
1.237
1.8734
1.98113
1.88735
4.90336
2.12352
-2.63981
-2.86721
0.925666
0.97841
-0.237322
-0.152068
0.0216136
-0.037549
-3.85775
-2.42278
-4.88754
4.35048
-3.72347
-2.94996
-5.52018
3.46465
3.42155
5.70767
-4.40343
3.75058
7.39091
-3.92734
-3.97815
3.34944
0.496927
0.532789
0.578012
0.475821
-1.86652
-4.10323
5.15608
5.17146
2.25177
-1.69934
7.83392
1.48822
2.59093
2.60726
-3.9969
-2.90862
-4.03121
6.64316
-3.76363
-3.64169
-3.75644
0.163281
0.161278
0.140308
0.166345
0.0541252
0.194602
0.146847
0.171918
0.113316
-0.0188694
0.120939
0.16076
-2.85882
2.08944
1.36284
1.31687
1.14966
-2.09575
-2.11028
-5.90017
0.654279
0.661376
0.465175
-1.68661
-1.54816
-1.4322
1.12671
1.06157
1.14389
0.960631
1.03012
1.08204
1.08211
1.63333
1.63787
1.69594
1.70535
1.66223
0.537127
0.470531
0.382894
0.392139
1.23507
-1.63537
0.933752
0.787153
0.96875
0.944902
-0.0268013
4.25049
-0.800118
-0.754633
-0.693905
-0.738196
-4.16468
-0.814519
-4.17517
-2.08547
-2.06456
-3.69268
0.965346
0.903017
1.60361
1.62351
1.56505
2.966
-6.48222
4.65389
2.07681
1.83804
-2.90894
-3.07468
2.9645
-3.71398
0.0540669
0.123115
-1.96311
-1.77662
-1.67655
-1.76842
-5.12808
3.52559
3.50192
3.58098
3.52551
3.58821
4.3715
1.01138
0.995427
1.04307
-2.94744
-1.78889
-2.00084
-3.60014
5.42768
3.25752
3.26539
-3.8639
-2.58715
-3.64877
-1.66487
1.35148
1.46667
1.23061
1.2783
1.34999
1.67971
1.48974
1.72586
-2.25992
-2.27111
-2.43625
2.11143
1.19497
1.1589
-1.30194
3.20242
3.18024
0.376965
0.0226266
0.191783
4.44187
1.89845
1.62241
1.61206
1.69371
1.68606
1.68135
-4.12079
-1.00017
-4.85177
-4.89708
6.20661
-3.76296
-3.77301
-0.13778
3.9602
4.1169
5.19561
-8.12108
-0.943295
-0.887749
-0.881291
3.55587
3.71569
0.595991
0.418617
0.174922
0.225466
-2.73823
2.59978
2.63138
-4.37081
3.65256
2.37245
-1.39735
-1.43326
-1.56496
-1.40524
5.03852
3.89109
2.52275
2.48487
2.48958
2.56478
-6.27369
3.09241
4.14347
-2.39441
5.02246
-2.42241
-2.45931
0.537508
-3.46979
-0.8556
-0.888189
3.78327
-3.89353
-0.286299
-0.023375
-0.0825526
2.50926
0.247568
0.0381421
2.44667
2.44563
2.54698
2.43001
-5.12173
-3.81211
1.27629
1.36986
1.16066
1.24061
1.26252
0.895238
0.930521
-9.63393
6.39636
3.62928
-0.30075
-0.35597
-1.06103
-1.09377
-1.14383
6.72161
1.39162
1.42898
1.4401
-1.13664
-0.551873
-6.05887
1.88152
1.93492
1.80084
1.84434
1.71543
1.66017
-3.53357
-3.5834
-3.50359
-3.39191
5.81795
2.21713
1.43623
4.27268
0.86881
0.256495
-4.10679
-2.33301
-2.3207
-2.51046
-2.38696
-2.51966
3.97472
-1.2597
-1.12919
-2.76763
-0.166157
-0.161208
-0.107985
-1.75502
-1.49251
-0.627828
-0.660758
-0.550402
3.43816
4.36127
-1.95215
-2.02441
-1.97321
-3.11778
-3.14675
-2.4365
-2.27293
-7.04673
2.25006
2.19504
-1.62613
-1.70158
-1.70041
-1.55181
-3.03965
3.80171
-3.17902
-0.917036
-0.860929
-0.851975
-0.986294
-1.02786
-0.961229
5.31953
-4.33835
2.10893
-3.69988
-5.86419
2.01527
1.95437
1.99663
2.14532
1.97155
2.01567
3.16016
3.06164
-3.36668
-3.3232
1.17672
1.24515
1.24775
1.27819
1.13891
1.26238
1.20451
1.15159
1.25082
1.25732
0.07712
0.517841
0.464484
0.282041
0.293582
0.306628
0.168825
0.180701
-5.63107
1.22948
-3.40878
-3.38964
-5.5313
6.36613
2.74964
4.18131
-1.72075
-1.87441
-1.86042
-1.87816
-1.83127
-1.85718
-1.79059
-3.52298
-3.55522
1.4589
-1.49026
-1.46761
-1.4969
-1.47778
-1.5045
1.25531
1.27381
1.20253
1.18023
1.34588
2.89824
-2.50833
3.13437
-2.15736
1.57488
1.59955
-1.06645
-1.35262
-1.26498
-1.29376
-1.15848
-3.18377
-0.283329
0.1037
0.145677
0.23112
-2.35548
4.12454
4.28681
0.42117
0.41789
-4.14218
6.27616
-0.727468
-0.492224
-0.285469
-0.553617
-0.584193
6.09746
-1.51312
-1.46983
-0.11827
-0.146218
-0.159655
-0.0266047
-0.018138
7.50485
-2.4626
-0.0437971
-0.00475488
0.0760052
-0.120177
-1.8275
-1.87378
0.75878
0.924034
1.20751
1.25014
1.3306
1.37997
1.32631
-0.814339
-0.705025
-6.26752
1.32774
1.43529
1.54919
1.56536
1.44509
1.4971
3.86276
-2.1661
-1.10555
-1.19168
-1.16514
-1.06137
-4.60576
2.84271
2.756
2.76271
-4.01398
1.32457
1.39444
1.53134
1.4131
1.29702
-0.0692841
-0.0329227
0.0004332
-0.0326386
-3.22307
6.16171
2.35428
2.16391
2.17251
2.34293
2.38009
2.16052
0.658482
0.508328
2.50974
2.52474
3.18693
2.90382
2.96055
-4.10835
-2.21694
-2.35797
-1.54965
-1.66908
-1.1422
-2.21314
0.514682
0.506676
0.407697
0.706199
0.584315
0.651232
2.51882
1.03976
0.897595
0.808526
-1.91101
2.05123
-3.072
-3.19857
0.760622
-2.94615
1.67967
-3.71718
-3.53479
3.94185
-4.21678
5.35486
-4.59565
5.50362
-1.99691
-3.10184
0.115279
0.164331
0.118968
0.142524
1.33217
1.22668
-3.85698
5.45783
2.77795
2.46405
2.56116
1.4583
1.42834
1.36551
1.36087
1.3507
-1.74167
-1.58681
-1.60352
-0.274853
0.496681
-3.30452
-4.58057
1.41405
1.69141
1.60204
-2.16401
-2.25885
-2.26732
4.60734
0.62189
0.644259
1.66766
1.74194
1.71531
1.89587
1.75603
1.80273
1.09231
0.948557
7.02056
4.31764
4.34993
-0.29167
-5.57993
0.305675
-4.86692
-5.11942
2.94344
-0.895237
-0.867066
1.1283
-2.12934
-2.22986
-4.59847
-4.63216
-4.82093
-1.84962
-1.99862
-4.87495
-4.89883
6.47305
-2.16747
-2.0643
2.35247
2.48616
2.29553
2.33411
4.19185
1.11277
1.04103
-5.21033
-5.22895
3.17321
3.21219
3.21102
5.81959
1.41491
1.4509
-2.00533
-1.27844
-4.31065
4.52579
-5.55491
-8.59593
6.72095
4.06336
-3.22677
4.08375
3.67258
3.56336
3.6307
5.09194
3.38495
3.38024
3.42686
-0.674033
-0.648772
-0.482647
-0.426555
-1.08803
-1.25004
5.88343
2.65007
2.66022
2.53494
-2.35316
4.50097
-5.8674
0.845094
0.877551
0.303242
3.07755
3.09325
2.57274
2.55293
2.58547
-1.68102
-1.66959
-1.68907
-1.82648
-1.62581
-1.60495
-1.6221
1.00393
-0.998742
-0.975669
-0.973331
-2.78807
5.49206
3.04784
4.57931
1.64462
2.63975
2.5053
2.52063
-4.76235
4.95409
-1.30834
0.810617
2.7923
3.00362
2.86114
2.92407
1.53841
-4.83523
2.22804
-0.215114
-0.196784
-0.172772
-3.54047
-0.538887
-4.02851
-4.0955
1.87561
-5.23342
7.12452
-0.600075
-0.666272
-0.665116
-0.651912
-0.579975
-0.415426
-0.420317
-0.385989
-0.368366
-0.353149
-0.68004
-0.559648
-0.476097
-0.446988
-0.405415
-1.29388
-1.53325
1.52035
1.52157
1.0475
1.0477
1.12033
-3.9308
3.38663
1.14758
3.54304
2.93685
2.92745
1.97028
-2.27685
-2.18453
-2.23412
-2.15013
-6.12983
4.0095
-3.47195
-2.25309
-2.32202
3.17012
3.17909
-0.964054
-0.833476
-0.721352
-0.84313
-0.741053
-0.598601
-1.29544
-1.22295
-1.35833
-1.77269
-1.72801
-1.83195
-1.83384
2.94358
2.79101
2.84561
2.42741
2.48434
2.58469
2.59285
1.14062
-0.0890253
-0.00379376
4.95394
1.34221
1.33359
1.30743
1.3789
1.2984
2.24822
2.2439
2.30722
4.08771
-0.433339
-0.43572
-0.405409
-0.49295
2.08397
-2.84868
0.672615
0.703496
0.709267
0.81818
0.752102
0.505155
0.635522
-0.028779
-0.0045372
-0.0337162
0.029176
0.0068899
0.0468564
0.0252037
0.0407376
0.0880778
0.827088
4.21033
4.21727
4.17288
4.21609
-0.18001
1.88048
1.76904
-2.3644
-2.26162
-2.07941
-2.24276
-2.45426
-2.398
5.49188
1.80625
-0.567835
-0.509223
-0.544636
-2.99761
-1.53311
0.388614
0.425229
0.332932
0.486181
0.392057
0.0436157
0.0551926
-2.7319
2.86006
-7.87422
5.10475
-1.95949
5.27157
2.71077
5.8124
-9.10409
-4.01137
-2.72189
-5.05451
3.76132
-5.21304
-3.58436
1.51221
6.23896
6.16922
0.08674
0.0400381
-0.0222264
0.00347667
0.05541
0.0607202
0.15605
0.157161
0.181783
0.125339
0.137373
0.167212
-0.00256588
0.0496928
-8.10609
-4.03883
-4.13103
-2.89104
2.5195
2.6379
2.63881
2.69625
2.66703
2.56008
2.51477
2.56993
-2.11194
-1.93291
8.21395
-1.16137
-1.13304
-1.09303
-1.15587
-1.20982
-1.28462
-2.61124
-2.59659
-2.59305
7.87517
0.369633
0.489743
0.648529
0.697033
0.551946
-5.33535
2.56013
2.63761
1.22155
1.14864
1.11978
1.17912
1.3809
1.30419
5.87859
-2.77083
-2.75043
-2.77943
2.2735
4.2108
4.30163
-3.37155
-3.45098
-3.46292
-3.34327
1.31863
1.52652
1.59837
1.50587
1.48379
1.46026
4.16288
4.01607
-1.44955
-1.5097
-1.53549
-1.56448
-1.57808
-1.15173
-1.1452
-2.30758
-2.45983
-2.38979
0.173214
0.15229
0.0825027
-2.73671
-2.58243
-2.76185
0.789785
0.816798
1.00511
1.03028
1.04553
4.52259
-5.7303
-0.685348
-0.673493
-0.70972
-0.596062
-4.27943
3.77786
3.67963
2.73815
2.61628
0.900715
0.821762
0.868331
-0.879554
-1.01044
-0.871191
-0.956853
-6.85943
0.786067
0.819718
0.855826
0.81488
0.756566
0.815443
0.810818
0.761448
0.971008
0.832225
0.907171
-3.18162
3.39122
-4.08192
-4.02192
5.77665
-0.916774
-1.07225
-3.02137
-3.05866
-3.05806
-0.172849
-0.184951
-2.59833
-1.80404
-1.24069
-1.23
-1.27108
-4.57186
0.433535
0.453722
0.379704
0.312358
0.346229
0.547285
-4.842
-1.19225
-0.989204
-1.13615
-1.06425
-0.991216
-0.968618
-0.945185
2.33751
-1.29119
-1.33195
0.232098
0.176533
0.175857
0.230328
0.232642
0.168012
0.27883
0.284806
0.223156
0.262392
0.351539
0.32769
-5.19687
4.08311
-0.977297
-0.967804
-0.885347
-0.919041
-0.954855
4.01245
0.153719
-2.26604
0.853586
-0.985458
-1.17855
-1.06489
-1.08077
-4.60065
-6.78364
-3.17007
-3.84897
-3.80099
-0.0319163
2.03723
1.48376
1.55938
3.37617
-6.12551
1.35433
1.29676
1.30463
-4.31349
3.80956
3.11694
3.07872
2.87844
2.92526
1.61664
1.6658
1.57511
2.53648
-2.60369
2.68166
2.64968
3.70046
3.75348
3.91357
3.74936
3.52071
-5.08334
2.14459
-3.48366
-3.06552
-1.82118
-3.93874
-4.15425
-4.07238
-4.15562
4.84856
4.85643
-3.26946
5.27129
0.830704
0.872944
-0.900847
-1.0009
-1.96209
3.80792
-1.45889
-2.03768
-2.08711
-2.11591
-2.13744
-2.12328
5.51126
3.75913
2.00676
1.90358
0.00140139
0.117849
0.181192
-0.0119753
5.17843
-3.21024
-3.29925
5.74223
-1.90579
-0.249817
-0.313672
-0.279512
4.73743
-4.25116
-4.06657
-0.321235
-3.7188
0.896699
0.868278
0.87949
0.711548
0.779881
0.932836
-4.04308
-4.02402
2.58047
-2.1579
-2.16119
-2.16112
1.93964
1.92966
1.8139
2.65383
4.77743
-1.28156
-1.41885
-1.42822
-7.15042
6.69377
-0.296686
-4.22946
0.495994
0.578235
0.494918
0.506454
0.631133
0.638228
0.675885
0.662738
0.672282
0.600232
0.790457
-3.31131
-3.19779
-3.00993
-3.87422
-2.59153
1.1413
-7.03765
2.00684
2.1334
2.16446
-4.72502
-1.87813
0.911592
1.13303
-1.31553
-1.40424
-1.56018
-1.47533
1.44971
1.65048
1.61109
1.67913
1.36779
-2.92722
-3.03693
-2.9526
-2.90078
-1.0957
-0.961009
-0.987049
3.32685
3.38546
4.29843
0.301636
0.340722
1.82125
1.67422
-2.59845
4.23684
4.29206
-0.228335
-0.126084
-0.150745
-0.185744
-0.124316
-0.167215
-0.154687
-1.78124
-1.75321
5.06899
5.00155
-1.71942
-5.56508
0.231848
0.183968
0.253517
0.281774
-5.74131
3.32102
1.90159
1.73933
-3.02585
-2.97147
-2.71011
-2.78435
2.35784
-6.10945
4.48031
-1.54554
-1.47876
-1.56593
6.15801
-1.38589
-1.46481
-1.42315
-4.94819
-2.41007
-2.37943
-2.41531
-2.35327
8.53491
4.73119
-1.26288
-1.80209
-1.91056
2.03991
2.00492
1.99404
2.08376
0.129382
-0.0637662
0.0588224
4.11079
1.93206
1.69192
5.51785
0.6946
0.683686
2.68163
2.70757
2.54986
2.5548
2.59032
-1.7494
-1.76186
-1.7168
-1.71883
-1.77729
-1.81561
-1.86793
-1.64868
-1.66915
3.43459
0.589839
0.637393
0.789289
0.779757
0.566844
0.692472
0.587284
-4.35314
0.576733
0.60121
3.78086
-4.30667
0.621657
0.679017
-7.0161
4.65184
0.498729
-5.37758
-2.91899
-2.92291
-3.02972
-2.92557
-2.96069
-2.78456
-2.84088
-5.11488
-3.44418
1.55812
1.391
1.63846
1.57436
1.59848
-2.8354
-1.89959
-1.94962
-5.72371
-1.78643
-4.30482
-0.558462
-4.85934
-1.09814
-1.14674
-0.414712
-1.28875
3.01761
-6.23633
2.32555
-2.7573
-0.649708
0.449465
0.561114
1.10346
5.19026
0.244022
0.323364
4.79445
4.90146
1.93699
1.8885
2.37145
1.17298
-6.17735
-3.05536
2.62756
-1.62877
0.0630366
-0.0322773
0.123879
-4.58469
-2.6903
-2.69835
1.52505
0.633439
1.40924
1.39701
-1.41001
2.58728
-1.11542
-1.04088
-1.06945
-0.595434
-0.470258
-0.373335
-0.42026
-0.52551
-0.543596
-0.544141
-0.146265
-0.0948274
-0.0877849
-0.489062
-2.05437
-4.74327
-1.85765
-0.260421
-0.312505
-8.09123
-3.27808
-4.67756
2.66077
2.65686
4.29307
-2.27757
-2.33274
-2.38343
6.19963
-0.785958
-4.64489
-0.338025
-0.286847
-0.334561
-0.386096
-0.309832
-2.96281
-5.28968
-1.05334
-1.05779
-1.2641
-1.26203
-1.24783
4.13899
-0.453784
-0.388388
-0.482676
-1.58834
-1.74941
-1.796
-2.46468
-2.5177
-2.45059
-2.50641
-2.68651
-2.74795
-4.08742
-4.08614
-4.03182
-3.4664
-3.45596
5.37405
-0.96839
-1.02428
-0.978805
-1.05603
-1.03108
-0.96057
-0.91027
-0.904493
-0.864105
-0.929627
-0.894403
-3.57369
-2.13202
-2.32553
-6.80189
-4.82011
1.61952
1.40966
-4.95509
7.07129
8.27632
-0.630857
-0.52771
-0.577582
-0.253942
-0.430049
-0.369382
-0.343743
-0.334944
5.82026
-2.87421
0.710559
0.949455
0.952563
2.64678
2.62839
2.58974
0.46228
-3.01739
-3.03714
0.119133
-0.0252123
1.36216
-3.84026
-0.965761
-0.868832
7.61535
2.38438
-0.193548
-0.730111
-2.76097
-1.38163
-1.71038
-1.80954
-1.82701
-1.82622
-1.52141
4.491
-1.5405
-1.59355
-6.15019
2.01653
1.53266
1.5186
5.15962
4.9357
-1.33898
-1.33321
-1.23713
1.30741
1.24975
1.29714
1.33801
3.4862
3.43452
1.05998
1.08462
0.957869
6.11078
4.09833
-1.80237
-1.92745
0.0478386
-0.0258158
1.0992
0.99794
0.983984
0.996259
1.26861
1.30589
1.28248
1.29551
5.18927
5.11972
-7.74766
2.82654
2.7634
1.47974
-5.67667
-5.03217
-4.909
2.30483
2.29573
2.94161
0.441366
-1.6566
-1.63988
0.335461
0.323262
0.259783
0.337457
-0.902004
-0.953288
-0.961675
-0.904536
-3.61009
2.50792
2.48183
2.67791
2.59055
-0.437828
-0.501465
-4.97473
4.15423
-1.29042
4.30033
0.582113
-2.85333
1.11698
1.3041
1.23864
-3.65941
-2.30842
-2.19629
-1.48318
-1.42806
1.1095
0.96915
0.935188
5.57832
0.146092
0.286521
2.78083
2.59865
-2.30284
-3.25224
0.103744
0.121174
2.18553
2.40436
1.23176
-0.308845
-0.347147
-0.272928
-2.58464
-2.45818
-2.86486
-2.85785
-2.80537
-1.36362
-1.39697
-1.31756
3.33099
3.39595
3.26025
-0.531748
-0.617556
-4.79359
0.256786
0.322658
3.91528
3.40914
-2.86247
-5.43788
0.244457
2.5464
1.05406
-0.917517
-0.702639
3.4115
0.20286
0.161106
0.142037
-1.10182
-0.718378
-0.36947
-2.7478
3.68634
3.0317
6.28645
1.52194
-4.09443
-0.408664
-2.44642
-2.64714
2.15473
2.06218
5.49208
0.18655
0.132139
2.7892
2.71549
-3.1135
-2.75597
4.02324
-4.25933
0.71081
0.740641
0.707448
0.675531
0.627973
-6.49252
-0.626257
-4.58175
-4.73051
5.45963
-3.16851
-2.96715
-3.29922
-7.04865
2.96376
2.9193
4.74733
-3.10592
-3.1781
-0.703659
-0.827966
-0.552122
-0.665707
-0.600095
3.64612
3.4155
-3.74133
-2.62739
5.00269
-0.238362
-0.255715
-0.246516
2.10334
1.92574
0.158871
0.273317
0.150077
-3.69793
3.64256
5.31427
1.16218
1.28134
1.18888
1.19223
1.28392
1.18425
1.18602
-2.37172
3.28234
3.36848
3.35428
-4.1082
-3.17892
1.2706
1.52403
5.15625
3.63171
4.23769
-2.07449
-1.11331
-4.58389
-4.32139
-2.30658
1.81692
2.02091
-1.39109
-2.53301
-2.59437
-2.44917
-2.60741
-2.53637
-1.44264
-1.46998
-1.25516
-1.37503
-1.38228
-1.38161
-4.60579
-2.26597
-0.816937
-0.697629
-0.830908
-0.855539
-4.09857
-4.25675
2.25752
5.27195
-3.6456
0.776645
-2.76719
-6.20906
-9.12736
-1.3841
-1.45586
6.61732
-2.44303
2.17929
6.35041
-2.53264
-2.75619
-2.37094
-1.98168
-1.53825
-1.52208
-1.5041
-1.50385
-1.51651
0.706851
0.804949
-3.44919
-3.48064
-4.70964
3.92692
3.12896
-0.618677
-0.663932
4.11652
2.54828
-2.13667
-2.15889
1.75577
1.76591
2.20851
2.2507
2.33256
2.38286
-4.69005
2.06937
1.9595
1.83351
1.97205
-4.79834
0.039347
0.0562573
0.08969
-0.0139365
-0.798264
4.21836
2.31893
-5.97934
-1.47069
-1.51965
-1.51209
-1.61206
5.25462
2.75001
-4.18399
-0.508945
2.27579
2.17991
-2.85242
-2.84124
-0.754814
-0.741274
-0.646252
-0.615215
-0.621377
-0.519381
-0.644819
-0.754505
-0.687371
-6.36813
-1.07798
-1.09842
-0.88308
-1.10424
4.075
-3.18807
3.8749
4.06014
-2.30529
3.23129
3.35481
1.92157
1.91841
1.97133
1.7769
1.74795
1.79877
1.78737
-0.705299
-0.756781
-0.763444
0.30353
0.275564
3.15532
3.0516
3.033
3.23591
-0.425392
-2.71319
-2.74106
-1.14103
-1.15468
-1.1119
-1.16087
-5.31543
2.15042
2.18183
1.91747
-1.53436
-4.60703
2.66561
2.61568
-4.21492
-2.68246
-7.04856
0.932367
1.00281
0.983123
2.32555
2.4021
-4.00042
3.31168
3.05717
-0.821894
3.386
0.480503
0.37863
1.63903
1.38539
1.60178
-0.417901
-0.352415
-0.459571
9.77114
3.36017
1.90982
2.01459
1.84084
1.88366
-2.4921
4.15614
-5.17091
-0.208667
-4.39075
1.72273
1.67026
1.59103
0.0248832
-0.0762181
-0.169162
-0.116798
-0.0529998
-0.0628704
-6.21367
3.33633
3.32488
-5.39577
-3.17068
-3.16879
-5.16429
-3.4164
-3.72371
-4.62327
5.42694
-0.439128
2.87747
-3.24796
2.7532
4.04189
0.786626
0.870243
0.811355
0.796185
1.04766
3.47807
3.49786
-1.62198
-1.51591
-1.54777
-4.37843
2.0612
2.00681
2.05028
-1.44003
-1.70865
0.164931
8.42243
-0.0858431
-0.0208259
0.136673
0.0208774
-5.66771
-3.03155
-3.44922
5.12405
4.58819
-2.84839
5.26098
-2.24501
-0.545173
-0.536489
0.548201
0.647828
-3.76576
5.09246
0.30025
-2.49586
-2.56195
-2.5645
-2.59017
-2.58824
-2.57649
0.138684
0.199528
0.188611
0.120434
1.38139
-0.355963
-0.361801
-0.315611
4.99514
-2.19619
1.2336
1.27034
-4.06202
-2.12744
3.3773
3.09429
2.49739
0.572925
0.524305
0.376496
0.435794
4.711
4.52036
4.4947
-0.901899
-0.933941
-0.898132
-0.819591
-0.831205
-2.95704
-2.00807
-6.10065
-1.62357
-1.78365
-1.7604
-1.55877
-1.75169
-1.7272
-5.14503
-5.17786
1.77982
-5.61118
-0.289771
-0.280488
-0.339004
-0.171917
-0.111945
-0.107498
3.30788
3.12332
2.16569
1.95266
2.05943
3.73992
-1.69159
-7.82263
1.0728
4.94631
-1.58441
-1.62781
-1.57771
-1.58843
-1.59143
-1.56301
4.453
0.219066
0.272396
0.287682
4.46844
-0.427413
-0.33475
-0.335896
-0.365281
-0.395093
-4.51073
0.745752
0.767295
0.807385
0.959333
0.84031
0.786614
-5.2763
-4.77318
2.7863
-6.9805
2.18474
2.0132
2.27102
2.23714
2.12751
2.06116
2.10461
2.10651
2.13064
1.98799
2.1379
-7.14142
-5.14345
-0.109556
-0.0663583
3.21391
3.22371
-0.697515
-0.840128
-0.780093
-0.765922
-2.65626
5.03543
2.79044
-3.82012
0.581348
0.686688
0.705238
0.716393
0.530327
-0.566673
-3.90228
-3.85807
-3.96452
-3.57491
-4.57305
2.3345
-1.80046
3.19137
5.43453
3.98498
4.00836
-0.489822
-0.160564
-0.231401
-0.352843
-0.283881
-0.304787
-3.5813
-3.34552
3.14473
4.56528
3.4887
3.56808
-3.04434
-3.02472
1.55315
-0.99893
4.15019
-2.97719
-2.74521
-2.8609
-2.70065
-4.89108
-3.98069
-5.92014
0.937289
0.953575
0.941626
0.938301
5.90958
0.660703
0.78558
3.43553
3.32868
3.51015
-3.01712
-2.89941
-2.81808
-3.0645
5.7957
4.83601
-1.97915
-0.922579
5.32408
5.38383
0.977353
0.940508
0.994071
-3.70071
-3.67325
-3.65967
-3.10919
-3.23513
-3.25183
-5.84611
-7.37525
0.866176
1.63878
1.43986
-0.916041
-0.96431
-0.856381
5.56158
4.94156
3.83285
-0.128295
-0.148574
-0.226477
1.95271
1.92519
1.9025
-3.23938
4.32015
4.22108
4.08969
-4.28145
1.31902
1.3373
1.36047
-3.32495
-3.10939
5.6724
1.67215
1.68525
1.65793
1.67928
1.70284
0.515155
2.00295
