1.87993
1.83298
0.582371
0.423156
0.421569
1.71804
1.74966
-3.15015
1.27252
1.4001
1.35149
1.43064
1.49792
1.28545
1.47713
1.49869
1.40584
1.38404
-4.14986
3.98805
3.94064
-5.46382
4.27764
-3.2778
2.16211
2.18173
-0.153488
-0.174503
3.80792
5.54359
-1.10905
1.64055
1.6068
1.59085
1.59055
1.58318
5.87509
0.808293
0.719242
0.719367
0.719605
0.738124
-7.44833
5.26677
-5.82834
-3.23144
-3.2737
-3.7799
0.852374
0.830201
0.972772
0.918798
4.39647
-6.34412
5.35932
-0.866121
-0.809697
-2.16611
-2.2228
7.05087
-2.90012
-2.94697
3.624
3.5251
3.51604
0.800152
0.905477
0.801012
0.775166
1.00002
0.984113
0.95459
1.00302
0.923365
0.970807
1.04839
0.950582
0.896675
-3.87247
-2.74432
-2.8838
4.01452
-0.887417
1.54758
-3.14454
3.61252
-5.12663
4.45014
3.19454
-3.1595
-3.46173
-0.297948
-0.00442986
-0.199522
-0.186463
-0.129807
-0.104443
-0.426424
3.76722
5.41
2.95275
-1.7935
-1.84586
2.15834
-3.36468
-4.46373
-3.51907
-4.30011
-3.9608
-3.8399
-3.94804
-0.566544
-0.610287
0.635058
-4.53846
6.18863
2.6975
2.61196
5.02278
-4.66207
-2.58305
-2.59402
-2.675
-0.9203
3.2996
-0.127694
-5.15147
2.109
2.09905
2.79313
-4.72306
0.772225
-0.430296
4.56646
0.304868
0.331894
-1.71475
-1.6184
-1.80144
-1.62166
-1.49978
4.79465
4.02195
1.30133
1.22382
1.26294
1.13528
1.22037
1.19201
1.04133
0.985045
-1.7343
-1.45485
-1.54013
-1.54771
-1.62742
-1.51776
3.52807
2.14572
2.21415
3.17595
-0.212738
-5.84443
1.69099
1.86634
1.71042
-5.26833
-1.61637
4.67282
-2.06726
-1.96581
-1.95104
-1.94439
-2.83649
-2.74638
-0.935176
-0.909578
-0.950101
4.63136
0.445244
2.37979
2.92991
-2.12359
-2.17508
-3.94707
1.19994
1.28025
1.12246
-2.00654
-2.28004
5.05802
-0.461748
-0.30004
1.4391
0.0353056
9.13685
-2.49534
0.319908
0.422043
-3.88551
-5.44557
0.637508
0.630263
0.431001
0.634513
0.552115
-0.703428
-0.692134
-0.626799
-2.46416
-2.41927
-2.35451
-2.2188
-2.24417
-2.20716
4.79728
-2.90401
4.67699
-6.02388
-4.42294
4.63166
-3.08708
-5.62331
-0.000692105
0.052687
0.0186858
-0.0408311
-0.171717
-0.190763
0.0271903
-4.98761
0.134074
0.125645
0.0335023
-0.0472719
0.0791739
-1.64563
1.91066
-4.51054
-1.42983
-1.37439
-1.49104
-1.58074
1.04536
2.78979
2.80016
-3.22533
2.92347
2.72105
2.85631
-0.245281
-0.253962
-0.281714
-0.207644
4.05719
-3.88848
-3.34926
-5.21602
-3.10786
3.14991
4.8569
-0.00151091
0.0127021
-0.0416696
0.0705001
1.4868
-4.4218
-0.0619165
-5.12686
4.13131
-2.33081
1.95319
4.51021
3.37177
3.39722
3.37093
-0.355922
-0.484578
-0.457552
-0.434538
-0.46048
1.48255
0.526572
0.416946
3.41224
-7.18187
-0.82624
2.90667
3.55578
2.45418
0.969604
0.990154
-2.91711
-2.93015
-2.67404
7.39686
2.75496
-4.61939
-1.3493
-1.34612
-1.26861
-1.31148
-1.3283
-1.30143
-1.37123
2.10223
2.25533
2.20117
1.89696
2.20535
2.16923
-5.10225
-1.18607
-1.13837
-1.14893
-3.00242
-0.30157
3.36881
2.93035
2.95221
3.3422
0.497046
0.422844
-0.79982
-0.900353
-0.893484
1.63546
2.06774
3.25999
3.24665
-2.40297
-3.9892
3.66141
-3.19778
-0.990049
-0.931459
-4.82163
-1.1495
-1.15305
-0.714754
-0.701574
-0.722183
-0.769097
6.40215
-3.04984
2.10908
2.26936
-0.51657
-0.573358
-0.692691
4.16967
-4.12253
2.89423
3.02751
2.807
5.87834
-1.44182
-1.47511
-5.83219
2.26017
2.22931
4.09272
4.32261
-4.09471
-0.611377
-0.565266
-0.567454
-0.655411
-0.031971
-0.0393447
-0.000412429
0.015731
-0.0794755
0.0698981
0.0755224
0.0149664
-0.0204925
2.19664
-4.72954
2.53589
1.77285
1.85911
-2.02433
-2.2353
-2.14509
2.59262
2.56542
-0.514136
3.31785
3.27477
4.01479
3.85151
-3.63379
0.795063
-1.33283
-1.93538
-2.13301
-2.39693
-2.33619
-2.51047
6.59423
2.10851
-5.06146
5.01306
-2.56614
-2.56479
6.65983
-1.51733
-1.53778
-1.58126
-1.57847
-1.60609
-3.11411
-2.86367
0.620931
0.663004
0.836131
0.757493
0.664927
0.948412
0.906422
0.839618
0.768619
-3.92816
-3.62439
5.08343
2.41125
6.63644
-4.04672
-0.682694
-0.817525
-0.661624
-2.14021
-2.22462
-2.31536
-2.06435
-2.2073
-2.07588
-2.27014
-1.20061
-1.07799
-1.34391
-2.55857
-1.32787
-6.03872
-5.15557
1.98063
-2.2006
-2.14037
-4.27253
-4.61122
-1.11155
-1.35408
-1.34059
-2.15034
-5.15311
4.10249
-5.63767
4.99992
1.61772
-3.30465
-4.13992
3.49743
3.44994
-6.06673
-2.1596
-2.2447
-2.0911
-2.08287
-2.25104
1.34113
1.23438
1.206
1.13326
1.14173
5.28262
3.57013
-3.55376
-3.56164
0.138009
1.77499
1.9181
-0.382718
5.06533
-2.50174
-3.78955
3.3051
-0.48673
-0.645429
-0.693963
-0.78332
-0.684626
-0.731981
-0.725292
-0.742734
-3.24307
-3.72928
-3.73857
2.91109
-3.17758
-3.17942
-4.80367
-4.44502
-0.592703
-0.633295
0.848879
0.913018
0.927773
-4.28269
3.89195
-3.15846
-3.01864
2.67888
2.73924
2.77019
0.0586376
5.36639
2.29596
2.25461
2.30318
-2.61589
-0.500515
-4.02352
1.24792
1.41146
1.4087
1.292
1.25215
1.29167
7.00636
-9.01318
2.73982
3.59588
-2.67706
-5.99857
-0.441196
-0.520345
-1.15379
-1.0953
-1.212
-1.21875
-1.07305
-6.86753
0.188025
3.46121
3.40198
-0.749212
1.23344
1.10845
1.11626
1.07718
1.18402
2.47737
0.212954
0.200805
0.124906
0.155805
-2.92013
5.95058
3.48336
3.82216
0.273963
-4.82221
-4.86868
-3.84118
-0.400378
-0.527842
-0.485066
-0.525426
3.40281
-1.289
-1.21557
-2.80753
-2.61183
-2.92471
-2.39356
-2.62491
7.25258
-5.90664
-0.176486
-0.281293
-0.261233
-0.289287
-0.223208
-0.240074
-0.316067
-0.213353
-0.244323
1.09269
1.43803
1.28718
1.22138
2.34939
2.27671
2.34945
0.423125
0.328083
0.245548
0.359511
0.369941
0.298484
0.192621
0.228276
0.292846
0.343963
0.337505
0.242893
0.23327
-3.22463
-3.32651
-2.3609
2.60729
0.198527
5.63811
0.892879
0.977457
1.08246
0.971112
-1.41005
-2.4335
-3.55667
1.23021
1.01826
1.31921
1.2117
-2.87739
-2.91316
0.632544
0.748891
0.635196
0.62638
4.42371
-5.58913
-4.58673
-1.33031
-1.33866
4.17364
-5.37389
-0.488915
-0.52022
-0.534392
2.5338
2.47035
-3.79741
-3.58452
-1.09501
-1.10798
-1.27346
0.346076
0.410078
0.296161
-1.59463
-4.6195
0.40841
0.502388
0.460629
6.82437
3.02973
2.74794
2.16592
-5.54222
1.49505
1.48432
2.65186
2.65585
4.68658
6.08907
5.35693
1.27916
1.22348
1.17201
1.10613
1.11426
1.1346
1.07904
0.0365831
-1.97755
-1.92556
1.20724
5.76206
3.41659
1.30089
-1.24426
-1.24721
4.91811
-5.20173
1.54275
1.84712
1.84879
1.93223
-1.37416
4.34654
-1.61128
-1.58707
-1.39558
-1.47137
-1.40236
-1.43667
6.31657
-2.74682
-2.71665
-2.74083
-0.829237
-0.181629
-0.0687175
5.94631
2.26784
2.28795
2.29997
-1.12295
-0.998988
-1.04282
-0.996571
-0.956665
-0.975571
-3.86761
1.24258
0.0456988
0.0235449
0.0501843
0.0957327
-3.0941
0.474956
2.60406
0.812411
0.787726
0.925947
0.937194
-2.90898
-0.239511
-0.460108
-5.05931
5.13742
1.3343
1.44148
-4.918
-2.24109
-2.22853
-2.24585
-3.60721
-1.04749
-3.29558
-3.22268
-3.52226
-3.36203
-2.70936
-2.40545
-1.73482
-0.637032
-0.632587
-0.602741
-0.512006
4.09946
4.04509
-1.17465
-5.46482
-0.406208
-0.139085
-0.238527
-4.56619
-0.573784
-2.45233
-2.35339
-2.44325
-2.31304
2.7031
2.66134
-3.34823
-0.323201
-0.360042
-1.84314
-1.85162
-2.25935
-2.12073
-2.17657
-2.28218
-2.17923
-0.574888
-0.570861
-0.291753
-0.276921
-0.390801
-0.529578
-0.584415
-0.458574
-0.570236
-4.43072
-1.11787
-1.14119
-0.965901
2.64307
2.49724
2.53954
7.14582
-1.51091
1.29705
1.44651
1.42576
1.3642
0.505457
0.537164
1.7359
1.61423
-2.88459
-4.4919
0.103664
0.0921885
-1.75814
-1.71461
-1.70159
-1.72399
2.55917
-3.06764
-4.75996
1.17127
1.21497
1.14174
2.33217
2.32125
2.33939
2.36129
2.2913
1.9897
4.82807
0.192811
0.200031
1.16268
0.411274
0.530705
0.534081
0.525956
0.68506
0.636903
-0.418436
-0.419409
-0.499284
-0.431912
-0.671598
-2.68606
2.40037
2.33134
2.87705
-1.38729
-1.38373
-1.36261
-1.36522
-1.31622
-1.28233
-1.22157
-0.563708
-1.13422
-1.1087
-1.11194
-4.78221
-0.539801
-0.510464
-0.745685
-1.83824
-1.83751
-1.76003
-1.72337
-2.87693
-2.78931
1.53273
1.60227
1.56269
-3.58882
-5.1634
-6.02284
-3.04108
0.560917
4.96828
0.770002
0.824296
0.563995
-4.28852
3.7101
0.615533
0.598677
0.544667
0.442959
-4.4135
0.52349
0.651286
0.683564
3.37601
3.34901
3.27848
-1.6554
-1.92589
-1.68758
-1.77163
-1.71298
-1.91979
2.68486
0.486727
5.49551
1.87588
1.96692
2.06323
1.84267
1.88818
1.98742
1.94087
1.98013
3.9867
6.90475
-4.03614
-6.79495
0.11366
0.188154
6.63635
2.01348
2.23175
-1.74957
-1.7037
-1.29101
-2.38648
-5.04373
-1.48325
-1.43612
-1.27636
-1.40165
4.37935
3.4031
2.50908
2.41174
2.48207
2.45192
-2.7749
-2.82297
-2.78579
-2.74818
1.85982
1.66336
1.69357
3.56154
4.77568
5.19169
-5.67274
0.125079
0.176748
-5.46198
-1.84969
-1.75783
-1.63467
-1.87064
-1.83358
-1.79126
-1.71773
-0.152553
-2.57309
1.78659
1.62263
0.231486
0.172399
4.28678
3.23931
-1.04707
-3.00567
1.54709
-1.50331
1.16251
-1.64561
-1.90262
-4.70061
-4.69377
2.14569
2.18006
2.19112
2.22421
-5.95772
1.06468
1.07682
1.23424
1.22579
-2.60017
-2.64716
4.25325
-3.75541
-3.11291
-3.13302
-3.26924
0.649324
-0.270765
-7.1229
-1.30724
4.7099
2.95596
1.82279
1.8667
1.87536
1.89512
-2.11951
2.56692
2.63404
2.64914
0.584652
0.571289
0.756559
0.883961
0.848406
9.30757
-3.64299
-0.412501
-0.382306
-0.487219
-0.392453
-4.12206
4.77681
-0.44198
-4.77404
-1.87163
-3.49099
5.85211
4.62729
-3.56919
5.18548
-5.06032
0.116452
2.08008
-2.17826
-2.2963
-2.1089
-2.19951
-2.12058
-1.38446
-1.38544
-1.30922
-1.30741
3.74385
3.70165
-1.90803
-1.03663
-1.10401
-0.926488
-0.972217
-0.916996
-0.976392
0.857997
5.42393
-3.30307
-3.16096
4.74922
-4.16754
5.12902
-4.13614
-1.87074
-1.66899
-1.61485
-1.60572
-1.54193
-1.8467
-1.71954
-3.01783
-3.63369
-3.47652
-3.70224
2.10125
2.04289
2.03891
2.21519
1.97873
-5.80132
-5.26783
3.45697
4.47602
4.0068
2.60038
2.60733
2.6618
2.67852
2.74809
2.58609
-2.46356
-2.36785
2.59377
2.56312
1.71951
1.66238
1.50236
1.62235
3.23445
5.37866
3.63072
-4.34292
1.46757
1.44657
1.42177
3.21065
3.25966
1.49408
1.62662
1.95968
0.153123
4.18943
-3.78762
-3.39001
-3.50678
7.89323
-1.0527
0.926666
0.826231
0.917069
0.895264
0.900415
-2.21347
-2.2855
-2.04304
-2.01792
0.222193
4.05246
3.87274
-0.783465
-0.892267
-0.835106
-0.871004
-0.936347
4.04204
3.86931
-3.66459
-5.62735
0.26262
-1.15863
2.48787
2.24792
-0.90707
-0.737268
-0.747445
-0.783819
-0.830442
-0.841478
-0.798016
-0.796584
-0.988192
-0.915277
-0.848772
-0.857841
-0.88982
-0.982787
-0.995373
-1.22996
-1.26275
-1.21971
-4.81871
0.421064
0.480975
0.398717
0.247425
0.287976
0.325634
0.365304
0.325415
3.52407
-1.28419
-1.37862
-1.22451
-1.25067
-1.12642
-1.15066
-1.36725
-1.29375
-1.18956
-1.92231
-2.57376
-2.41765
-2.50708
-2.30187
-0.250042
-2.91757
-0.895347
-0.967474
-0.843288
-0.901283
-0.761596
-3.9006
3.44337
3.44391
-3.13005
-3.14373
0.944874
0.825064
0.888109
-0.81162
-1.04077
-4.61685
0.99264
0.93612
0.994979
0.978355
0.815614
0.757141
0.832442
0.836782
0.980194
2.8124
3.73112
-4.36865
-0.526077
-0.697814
-0.599914
-0.566876
0.981982
0.958889
-2.63079
-2.53085
-2.59735
-2.44831
5.44205
-0.0808306
-0.0908322
-2.2686
-2.36542
-1.0421
-1.06607
-1.64287
4.34453
1.44992
-3.53056
4.22391
6.45378
3.83594
4.03563
3.91254
2.29901
2.32957
2.20899
-2.8796
1.48689
1.54158
1.28891
1.45316
2.48843
5.11402
0.501469
0.519802
-2.5388
-2.54441
-2.63153
-1.20748
-1.89089
2.56409
-2.94568
-4.13795
-4.18213
0.0716887
0.0185374
-0.0211408
0.0800968
1.57042
1.47295
-3.47513
-5.12566
3.8107
5.58125
-2.5697
-2.6204
-4.10234
2.69205
-1.99141
2.70787
2.73921
-2.65546
-2.74874
-2.47327
5.09926
-0.00471714
0.0560195
0.0302116
0.0230683
-0.102072
0.0302069
-0.148332
-0.0366386
0.460888
0.464088
0.500488
0.606249
0.508627
-1.5021
-3.01871
-0.566345
1.67258
5.42421
-2.51898
-2.55714
-2.48845
-2.35665
-2.16677
-2.30592
1.55351
1.54236
-0.142903
-0.121607
-0.381153
-0.362964
-0.107837
4.09279
0.512279
0.0827581
0.194907
0.648439
0.576442
0.619821
0.450802
0.599985
-2.96127
-2.83721
-3.0451
-2.95971
2.10285
-0.46751
3.93371
-6.14652
2.33693
1.29245
1.30976
1.30401
1.13479
1.36784
7.72125
-0.0182936
0.00367698
0.0597163
1.00728
1.04616
1.24975
1.28229
5.00401
2.50105
2.43856
2.58259
2.47166
2.22511
2.28002
2.42542
2.9558
2.92288
-5.51016
-1.76304
-1.70276
-1.763
-1.28332
-1.32633
-1.38206
-0.733707
-0.760964
-0.784962
3.33067
-2.41851
-3.36582
-3.29688
3.59682
3.41026
3.55455
3.96322
-2.24869
1.78017
2.78731
3.12018
3.54902
1.17681
3.32475
-3.97265
-4.04004
0.868421
0.934749
0.954214
0.980764
1.73083
1.6582
1.60553
-4.78169
-1.54149
-0.625903
-0.725046
-0.710914
-0.647238
-0.531709
-0.46477
1.88699
-4.02111
-0.530528
-3.4007
-3.47062
-3.39468
-3.60514
-0.231252
-0.239761
2.2505
2.24264
-4.88104
4.32638
4.93422
1.584
1.60222
2.83354
2.8657
3.98584
0.635723
0.582624
0.768411
0.66304
-1.24649
-1.39758
-1.38639
4.92186
-4.76162
2.57204
2.61651
1.59556
4.63214
3.00921
-7.12594
-2.85127
-1.08939
0.700793
0.656388
-1.68438
2.47571
2.98852
3.05823
5.21059
0.563783
1.0078
6.69169
4.52659
-2.22567
-2.19981
-2.2039
-5.4644
2.69482
2.7396
2.75414
-1.18403
-1.27841
-1.22293
-1.24454
-1.19487
-0.630138
3.61252
3.82834
9.46892
-4.72296
3.99923
-3.22047
-5.43671
4.22366
-9.28409
-6.24037
-5.41096
4.55647
7.61871
-4.23135
-1.22249
-1.22832
-1.84731
-1.96756
-1.91726
1.60643
1.44708
3.21814
3.11892
-5.62976
-5.24949
1.12662
1.14742
1.07794
1.05548
2.30342
2.44116
2.38873
-1.97557
-2.08181
-2.00394
-1.90852
-4.9932
-2.02663
-2.02002
-4.07069
1.2894
1.20449
1.29034
1.27482
1.15146
1.28228
1.29104
-0.89714
4.69373
2.82866
-6.95343
0.130438
-0.15814
-0.141762
-0.332387
-0.342828
-0.299028
-0.136755
-0.300158
-0.331072
-0.336046
4.25712
5.98805
-4.72939
0.864014
1.76314
0.702719
4.67143
-2.26618
-2.1999
1.29626
-4.70631
-3.30927
-3.25236
0.538161
0.618593
-0.342615
-0.364754
-0.21624
-0.225941
-0.226429
-0.234226
-1.50698
-1.75595
-1.62081
-1.6547
-1.61117
1.54022
1.46684
1.44575
2.75975
1.0583
1.10506
0.11115
0.13711
6.08608
-3.22502
-2.24359
-4.5575
4.12378
-3.70492
1.88631
1.88157
-5.64753
-3.15865
-3.13752
0.750352
0.757812
0.730148
-3.04106
-3.05959
-2.80352
1.94528
1.92436
-2.01821
0.695536
1.01034
2.49918
5.37596
0.781244
-2.28746
-1.27896
-1.2786
-1.15644
-1.64777
-1.55078
-2.28148
-2.20986
-4.07127
2.96528
2.94083
3.01642
2.94784
2.91749
3.32997
3.29946
2.53603
2.47343
2.73597
0.67027
0.664487
2.17651
2.32976
-3.25751
-0.0088467
5.9791
1.42899
1.51652
1.52935
1.43008
1.41789
1.36638
1.3646
-3.98175
2.7842
2.94173
2.87646
2.78959
2.81847
-4.66986
-0.998882
-0.988477
-2.20497
3.8804
1.29051
1.29398
1.25423
1.2489
1.18277
-0.538893
-0.526631
-0.680027
1.32321
1.33808
1.31975
1.40086
1.38911
0.920296
1.02366
1.13068
-1.94569
-1.78138
-1.76486
-1.73919
0.0547397
-2.59714
-2.26727
-2.33296
-0.0478083
-0.0258003
-0.149111
-0.0213914
-0.0726096
-0.115853
-1.48092
6.04954
-0.473532
-0.509354
-0.429828
-0.191169
-0.191993
-0.649038
-0.577929
-0.559922
-0.598134
-0.600383
-0.655708
-0.649075
-0.570641
-0.586194
-0.596779
-0.618486
-0.666945
-0.833893
-0.495227
0.355993
5.74952
-2.16768
-2.24915
-2.38532
-2.49145
0.1278
-0.523897
-0.274179
-3.16251
-3.16054
-1.10674
-1.2539
-1.25608
-1.37747
-1.36251
-1.36665
-1.36089
1.55471
1.64617
-2.03168
-2.02456
-2.1352
3.36337
-2.55701
-2.58467
2.97397
1.1679
1.41259
-1.42493
7.53408
1.38416
-3.37413
-3.4438
-3.34006
-3.35118
-4.48813
-4.54904
-3.5656
-3.71788
7.26991
-1.54038
-1.80523
5.35981
-3.98379
-5.49523
2.75749
2.67144
2.83005
-5.18267
-3.19997
1.35608
-5.71046
0.289884
0.173581
5.85238
0.534242
0.39619
0.252851
0.483924
0.28441
0.410627
0.017343
1.0712
1.32801
-3.22895
3.17251
3.31375
2.18297
2.05875
2.03426
4.25812
-3.47133
2.04034
5.35711
-6.01161
-0.996182
-0.906976
-0.988353
-2.93045
3.65016
-3.09889
-3.07215
-1.71512
-1.65553
2.29766
4.27967
2.0047
2.01037
2.12515
2.21689
-2.40176
-3.0803
-3.13848
-1.98105
-2.00086
-1.96032
4.28526
3.30087
-0.521701
-1.54169
-1.62841
-1.59679
-1.71454
-0.163689
-2.67045
-2.7373
-1.10659
3.99175
-2.30729
-3.97443
4.27855
0.354459
0.477266
0.569896
0.532819
0.991279
1.03017
0.980513
4.26828
1.53143
2.14979
2.11981
5.13938
-3.44841
-3.64184
5.3509
1.73926
-5.91233
-0.671377
-0.595683
-0.549113
-0.584146
-1.13298
1.33899
-1.07586
-1.12548
-1.23212
-1.24259
-0.293091
-0.299936
4.68289
3.61219
0.934925
1.12117
1.16941
1.13855
1.40463
1.18647
-3.80933
-5.09936
2.54742
2.34112
0.174342
0.0376168
2.65393
0.159271
0.0447674
-0.0446814
0.187647
-0.329798
-0.301219
-4.11531
3.60922
3.72731
-1.00926
-7.4065
-3.52501
-3.4106
0.606448
0.570925
0.523872
-2.51047
-2.38191
-2.38488
-2.43596
-2.44485
-2.56308
4.27894
3.08656
3.00325
5.13312
2.50524
2.35594
2.48147
2.48467
2.50909
2.53363
2.52442
2.52533
3.56504
-1.42864
2.3378
2.3668
2.29126
3.35361
2.59718
2.60791
-2.82143
-2.58148
0.138673
0.225562
0.240557
0.474199
3.56982
-0.984476
4.85045
3.99051
3.96523
4.06453
-0.317472
-0.279848
-0.37987
-0.222878
-0.224768
-0.22317
-0.215629
-0.217751
-3.87895
-3.70106
-3.70992
-4.7598
-4.79243
-1.11354
-1.21579
-4.20005
1.79734
1.76137
1.81712
1.83111
1.7468
4.60195
0.200477
3.21211
-1.06717
-1.31287
-1.28474
1.13392
0.947084
2.11555
-2.34246
-2.35592
-2.37176
1.72591
1.6517
1.64384
4.04577
1.30593
1.28055
1.26795
1.38842
1.30666
1.29097
-1.72781
-1.72091
3.5886
-3.54965
-3.48797
-2.58398
-4.01279
-3.9133
3.15561
3.08966
-4.76038
5.20112
-3.72335
-1.8345
4.57237
-2.79936
-2.6194
1.04758
1.082
0.930097
1.0156
0.89385
1.0676
3.50389
3.43849
-5.07646
5.30748
-1.58494
-1.73903
-1.78956
-1.83988
-1.96867
0.244541
0.135102
0.193123
0.134193
-3.75132
-3.77177
2.88262
-3.221
1.97069
2.19518
3.13877
3.17428
1.38189
1.65805
0.999249
1.05921
0.993195
0.954871
-3.73491
5.22696
-2.27992
-4.27107
-1.06378
-0.965602
-0.699145
-0.677835
-0.676099
-0.449862
-0.79523
-0.711194
-0.780505
-0.77967
4.36842
-0.230566
-0.107808
0.638917
0.840134
0.575439
0.945009
0.977286
-1.82809
1.02755
1.28556
0.564448
0.548338
0.554863
1.77203
1.76638
0.979182
0.999937
1.04394
1.08707
0.983046
1.02829
-1.32106
-1.42333
-1.24361
-1.32428
-1.31366
-1.30167
-1.33658
-1.46357
-1.46192
0.377349
0.422274
0.388869
-2.0128
1.01763
1.00017
1.23003
1.24408
1.306
1.10878
1.29367
1.23886
2.2637
2.3853
2.16717
-2.84559
-2.82742
-2.9501
0.0912715
-3.57731
-4.23071
-2.905
-3.93575
2.48572
2.55856
2.53002
1.44327
1.43553
1.56722
1.46776
-1.91594
2.31251
5.40278
5.21951
-4.25089
-1.6789
0.529009
0.375398
3.44244
-3.96157
-3.85669
3.7177
-4.29492
3.35133
-3.11733
-2.88678
-3.73706
-3.69875
-3.75101
4.23278
4.4885
-4.84568
-2.32143
-2.38555
-2.29042
-4.00265
0.0157147
-0.214538
-0.273078
0.0571941
-0.0426071
0.0864314
0.909469
0.986182
-2.7235
2.17074
2.17439
2.1675
4.73443
1.80822
1.46182
-1.86258
2.29701
1.6762
1.59542
1.70523
1.72785
-4.53275
-4.50464
4.64448
4.58234
-0.96928
-1.00032
-1.07364
0.41449
0.637756
-1.64979
-1.65326
-1.67376
-1.60125
-1.14176
-1.17089
-1.16317
-1.05179
-1.11992
1.81288
1.81417
1.88782
1.92045
1.98352
1.99957
-3.81927
1.05838
0.669027
1.64019
1.50093
1.41671
-5.18594
-2.65692
-2.59718
-0.391708
-2.1154
-2.21788
-2.11171
1.84116
1.45765
1.30257
0.676164
0.690993
0.597378
0.576868
0.590403
3.73368
2.15791
2.16504
2.13226
2.14956
2.22469
2.17214
3.84589
-0.635242
2.29544
2.43878
2.66865
-4.89815
3.41973
3.53646
0.0347779
5.79004
-4.76998
1.83697
-2.72189
-1.95915
-4.05756
-6.16007
4.98268
7.40164
-2.42142
-2.49265
-2.45533
2.24278
3.80772
-5.22188
-3.14016
2.61234
2.73132
0.113976
-0.0329239
-0.0456489
-0.0395802
0.109533
0.108229
-0.112428
-0.258243
-0.00679365
-0.00330689
-0.00702762
-0.0468579
-0.0214612
-0.0467787
-0.0987646
0.0273558
-0.149767
-0.86556
-0.855892
-0.641412
-0.740455
-0.679093
-0.672899
-0.728098
-0.746133
-0.799288
-0.834495
-0.805155
-0.847984
-0.847566
-0.824694
3.82598
-3.20016
-2.99134
-3.1961
-1.16313
2.81115
2.69834
-0.28402
-0.189502
-0.243664
-0.246793
0.0455643
-0.060242
-0.1771
1.29698
1.32514
-3.49201
-3.52082
-3.19425
4.0342
-1.977
-1.94105
7.93474
1.66723
1.51465
-0.895083
-0.832228
-0.797088
-0.766583
-0.845096
-0.685031
-0.0152265
-0.0640341
-0.122803
2.25812
2.2875
-3.23382
3.67888
3.61385
2.11441
2.10853
2.19172
-5.61523
0.530482
0.48641
0.668124
0.756258
-1.54899
-1.52319
-2.64898
-2.58455
1.24971
1.1183
1.17958
1.321
4.94702
1.96111
2.04137
2.12357
2.08488
1.98823
1.98155
3.05181
3.2334
2.96567
-2.79994
-2.72352
-2.69881
-0.365066
-0.482844
-0.424314
-0.508784
-0.378492
-0.359993
2.76634
2.0373
2.0082
2.01981
0.80994
0.838117
-3.24755
2.69352
4.67674
-3.22603
3.10784
3.06886
2.33307
1.01447
-1.421
-3.67078
-1.77712
-1.68666
6.05096
-3.09612
0.974018
-6.09623
2.84825
1.41586
1.28564
1.06274
1.07053
0.939137
0.98307
1.08556
4.64829
4.15645
-3.69626
-3.80442
2.6041
8.85388
0.776194
0.730445
0.882754
-3.74246
-4.34302
-4.22079
2.67529
-3.46537
-0.985888
-2.24432
2.64853
-0.763051
-0.729304
-0.834464
-0.793974
-0.368852
-0.272879
-0.192725
-0.236655
-0.227293
-0.172164
-0.185125
-0.141035
-0.152439
1.08796
1.08063
1.15062
1.0965
-3.51387
-1.1136
-1.07003
-0.998885
-0.967449
-0.999066
-3.52475
2.03707
2.24697
2.20651
-1.56674
0.0157161
-0.193903
5.08019
-1.08754
-5.43449
2.32141
2.51952
2.33913
2.15689
-2.73554
-2.69048
-2.65947
-2.69376
2.25004
2.27427
2.06482
4.28782
-4.01574
1.1573
4.3284
-0.218027
6.97512
4.74292
6.32917
-1.68668
-1.54212
-1.53877
-5.39186
2.24178
2.30776
3.21957
0.478512
-2.85489
-2.60664
-2.61815
-2.69437
-2.68443
-2.59445
1.75496
-3.97386
0.675341
-1.34252
-1.39859
-3.04036
-3.0861
3.79069
2.35255
2.33927
2.62234
-0.197213
-0.0856224
3.33705
-6.61001
3.47201
3.79259
-5.41933
3.9963
1.78004
2.48594
-3.30681
-3.51264
-5.4903
-2.75042
-1.43139
0.223638
0.1024
-2.52582
-4.49397
6.60112
-2.21435
0.450935
0.536691
-0.117542
-6.26029
-5.87448
-3.09463
-3.04444
-3.1015
-2.91425
3.12874
-1.7294
-1.84518
-1.80421
-1.7807
-2.66307
-2.63212
-2.33316
-2.55984
0.0574629
3.57155
-4.18161
5.61848
3.71642
3.77335
0.234431
-5.00572
5.02271
1.61635
4.21736
0.912376
3.18666
1.63913
1.80344
1.78225
0.717449
0.587506
0.521326
-6.56925
2.67256
1.41047
2.4471
-0.0976107
-0.114499
0.0351272
-0.300796
0.0935053
0.173178
0.0908751
-3.94244
4.47851
-3.22645
-3.06115
0.749965
0.673593
2.82126
-3.52922
0.19442
0.049076
-0.07892
0.0858774
0.117213
-4.34465
2.85648
2.8159
2.80428
2.52989
2.62326
-0.155171
-0.22743
-0.272458
-0.473687
-0.407016
-3.83496
3.57141
5.09112
3.90786
3.90906
0.0132975
-1.36286
-2.39002
-2.29649
2.01987
1.95799
4.47711
-0.980924
-0.834058
-0.830629
-0.794079
-2.25258
3.25343
-1.47442
-1.53193
3.44426
5.58319
1.69522
1.70743
2.78388
2.81328
-6.18122
-1.84659
-1.87114
-1.77943
-1.81781
2.10421
0.218153
0.23908
0.84791
0.995736
0.870612
0.337443
0.35084
0.473867
2.62735
2.61638
-0.899942
-5.03914
3.95781
-2.42851
4.41323
-1.89565
-1.91952
1.48355
1.45894
1.4181
1.33519
1.35804
1.40696
2.25457
2.14807
2.13952
2.11163
-4.06113
4.77742
-3.36308
-3.62521
3.54392
2.4339
2.32484
2.38295
2.33731
2.45726
2.43998
2.36713
5.55026
-2.39824
0.00425883
0.0388282
0.037699
0.0523176
0.081227
0.670363
-0.292574
-0.198307
-0.245791
-0.361311
0.863711
0.729144
0.769416
-3.20005
-2.98167
-2.47342
-4.84442
-4.84998
-0.016035
2.55013
-5.95737
2.29235
-2.71389
0.375675
0.520874
0.402198
0.433915
0.421598
-3.3553
-3.86337
-3.81261
-3.94476
3.99294
-1.72859
-1.69552
-3.13626
-3.23477
3.69379
-4.15813
-1.03796
-1.04075
-0.241937
-0.344511
-0.362265
-0.29298
-2.57641
-2.63382
1.03653
1.02646
-2.89506
-2.80539
0.662085
0.645486
0.709837
0.920761
0.994961
4.32819
-3.24466
-4.83416
-4.77648
2.66385
2.72553
-1.57761
-1.63266
2.83916
-0.547446
-2.13746
-2.13348
-2.27336
1.28692
1.46462
1.46733
3.51394
3.41698
6.78623
6.14319
-2.2824
-3.95206
3.91062
2.2469
2.25911
2.34904
2.21861
2.28567
2.21108
-0.621794
-0.526156
-0.629507
-0.143316
0.0205507
0.529716
3.51413
3.9256
2.6484
-1.46159
-2.45545
-2.32717
-2.25484
-1.10551
4.63012
-2.82326
-2.85348
-2.18647
-2.12507
3.19838
5.20512
-0.400074
-0.399367
-0.427237
-2.98536
4.84596
4.93477
-2.24165
-2.20469
-2.25856
-2.33061
-2.55744
-2.26742
-2.24799
-1.22173
-1.28139
-1.29004
-3.04978
-3.1669
-0.289548
-0.452136
-0.426808
-0.420305
-0.402355
-3.91889
-3.78966
1.8395
1.49501
1.42475
-0.929992
-0.859086
-0.907925
-0.900791
-0.991465
-0.921619
-0.813179
-0.85908
-1.01606
-0.940139
-4.2057
-1.63971
5.04617
-6.07156
-3.35063
-3.42374
-5.99651
1.59162
1.59368
1.78211
1.41976
1.84703
1.84168
-1.19446
-1.16945
-1.18738
-1.15975
-1.21653
0.433453
5.68018
-1.85639
-1.96768
-2.14754
2.03324
1.94633
1.98973
1.88122
1.89796
1.77235
1.98164
1.95956
0.838622
-3.98289
1.92143
1.88861
1.94017
1.90171
-2.65236
4.90201
4.55376
0.0259712
0.0391051
-0.061008
-0.0871752
-0.0304483
0.00172109
-0.0255708
0.125617
0.013771
-0.180373
2.03331
2.25208
3.33781
-0.107437
4.05549
-1.40033
0.60147
0.640035
0.684072
-1.55853
-1.59377
4.47204
2.28364
-1.34766
-1.52488
-1.42897
-1.35259
-5.48242
6.86882
-3.11252
4.46198
-0.736032
-0.875844
-0.554003
-0.643965
-0.612619
0.512298
0.637468
0.440603
0.535564
0.512023
0.487159
0.53915
0.586476
-0.0604006
-0.105969
-0.137829
-0.0980051
-6.86664
-3.15573
-0.826314
-0.850122
5.79844
2.16867
2.42865
2.26549
2.26579
2.24907
2.58341
-7.98199
-0.655562
-4.03187
-3.52875
0.249477
0.208504
0.242112
0.221444
0.290502
-0.0680184
3.08899
-1.34262
-1.33637
4.03038
3.88281
0.633169
0.549735
0.523935
0.475825
0.502152
1.82718
1.89741
-0.602777
-0.418072
-0.497378
-0.494055
-0.524202
-0.554573
-0.526001
-0.534133
1.64288
1.57083
1.64302
-1.81128
-1.81271
-1.85316
-2.19758
0.208558
2.81128
-0.921624
-0.881026
-0.820871
4.23114
0.199845
3.5789
3.73101
2.09398
-2.28918
-4.30042
-4.18432
0.0594079
-0.39398
3.87853
-2.51607
-2.5732
-2.06575
3.2638
3.30878
3.27567
-0.266488
-0.29612
-0.422481
-0.494271
-0.489283
-0.375327
-0.282342
2.78814
-3.23584
-4.59597
1.88863
2.08494
2.00361
2.15926
2.17812
3.80666
-0.28456
-0.183379
-2.20074
3.9965
-0.0123354
-1.4138
-4.16728
4.47902
-1.22718
-1.3437
-1.18194
-3.46501
-1.45084
-1.56117
-1.46591
-1.59424
-0.763398
-0.787464
-6.45932
-2.53109
-2.44286
-2.36254
-6.74402
3.57392
2.85397
-4.72403
3.61646
-3.79829
-3.87119
3.54755
-6.9926
0.847052
0.782269
0.793252
0.569392
0.558254
3.17322
0.706423
-0.128207
-0.211789
-0.213503
-3.39422
-6.30272
0.648031
0.959943
0.788564
0.780155
0.64745
0.71493
0.749115
0.858239
0.883388
-0.117005
-0.142093
-1.15355
-1.2467
-1.24804
-1.28581
-1.20105
-1.21233
-1.27033
-1.21313
-1.12639
-0.270423
-0.227676
-0.384029
-0.349377
3.75497
-3.19427
-3.01388
-0.962507
-5.56215
-4.55408
-2.96548
-2.93854
-4.7683
-0.566318
-0.466563
-0.44852
5.36856
1.63127
1.4795
1.44732
1.47787
1.39454
1.24212
4.76701
0.785552
-2.36343
-2.35835
-5.16634
0.83383
0.930122
1.00934
-1.33366
-1.40584
-2.78003
4.11271
3.75702
3.71616
-6.61828
-3.32427
2.15327
2.11241
2.19341
2.22759
-1.72028
-1.78733
-2.94649
0.796504
0.730332
0.601254
3.45808
3.41288
2.05067
1.79534
3.28817
3.48115
3.30637
2.14009
2.15007
1.9035
2.1565
2.32862
-0.538798
-0.555754
-2.56319
8.21473
2.85827
3.38547
3.2489
-6.12894
1.93017
1.98856
1.85277
-4.06319
-5.45719
-3.01898
-3.11958
-3.08696
3.53523
-3.04605
-3.12281
-6.22573
-1.94248
-1.93382
0.561348
3.09348
3.225
3.94843
3.93484
1.01687
-4.07323
0.0110218
0.016422
3.48448
-4.36548
-4.40718
-3.14058
4.34566
6.44938
3.69351
-7.84401
-2.28426
1.78021
-4.68515
3.9598
1.3141
1.35199
1.28814
1.24136
0.275753
-3.51582
4.0007
-4.06264
3.43367
3.39388
3.83523
-2.95086
2.01975
-0.43801
-0.338783
-5.03304
1.46162
0.241581
0.12416
-3.00686
-2.94182
-2.99606
-2.84749
3.49669
3.45491
3.41643
-0.894107
-0.808259
-0.79556
-0.732381
-0.454061
-0.441326
-0.446828
-2.58437
-4.50847
3.47352
5.6848
-3.52541
-3.41095
-6.05931
0.0455551
0.205295
0.240221
0.36621
0.441573
0.351187
0.294686
-3.79582
4.76752
1.25313
1.31429
-2.68369
2.59164
2.42378
2.46787
-2.07427
-3.25518
2.47547
-4.84183
-5.5611
0.58951
0.675539
0.708717
0.69292
0.590836
-6.79432
-2.27091
-2.24812
-2.17328
-2.0902
-2.36613
4.27149
-4.03997
5.66138
5.16146
-4.53977
-1.11838
0.378355
0.399826
-4.53714
4.31175
-1.68873
-1.67619
-1.7588
-1.76864
2.17044
2.06427
0.40662
0.537913
0.611364
-4.23522
2.97348
2.89053
2.85875
-3.0819
-3.02187
-3.76655
-3.71542
-1.46356
-6.80872
-1.23079
-4.54854
-0.459702
1.60316
-0.354376
-0.337488
-0.374163
5.64605
5.84362
-3.33651
3.56995
3.41922
3.58785
-1.22498
-1.25964
-1.25402
-1.21735
2.47388
2.39816
2.46542
2.58178
-0.508221
-0.442666
-0.295343
-0.366508
-0.95428
-0.89147
-1.1274
-0.973871
-1.02333
-0.249399
3.9701
-0.591766
-0.860238
-0.782544
-0.676875
-6.13024
-3.61553
5.30153
0.872242
-7.17107
4.5581
-3.16032
-3.04584
-0.229875
-0.101912
-2.43458
-1.01961
-0.900623
-1.05369
-1.48012
-1.37155
-1.56037
-3.99659
2.70584
2.60746
-0.440739
-0.593494
-3.59876
1.0385
4.50733
-0.552309
-0.936321
-0.825098
-0.972654
2.40907
2.35123
0.90107
0.760001
0.842067
-2.57726
-2.54557
-1.80469
-1.84982
-1.86868
1.1106
1.17443
1.15557
1.10295
1.04201
1.09193
1.34331
1.17423
5.81633
1.05234
1.16816
1.24973
1.25481
1.29556
1.20946
-5.27082
1.17991
3.07978
3.00923
2.06173
2.24272
2.25765
-1.42725
-1.37683
-6.1368
2.43135
2.37863
3.62895
1.05527
1.25003
1.27268
1.37389
1.06985
1.0562
1.0216
0.968672
1.09163
-6.84566
8.60463
-3.14494
-3.2454
4.07291
-0.461298
-0.317914
1.85805
-3.64153
2.53869
4.26591
-5.41204
2.70411
1.35673
1.20624
1.23219
1.36707
-1.05858
-1.24709
5.75588
2.41889
2.41291
2.41773
2.37352
2.20515
2.28451
2.22146
2.36433
2.32649
-5.88172
-3.40267
-1.79252
-3.59552
-3.67526
-2.71158
-2.74533
4.11093
-5.10672
-1.5595
-1.61712
0.0388778
0.049291
0.0881176
-4.89229
1.85853
4.15938
4.58147
-0.505791
-0.566751
-0.558559
-0.724965
-0.818946
-0.66873
-0.582291
0.0128733
-0.0257111
-0.252189
-0.182591
-0.285276
4.40082
-1.07325
-1.05418
-1.09493
-4.08047
-3.32866
3.71348
4.61185
6.71946
3.59004
-0.0869546
-0.171007
-0.268192
1.45188
1.42047
1.56688
1.60651
1.40755
3.00994
3.27722
3.22168
0.406784
0.602576
0.674997
0.649707
0.657125
-1.2683
4.28352
0.83812
0.0777359
0.56248
0.50196
2.33678
2.28907
2.37847
2.33315
-6.51186
4.56806
-2.93367
-2.75668
-2.99613
-2.88376
-2.83971
4.76709
2.62641
2.84939
-0.765457
-0.657902
-6.22833
1.46375
1.54483
1.57611
-4.5611
-4.52882
-4.2287
5.08647
3.28857
3.88998
-1.7604
-0.0241722
-0.0111395
-0.0149058
5.41751
6.36502
5.47677
2.00468
2.0012
0.23208
0.311907
0.402558
0.258776
0.257178
0.250983
0.260716
-4.86527
2.83556
-3.47713
-5.69566
-0.109222
-4.41703
-0.851769
-0.756746
-0.733682
-0.683534
-3.15473
-2.90719
-2.98577
-4.60238
4.1271
-3.8865
-3.66016
-3.3991
-3.16692
-3.24325
-3.04989
-1.51029
-1.45284
-1.95711
-1.90545
-1.90721
-1.90004
-1.86559
-1.73676
-1.79232
-1.8143
-1.8401
0.690715
0.659622
2.62632
-0.576411
-0.546913
1.53085
1.53879
1.51081
-0.522721
-0.605477
3.14739
3.34248
3.26072
3.24594
-3.43065
0.0269005
0.0808007
0.0365958
0.0918379
-2.09768
-2.00175
-2.11444
-2.08339
-2.21911
5.27705
-3.51787
-0.68708
-3.6623
-3.43745
-3.34249
-5.38805
-4.63654
-4.55222
-5.83823
-1.0407
-1.03393
2.5369
-1.33839
-1.35802
0.165073
3.98401
-1.32357
-1.39147
1.13396
1.0276
-3.11866
1.20744
1.21698
1.38893
1.39708
1.25757
1.2852
-0.046082
-0.177574
-0.285149
-0.105165
-1.3778
-1.36984
-5.45436
-4.05929
-0.767255
3.66553
2.12494
0.931443
0.926605
0.920342
0.761082
0.779944
-0.773686
-0.989653
0.180536
0.294464
0.213863
0.178516
0.0710532
0.24706
-1.05073
-4.21516
-0.0129194
2.05732
2.14301
4.34115
-3.25148
2.60998
2.78143
2.74368
2.56629
2.04935
1.96618
-2.20607
-2.22138
-3.04519
4.48628
3.90775
-0.823198
-0.918563
-0.822415
-2.11794
5.22741
4.69731
4.7792
0.642371
6.56806
7.65889
7.14292
-5.39854
1.31313
-0.432348
-4.48979
-4.27162
1.8846
1.81011
1.6258
0.023535
-3.53956
-3.4936
1.46326
1.29614
1.26352
1.27507
-1.08897
-4.34773
-0.638565
-0.736895
-3.18555
-1.6734
-1.48126
1.12406
1.43059
6.91558
-4.36452
4.70162
-0.46148
-0.54251
-0.50161
0.891445
2.70728
1.28709
1.21082
0.959496
-0.83978
-0.0759156
-0.203712
-0.172782
-0.73406
-0.273924
-0.28903
-0.230934
1.99924
4.35874
-4.15527
-4.12618
-4.05969
-7.03169
-6.49154
-5.81837
-3.94094
-0.957888
-1.00054
-1.86424
-2.73738
0.193515
0.252409
0.252757
-0.779849
-0.885544
4.5884
-2.062
-1.0397
-0.905352
-0.874925
2.30579
2.08302
1.50756
1.46032
1.58761
1.44801
1.51404
1.87943
3.61431
3.51234
3.69825
-2.34234
-3.5084
0.864511
-2.59927
3.32858
-2.7207
-2.75986
3.00114
-1.41934
-1.39783
-1.35027
-3.25528
-0.518205
-0.536062
2.15639
-1.36526
-1.19008
-4.93537
0.962134
1.07728
0.981662
0.976511
3.09921
3.07476
3.15193
3.08438
-3.46135
2.44402
-3.51942
5.51203
0.784721
0.674792
0.601482
0.618149
0.602961
0.494893
0.61293
0.509236
0.52743
0.679857
0.645358
2.77312
2.63347
2.62706
-0.564599
-0.606373
-0.485762
-0.488903
-0.418217
-0.463215
-0.576168
-0.0602084
4.24216
-1.17355
-1.01703
-1.19424
-1.13767
-1.24859
-1.85617
-1.82843
1.55596
1.67212
1.56057
1.46399
1.62517
1.43211
1.48576
1.4255
3.2702
3.3479
3.15769
3.39376
3.47001
3.53997
2.92056
5.26331
-1.11334
-1.13707
-4.79434
-3.28478
-1.37364
-1.39561
-1.32369
4.95888
-3.58962
2.87751
5.11985
-2.27174
-2.27134
-2.4354
-2.4057
-2.29452
-2.4148
-2.45503
1.61884
-2.32647
-1.39489
1.22904
1.11967
1.12646
1.24005
3.78932
4.13241
0.92426
0.923167
0.879714
0.793658
0.879048
2.67782
4.59702
-5.00762
3.08384
3.04292
3.12211
4.77903
-6.96455
4.0447
0.103518
0.0638775
-2.69642
-1.28741
-1.36091
4.07526
-0.0432641
-0.266477
-0.251755
-0.0917932
-0.130852
-0.112354
-0.115298
5.94894
3.59145
-2.02449
-2.02129
-2.10788
-5.9492
1.3642
1.1786
1.30775
1.29491
1.32419
0.444591
0.443088
0.231517
0.361394
0.336016
0.298415
0.31127
0.618753
0.540865
0.106978
0.169105
0.00118531
0.215373
0.0559462
0.204398
0.149168
0.166411
-0.0117234
0.0455694
0.146042
-2.93387
-2.66946
-2.00386
-1.9813
-1.95823
-1.84836
-1.99923
-1.97689
2.75353
2.65819
-2.7242
-2.74858
-2.71067
-2.52467
-2.41462
-5.38092
4.63484
0.447674
0.502085
-1.21354
-0.999481
-1.00944
-1.98082
-1.86437
4.66027
0.542516
-0.40637
-0.437396
-0.434875
3.42896
-1.63882
-1.83053
-2.98256
-2.21706
-2.27042
-2.2892
-2.41008
-2.45787
-2.95433
4.4786
0.836899
0.890714
0.882427
0.759527
1.89057
4.12106
-1.96582
2.60731
2.48636
2.81514
2.74246
-0.856535
2.72886
4.92333
-3.24322
-3.3099
-3.11877
3.3423
4.51964
-0.55388
-0.526583
1.77006
-1.03581
3.86646
0.173461
-0.91424
-1.18612
-1.17443
0.697125
-0.996707
-0.973788
-1.02669
-0.856222
-0.826204
-0.864981
4.0514
-3.64552
2.07579
2.0776
2.16345
2.11156
4.01777
-1.87689
-3.06688
3.06418
3.00691
2.95693
2.07888
2.09236
5.05152
-0.218657
3.11541
3.08607
3.86709
5.44044
-2.58386
-2.60666
-2.57648
-2.41726
-3.46695
1.8945
-0.970551
-1.06066
-0.75839
1.61295
4.57581
4.15238
4.54942
-0.573035
-0.713494
-0.742862
-0.748462
2.56649
-1.88441
-1.76623
-1.77453
-1.77349
-1.80204
0.574168
0.62251
0.520424
-2.71722
-2.8784
-2.94611
-2.70993
-3.3915
-3.13212
-3.32832
2.76903
-0.0900537
-0.0722938
-0.10232
-0.0603721
-0.197917
-0.124933
-0.0193046
6.27015
3.76993
-2.60138
-2.64924
-2.64963
-2.59212
-2.51309
-6.23506
2.46762
2.51279
-0.224464
-1.47022
3.25519
-4.07266
-1.44713
-1.59831
3.47283
-0.609521
-0.441469
-3.52451
-3.84937
-1.69757
-0.671933
0.674534
0.750362
0.588074
0.754585
0.857514
5.37034
-6.25695
2.19881
2.46175
2.18551
2.14398
-1.06224
6.11027
1.3518
2.55935
1.9367
1.91756
1.8007
1.79108
6.41554
0.481913
4.59192
4.19054
5.31283
2.96432
1.44283
1.37764
1.36948
1.49552
1.21593
1.25561
1.32582
1.18358
-5.41673
0.527537
1.39887
1.38317
-2.59072
-5.6328
-0.316992
-2.05863
0.220461
5.27139
-4.41206
-0.945616
-0.860777
-0.782222
-0.923687
-5.47144
-1.68183
-1.75254
-1.7095
-2.45021
3.78638
4.58112
-0.2703
-0.0785256
-4.11601
-3.77923
-2.00271
-2.09201
-2.12706
-2.15901
-2.15192
-7.00145
-3.67756
-1.55708
-1.72229
-4.07178
4.77216
3.77788
3.69995
3.65082
-3.21208
-2.55613
-5.4834
-4.96099
3.63395
3.75029
-1.65034
4.2362
0.554436
-2.73642
-2.75005
-2.72635
-2.53728
0.151494
4.92689
-3.81731
-4.48685
-1.32887
-1.2675
-1.38192
-0.994032
-0.960199
-1.0082
-0.809649
-0.77634
-0.892153
-0.963981
-0.869163
0.735357
0.639427
-1.75218
-2.32615
6.91571
-0.0900709
1.35449
1.38338
1.30129
1.37591
1.42062
0.621878
0.627418
0.812968
0.714761
0.762067
0.823224
-0.818811
-0.773093
-2.89674
5.8799
-0.601244
-0.423753
-0.393008
-0.398833
-0.659017
1.21136
1.23244
1.63766
-2.52458
-0.45963
-0.519899
-0.513513
-0.477185
-0.4967
-1.12368
0.759009
1.64186
1.62194
1.65139
1.52982
2.63391
-3.85725
-1.24054
-2.86721
-4.33192
5.1564
4.38887
6.6326
2.48309
2.42218
2.34691
1.27627
1.66008
1.50921
1.4841
1.5572
1.60132
1.89391
2.22331
-3.3925
-3.38234
-3.43913
-3.40427
-4.08719
-4.14495
-4.10016
1.77095
1.9153
1.84409
1.72345
1.94742
1.92242
1.99855
1.85922
1.86989
6.09889
-4.88284
-1.59555
-1.70702
-1.63902
-1.68166
2.02855
3.60556
1.02809
0.932546
4.10909
0.913185
-1.64485
-1.79831
-3.15447
-2.91208
-2.93237
-2.75744
3.15844
1.79135
2.38658
3.51793
3.07478
3.17028
3.20653
3.28597
-0.468511
-0.522821
-0.514808
4.25988
-3.43049
0.574602
0.514385
0.664297
0.533064
0.176646
0.214469
0.199021
0.186516
0.389227
0.399979
-2.96947
-2.59559
6.18883
-0.307042
4.15505
5.54117
1.61645
1.71033
1.68566
2.28044
2.31712
1.37281
-3.17068
4.05293
5.0687
0.10396
0.106424
0.00476132
-0.0160033
0.201954
0.0511195
-0.0233921
0.176654
-3.50012
-3.52848
-3.53134
-2.50056
-2.05641
-2.02468
4.11375
3.92907
3.80159
3.63832
-3.30123
-3.34614
-1.63212
-1.55694
-2.81247
-2.818
4.77877
4.89119
-1.98887
-1.89186
-2.10361
-2.04514
3.36305
3.23565
3.22345
1.54269
-3.86224
2.20381
-6.92139
5.08181
1.20577
1.18715
1.24694
1.37296
1.31969
1.2591
0.98325
0.996909
-7.30318
3.89784
3.17414
1.34275
-2.15606
3.95005
2.32356
2.57083
-0.0642682
0.00374488
0.045912
-1.93218
-1.99477
-2.02868
2.11777
2.08093
-3.12409
1.84484
-0.179867
-0.228644
1.31645
1.36388
1.27072
1.25672
1.36371
1.4028
1.31563
2.81942
-0.905444
-0.902875
-0.851409
-0.874071
-0.871343
-1.00618
-0.995139
-1.08052
-0.811523
-0.889084
-0.900908
-0.786423
2.46522
2.68637
2.57418
2.13363
1.9548
2.06347
2.12652
2.08942
2.31143
-4.77241
-5.00965
-3.98457
-4.06258
-1.83953
-1.78863
-1.79236
-1.11389
-1.32874
-1.08333
3.29885
-2.12432
1.48125
-0.722188
-0.821664
-0.871851
-0.898328
-0.906757
-0.775471
-0.760011
-0.836759
1.37049
1.3
1.30679
1.3526
1.23512
3.36067
-3.62291
4.43653
1.43438
1.33578
1.29876
1.31753
1.29209
1.25572
3.84956
3.79252
3.88546
3.72095
0.575704
0.661735
0.64537
0.517675
-0.0651913
-0.0697372
-2.07231
5.09639
-2.22035
-2.29749
-2.36143
-2.21105
-2.16651
-2.33211
-2.32929
-1.92092
-0.565798
-0.42871
5.15977
0.836409
2.52168
-5.27334
1.34234
3.0676
0.785806
0.75109
-3.30205
1.34656
0.93586
0.971291
1.09089
1.12577
0.989204
0.963926
2.97586
5.53388
6.01005
2.29219
2.28823
-3.9669
1.79169
-0.167922
-4.42504
0.854589
-3.68889
6.34669
-0.919444
-1.03653
-1.00147
-0.433432
-0.506149
1.06052
0.958801
0.996214
0.956083
0.738254
0.815761
4.13815
-3.1264
-5.15492
-0.404668
-0.348648
-0.323832
-0.485093
0.680268
0.720582
2.50798
4.32962
-0.238568
-0.367855
-0.372532
-0.215352
-1.46516
-4.02267
-3.43047
-2.2685
6.39324
-0.984351
-0.925198
0.671597
0.975989
2.14462
2.38348
-2.45092
-2.89356
-2.92215
-0.193274
-0.0219236
0.0632589
2.52706
-1.85839
-2.00765
-0.0526365
-0.0803073
3.85817
-2.63778
-2.52912
-2.59244
-2.65449
-4.29013
-4.99607
3.27262
-2.98118
-3.01578
-2.36416
-2.37344
-2.44338
3.01621
2.27712
1.39915
-2.02534
-1.75764
-1.82421
-2.60978
-1.4697
-1.49881
-1.40181
-1.32687
3.27485
3.30298
3.10081
3.44268
2.25274
-5.14237
-1.94061
2.24659
-4.29862
1.14819
1.11391
1.09359
1.0161
1.07524
1.1559
1.22213
1.26855
1.06309
-3.57083
5.95247
-2.84003
-2.84917
-3.25589
2.63632
1.85588
1.90867
2.05353
-2.45016
-5.24254
-0.837314
-0.726865
-6.62208
-0.224089
-0.262018
7.93408
3.16996
-9.76618
0.209572
0.188744
0.204765
2.00455
-3.61389
-2.20606
-5.03961
-1.29268
-1.42943
4.36084
7.44118
-7.08166
-1.34383
1.42555
1.44257
1.51307
1.47389
-1.89027
2.01347
2.13749
0.698003
0.727588
0.593976
0.551775
0.578975
-2.4666
-2.61338
2.93639
4.34081
-0.380855
-0.16785
-0.301458
-0.0995583
2.62039
-2.81118
5.01192
2.26464
1.31484
0.501543
0.364417
0.47447
2.41965
2.2911
2.4541
2.32215
2.41976
2.44648
2.43684
3.65721
-1.2087
-1.18346
-1.26061
-1.30735
-1.35314
-1.23566
-1.28085
-1.20383
-1.31217
-1.38708
-1.24476
4.36104
0.854309
-3.28561
-3.34138
-3.09777
-2.95846
-3.08125
-3.0292
4.31048
-0.588373
-0.735877
-0.714795
-0.655026
1.81618
1.83353
1.60707
6.30184
-2.50684
-2.44382
-2.50247
-2.31301
1.06658
0.95604
0.931998
0.899415
1.07709
0.890568
0.246249
0.269103
0.453813
0.447312
1.76654
1.83054
1.80583
-2.84479
2.2434
-1.20768
-2.98342
-2.91926
2.21705
-7.54811
3.43725
3.5136
4.33854
2.03836
1.92248
1.83454
2.17096
2.36694
2.50461
6.95882
1.6925
5.32886
1.56381
-3.16044
-3.31667
1.41324
1.51024
1.51442
6.06309
-4.08663
-6.05868
-0.814933
0.619692
0.643485
-2.47348
-2.4886
-2.44451
-2.47166
7.31128
2.53031
2.41656
1.23989
1.4792
1.53864
1.46393
1.34968
1.56819
1.53521
1.39535
1.52598
1.40062
1.43544
1.42137
1.40021
1.35094
4.91257
2.37742
-3.52467
-3.42644
-0.316211
1.90576
1.87724
1.22814
0.974241
0.970753
1.10154
1.10293
1.15834
-1.81461
-4.07375
1.72825
1.90527
1.62897
5.8989
0.813382
4.19167
2.7492
2.642
-2.95999
-0.353934
0.896939
0.859753
0.888754
-6.49933
4.11893
-3.38175
-3.34934
1.17207
1.16224
1.15337
4.12046
-5.05321
3.07131
-3.1431
0.0550315
0.161693
0.109632
-1.14438
-1.0528
-0.798554
-0.777251
-1.39234
3.625
-2.96353
-4.57305
-1.87016
-1.94607
-2.04108
-1.98557
-1.95754
-1.80958
6.7092
1.48175
1.43704
6.03537
-0.427526
2.79886
2.72168
3.42067
4.93871
-0.266787
-0.427707
-0.439262
-0.199797
0.172968
0.0932098
0.0948024
0.0570332
0.113636
0.024203
0.0807193
0.189602
0.00891875
0.0266489
0.137324
0.297378
0.42492
0.447499
1.96161
1.9382
1.85128
-0.76557
1.47476
5.46901
-1.57833
-1.61393
-1.72866
3.30481
1.12268
-1.87439
-1.77309
-1.94345
-1.95903
-1.96484
-2.00246
-1.92079
-4.34634
4.35628
4.77832
-4.54496
-5.81103
-1.3374
-1.24836
-1.26844
-0.968136
-0.990729
5.31563
5.18365
-1.87244
-1.67106
-1.78807
-1.74832
4.56775
-1.63891
-1.6059
-1.6323
-1.58913
-1.80952
-1.78101
-1.7365
-1.77628
1.4264
1.41316
1.46437
1.38684
-3.47527
3.29445
-3.8673
-3.95967
0.055955
0.0689925
0.0410121
0.132369
5.34446
2.35495
2.36657
2.50396
2.83689
-2.07589
-4.72029
-0.115236
-6.2859
-2.17219
2.47898
4.72898
5.81136
-3.19711
-0.852797
-1.98857
-2.10975
-2.1331
-2.37084
0.58762
0.607938
0.452457
0.512433
0.503035
2.32699
2.48526
2.31151
1.54936
-1.6863
4.7597
-3.30053
-5.63034
-0.731264
-0.733636
-0.679953
-0.847369
-0.85747
-0.785052
-0.817089
-0.903697
3.40447
2.22107
2.17759
2.18166
-5.58488
1.45118
1.48016
1.70158
-0.305283
0.400272
0.267352
0.225418
0.207789
0.248823
0.397465
0.203599
-3.21115
3.6341
3.74313
0.188866
-3.39532
0.0464403
-4.42163
1.05189
1.12125
1.26157
1.00565
1.10219
0.981124
1.21662
1.15966
-0.993794
1.52007
1.72625
-3.34246
-2.30229
-2.28847
-2.16411
-2.08665
-0.190019
-0.221821
-0.317387
-3.60758
0.422629
0.213994
0.211477
0.463533
0.235209
-0.14092
-5.25819
-7.45523
-2.54594
-2.5282
0.400094
-1.08506
-1.19507
-1.12555
-1.23284
-2.00318
-2.16705
2.05639
2.0543
2.17876
0.727613
0.742699
0.830987
0.866435
0.815353
0.802568
0.804292
0.861188
0.852065
-1.16648
4.25144
1.00689
-0.107702
-0.0417223
-0.211216
-0.182382
-0.076015
-2.90597
4.8563
2.35192
1.64866
4.17853
0.764566
0.791906
0.819237
1.07757
0.984563
1.0948
1.04178
1.12491
1.06916
0.987547
1.11492
1.13788
2.54179
2.59398
2.54656
2.35917
2.53328
2.43993
-2.28062
-0.958646
-0.896441
-0.952984
0.482284
0.517293
4.21514
-3.57148
-3.73092
-2.23598
-2.74881
-2.79889
2.6233
3.17894
3.13439
2.77772
2.75205
-0.0678807
0.0341215
-0.0803155
-0.0279376
3.68817
3.66448
3.77241
-3.60314
-3.55164
-3.45979
-1.48956
-6.05688
1.55835
1.63322
-3.7689
-3.82941
0.480879
0.513985
0.682384
0.636196
0.681636
0.642472
0.666054
0.700952
4.71689
-4.08745
-0.546555
2.15041
-0.807305
-4.03667
-0.381412
-0.348684
-0.185141
4.56913
0.527973
0.652738
0.579412
0.640113
-2.76595
-2.69609
2.99342
3.34106
-3.05411
-2.83948
-3.05467
5.77884
0.846679
1.09586
1.09338
1.19629
1.19964
-0.885142
-3.55323
2.80993
2.21088
2.23188
2.24981
2.14209
2.15552
5.38276
-4.14659
2.45409
2.4378
2.46141
-3.16878
-3.12134
-3.33295
-3.46091
-0.571648
-0.519541
1.14918
1.18282
5.04361
-4.73729
-2.146
-2.07899
-2.80923
-2.97973
-2.99555
-3.52715
-3.6833
0.657507
3.49362
-0.448521
-0.377431
-0.478823
-0.422074
-4.51639
0.568474
0.644385
0.628374
0.668102
-4.04068
4.43269
2.38154
2.414
2.27045
7.04767
-4.40731
8.71995
-1.53173
-1.61987
-1.62608
1.84292
1.76392
6.3081
-2.28401
3.1304
2.96992
5.83926
-5.0293
-4.19561
-3.27961
4.91019
-3.70604
-3.71563
1.66447
1.55956
-3.75001
3.63606
-4.04232
-1.85471
-2.99799
-2.90897
2.84823
2.97603
1.33196
-5.5951
1.88846
-2.22882
-2.25603
-2.31196
-2.26351
1.2639
1.33402
2.93564
2.9018
2.81577
-3.14963
0.216955
-0.955336
-0.845367
-0.359472
0.987564
1.26284
-4.55505
0.264626
0.304633
0.385543
1.43104
1.8223
1.77658
-0.374524
-0.0849969
-0.201738
-0.477501
-0.508097
-0.44593
-0.426669
-1.81351
-1.84018
-1.75216
-1.6879
-1.74705
-1.59267
-1.78472
4.602
3.37748
3.20936
-1.26062
-1.33827
0.295231
3.30721
3.32242
-4.00912
0.437891
0.443363
0.428598
0.296252
-0.865612
-0.84969
-0.902013
-0.927639
-0.782138
-0.756079
-0.746907
-0.858846
-2.85324
-2.8837
-2.81629
0.0394017
5.49582
1.31019
-3.18714
1.94338
2.2271
-4.28688
3.0907
3.17409
-4.32283
2.16829
2.23583
2.67164
2.61024
0.402437
-2.95376
-2.94755
3.17765
-0.462306
-0.554313
0.142383
-0.204619
-0.282235
-0.203974
-0.243899
-0.192641
-0.280234
-0.389606
-5.0919
-3.14005
-6.22674
-0.056277
-0.109057
-0.194879
-0.259602
-0.255352
-5.19838
-1.56462
-4.63726
1.88323
2.06555
1.97481
2.03021
1.76894
1.90161
1.37255
1.34433
2.82441
4.16355
-4.00378
3.51382
-0.0201367
-2.89145
-0.55028
3.19592
-3.17117
-3.23896
1.06378
-2.0962
-2.03324
-2.03543
-5.95755
-1.01413
-0.673302
0.316389
0.304748
0.334628
-0.70112
-0.879494
-2.99804
-0.127605
-0.171825
-3.74969
-3.57747
3.17498
-3.28647
-3.12382
-1.53435
4.32986
3.89111
0.881148
0.731904
0.799212
-5.0119
1.81024
1.66912
1.62234
0.372763
-2.88419
-4.09768
3.59653
-1.71788
-1.66714
-1.63008
-2.80674
6.8764
2.0292
1.97543
-4.35302
0.810634
0.612957
2.2467
3.3459
-2.14908
-1.79209
-1.88623
-2.05846
-0.237679
-0.271632
-0.313931
-0.0789221
0.984927
0.977438
4.55142
4.58702
4.54173
-1.57852
1.53992
1.42766
1.34961
-1.81125
-1.88796
-1.70257
-1.86228
-1.89435
-4.46712
3.62305
2.16685
-2.6661
3.29858
2.31996
2.3195
-4.36683
-3.83063
-5.02192
4.61651
-5.39007
3.476
1.68955
-4.33028
1.79625
-0.658947
0.565689
0.914515
1.41428
0.814146
0.600091
-1.02137
-1.17699
2.6369
2.51972
2.71475
2.57517
2.08309
1.96225
2.77929
7.09547
2.56049
2.54677
-2.83637
3.83051
3.98437
0.419075
0.295703
4.08882
0.113372
0.202899
7.46767
2.76977
2.84184
-0.167966
-0.257277
7.9999
-1.42292
-1.43929
-1.48196
-1.60605
1.46552
4.22533
0.838601
0.882433
0.912917
0.905056
0.948455
0.914161
-0.375985
-0.334264
-0.324474
-0.346647
-0.0680212
-0.330736
-0.273074
-0.243526
-0.290465
-0.26269
-0.278947
-0.188744
-0.250184
-0.227124
0.529013
0.529161
0.421878
0.39876
0.441225
0.468742
0.406776
0.466757
0.624863
0.496704
0.517614
0.638659
0.366673
0.452175
0.493356
0.55302
0.517419
0.486309
0.349275
0.388341
0.431159
0.575202
1.73055
1.7662
-2.35149
-2.38565
-2.25523
-2.32541
-2.37892
-2.33496
-2.30574
-2.39624
-2.36603
-2.34887
0.74173
-0.368989
-0.564771
-0.447463
-0.462603
-1.03526
-0.990108
-1.10299
-0.9162
-1.26897
2.81003
6.03345
3.08171
0.0937412
0.270804
0.48965
0.53425
-0.00434967
-0.0596975
-1.1321
5.47719
-0.20652
-0.0541536
-0.326466
-0.151834
0.114453
-0.909886
-0.922108
-0.816309
2.05087
-1.49981
-1.25301
-1.22255
3.55301
3.45337
0.232189
5.49176
-3.50098
2.55751
2.4514
2.46174
2.64283
-2.25328
-2.26134
5.45805
2.19848
3.36753
3.40784
-0.60103
-0.786475
-0.759578
-0.637098
-0.635605
-0.641473
-0.644358
-0.61197
-0.595081
-0.632568
-2.7423
-2.79574
-2.46318
2.86009
2.79052
2.86752
2.92058
-2.05931
0.129318
0.0830461
0.125541
0.364622
0.37462
1.85174
0.85528
-0.221138
4.54358
-4.07434
-0.705011
0.414258
-2.90835
3.88682
-5.78236
4.03466
-3.07498
1.88536
1.85287
1.86782
1.75642
2.76053
1.80237
-0.422555
-0.321692
-0.438081
-0.416899
-0.473013
-0.474108
-0.454136
-0.241562
-0.228286
-0.341558
-0.173479
-0.35722
1.59829
1.59777
1.675
1.68518
1.61513
1.69275
4.36712
0.359902
0.326374
0.309934
0.370864
0.343102
0.248671
0.32499
-3.81585
-3.52593
-0.959843
-1.11163
-1.07156
-1.12088
-1.10272
4.74345
-0.98972
-0.192765
-0.286811
-5.16481
0.083368
0.0167176
2.81893
3.55315
3.56368
3.88152
7.31575
-6.53044
5.23991
-3.039
-4.55227
2.4551
2.77016
3.00197
3.12677
2.91298
2.73059
2.92777
3.11957
3.21452
2.94337
3.03624
0.0103224
3.97004
2.49062
2.60721
2.43653
2.53047
0.346315
0.323105
1.37334
1.43196
-5.34549
-1.4651
-1.53145
-1.47794
-5.66489
-2.20521
0.386252
0.253146
-5.32908
2.0953
2.06359
-6.82931
2.82534
4.5909
-1.05342
3.30465
3.30454
-0.669939
-0.662575
0.800586
0.85971
0.667485
4.10383
3.98459
4.16745
-1.23414
-1.15732
-1.12347
-1.12132
-1.06457
0.00645834
0.0318708
0.0194096
-2.72402
3.92879
0.642023
3.84231
0.604473
0.615521
0.596126
0.32486
0.474695
0.388111
0.475861
-4.14993
2.82447
-5.34238
-3.25406
-5.32374
-3.13916
4.50923
-4.60426
3.90548
3.16509
3.01084
4.67098
-3.53775
-2.60908
0.674282
0.62604
-2.39022
1.81273
2.39943
2.13977
2.06361
2.18928
2.1434
1.95796
-1.21547
3.54606
-3.8615
-3.83205
-3.91888
1.45978
2.76422
0.199144
0.90182
-4.6611
-0.38781
-0.397915
-0.317943
2.01954
-4.99217
-0.191065
-2.76286
-5.13039
-0.210883
-0.191015
-0.254898
1.14847
1.20082
1.19056
1.11716
1.8369
1.73431
0.809085
0.848867
-5.51858
0.302826
0.233328
0.223044
0.14212
0.202377
0.203597
0.762873
0.850349
-2.89792
-1.76101
5.18052
-0.00726814
-0.0469119
-0.0865401
0.460899
0.387953
-2.421
-2.2988
-2.28778
-4.74342
3.31398
3.2991
6.0797
-4.87786
4.03057
1.29001
3.09893
4.28935
4.14987
-1.54859
-1.65177
-2.24521
-2.11445
-0.228535
-0.142144
-0.303978
-0.176884
3.0918
3.01287
3.06011
3.04347
2.23907
2.26653
-3.69288
-3.68964
2.3526
-4.05792
-2.0693
-1.93213
-1.99935
-3.23786
2.07569
1.34888
1.33763
1.4066
1.50554
0.369169
-3.93979
-1.53484
-1.75929
-0.00927041
0.023307
0.0097786
5.0542
-1.57169
-1.75789
4.01799
0.76762
3.21537
3.15888
2.16972
2.2331
2.33783
-1.13055
-1.06556
3.45427
3.60553
-1.84313
-1.80401
-1.66445
-1.71444
-1.6722
-3.03245
-2.39092
-2.49382
-1.41877
0.520557
0.600603
0.257089
0.327054
2.89345
1.81526
1.86777
5.04318
-3.96272
-2.8874
-2.64837
-0.0371114
0.040898
-1.506
1.76958
1.5545
1.57644
1.48595
-2.7484
-2.81854
-2.93135
2.98521
2.81095
-3.06419
-3.03034
-3.03805
-3.06551
5.73553
1.26863
1.28708
1.43119
1.35648
1.32693
1.28986
-1.79569
-1.89021
2.91653
0.578063
0.630661
0.634377
-0.976613
0.8937
0.893949
0.850277
0.680356
-4.51046
-2.65095
-2.47542
-2.03341
-1.99856
-2.08017
-1.95412
-1.91397
0.294708
0.35168
0.322905
-3.89564
0.698158
0.598892
0.730918
0.740762
6.03244
-1.33174
-1.27945
-1.50336
-1.19529
1.36809
1.33405
1.41361
1.44118
1.41523
1.44
1.44184
1.4951
1.30505
1.4322
1.38067
1.25198
1.37746
0.477603
0.609249
-4.97734
2.037
-3.31187
0.891773
0.911411
2.27746
-4.70741
-4.47591
-2.61745
-1.61948
-2.21019
-2.14406
3.44368
3.30267
-0.977792
-0.885881
-1.03303
-0.964111
-0.944413
-0.977219
-0.923131
0.0909712
0.167068
-3.32886
3.98556
0.0255164
3.04827
-4.16032
5.81244
-2.45199
1.32747
1.18142
-3.23076
-4.82775
-3.42171
-3.76932
1.78877
1.8542
-4.28331
-4.30182
-5.40345
2.27382
2.27095
2.38287
2.3304
2.23923
-1.98986
-0.0452913
-0.184221
-0.18663
-0.0815977
-0.15135
5.03738
1.12262
-4.24965
2.04872
2.04707
-2.26742
-2.11789
-2.27229
-2.18133
-2.21381
-0.108259
-0.173071
1.85429
1.94013
1.88995
1.93573
3.5547
-3.51271
-3.38918
-2.80906
2.37546
2.71918
2.52066
1.20166
-0.667501
-0.653245
-0.761989
-1.05476
-1.00179
-1.11197
-1.00016
-1.0841
-1.1197
1.47909
1.26491
1.30721
1.47809
1.40864
-0.961381
-0.849476
-0.799083
-0.966651
-0.879902
-0.885893
-0.884977
-0.815886
-0.891946
4.51409
-6.55759
-2.31852
-2.43801
0.620252
0.730876
-4.6159
-2.50267
-2.68198
-2.52203
-2.50208
-2.51645
-4.53329
-4.38748
-0.473929
-1.3952
-1.3087
-1.17687
-1.36139
4.78316
3.17404
3.03474
1.62626
1.70348
1.54583
0.884969
0.875652
0.809241
0.754192
-3.50156
-3.22785
2.86872
3.25265
-5.35072
-1.15411
-3.59936
-4.97463
-4.41663
-4.73795
-4.67605
0.00813094
0.388673
0.280234
0.244257
0.312633
0.344294
0.219067
-7.50294
2.81944
2.66974
2.89839
2.86184
2.9123
2.85454
1.98456
1.94713
1.91366
1.87243
-1.87824
-1.81143
-1.76425
-1.90201
-1.95672
-1.78404
-1.72935
0.754149
0.658243
3.06574
-4.00835
-2.84104
-2.84836
2.03515
4.7394
0.315634
0.403731
0.562608
0.495567
0.42136
0.348404
1.41986
1.30945
1.25739
-1.08409
-1.31247
-1.23152
-0.491652
-0.468012
-2.05209
-2.08053
-2.14079
-2.15168
0.864019
4.27476
1.95647
-3.03953
-2.97903
-3.05441
3.26644
5.79718
1.68744
1.87469
1.83271
1.83466
1.71434
1.64474
1.69369
1.69944
1.50778
1.53109
1.65385
1.67151
-2.9719
1.94593
-0.579319
-0.653793
-0.690053
-0.822425
-0.852441
-0.757665
-2.87083
3.77409
-3.63326
0.364544
0.463912
0.625437
0.398705
-1.35528
-1.3057
-1.38416
-6.43944
-2.14938
-2.14075
1.65986
-1.99148
-2.06632
-2.0871
5.53858
1.36182
2.54768
2.30312
-4.21598
2.02288
2.04834
-1.80838
2.14348
1.39595
7.2875
-2.87206
1.60413
1.5627
0.990677
1.00527
1.16377
1.1771
1.11216
1.09198
3.78171
3.4334
-4.91917
-4.87415
-0.206027
1.06057
1.14913
1.30297
3.20623
-0.0822132
-0.0672996
-0.817645
-0.976964
-0.914312
-4.24421
4.37285
0.0248522
0.0750188
0.178319
0.0529783
-0.149631
-0.0534466
-0.214728
-0.361103
-0.305011
-6.59232
2.05051
2.15078
-1.74958
-1.98905
-2.9121
-1.3896
-1.19671
-1.20008
-1.21224
-1.14121
1.55303
3.13376
3.1262
-0.672694
1.97192
2.00147
-0.392362
-0.479588
1.2157
1.21855
1.27067
1.22339
1.2719
1.33826
1.30633
1.22863
1.37515
-2.18491
-3.99614
-2.45486
-2.46763
-2.17969
-2.24981
-0.703601
-0.703428
-0.698777
-1.82739
-1.84559
-1.85901
-1.81631
-1.42128
-1.62656
0.130547
0.192533
-5.05632
-0.498196
-0.367293
1.04134
-4.02075
6.33186
-2.56748
-5.02289
-3.02498
3.37437
3.30632
3.41326
-1.86893
-5.17092
4.08144
-4.5842
2.7146
2.64921
-2.20478
-2.16474
-2.38695
-2.23659
-4.29444
-4.32583
0.247334
-0.0646568
-0.125466
0.109508
0.0859942
0.195274
0.121823
-0.0767933
0.0549971
0.0142363
0.0699235
0.17948
0.126928
-6.30722
-0.298246
4.91853
0.708864
0.658483
0.78764
-0.16956
-0.267271
4.76707
3.61304
3.60931
-2.28706
-2.3166
0.917803
1.01421
5.15635
-7.1616
-0.198229
-0.124208
-0.00343618
-0.161642
-0.179931
-4.44562
-0.0595501
0.0953139
-0.00568325
0.0308259
-3.49256
-3.07737
-3.27125
-2.14356
-2.13593
-2.21682
2.68273
4.11448
2.66295
-0.721036
-0.839427
-0.818794
-0.903789
-1.73449
0.743747
0.613658
-0.908564
-0.81921
-0.687284
-0.594246
3.28834
-5.6141
6.3926
1.56517
2.41382
-3.87126
-1.15589
-1.03623
-1.08966
-1.09192
-1.06823
-1.13286
-1.13435
3.24905
-5.94392
0.51055
-2.87117
-2.77228
4.10591
2.6587
2.55401
0.327066
0.459687
0.503286
-3.93056
-3.94918
-3.81884
0.97375
0.864379
0.934297
0.727366
0.910305
-2.85783
-2.79433
-2.80642
-3.72729
-3.85006
3.55077
0.425711
0.525582
0.409124
-3.2594
-3.35583
-1.8467
-1.86738
-1.82084
-1.91793
-0.803763
-1.01518
-0.993683
-0.849123
4.77311
0.119645
-4.54023
5.20767
-1.31156
-1.27333
-0.854448
-1.06336
-1.09852
-0.987605
3.04898
3.27436
3.24195
3.34158
3.43123
1.35699
1.33268
1.16161
-1.17497
0.923743
0.966431
0.960084
4.5004
-0.526242
-0.824082
-7.34897
0.362379
0.17209
0.202516
0.12888
1.41866
-5.40206
-3.48719
3.33778
-1.1904
-1.09218
-0.964303
-0.997189
-1.03571
-1.0696
-1.07373
-0.726131
-2.57665
-2.62551
-2.46262
-2.53078
-2.64299
5.31085
-3.95005
0.446141
1.06074
1.12446
1.08702
0.984864
1.54466
1.5114
-0.424689
-1.29116
-1.44351
-0.593668
-0.73084
0.732668
0.855987
-0.0727552
-0.186299
-0.105998
-0.0519317
3.07213
-6.26882
2.07611
2.10557
2.01287
1.86848
2.2244
2.19062
2.10525
-5.0357
0.642295
0.681791
0.767838
-0.00408271
-0.0390529
-0.0364988
-0.0164071
-0.0402379
-0.0685532
-0.041518
-3.31142
-3.2373
-3.38549
1.33638
6.65956
-3.02503
-2.99234
2.05723
-3.61983
2.38781
2.37085
2.11963
2.15779
-4.48286
3.04305
3.03688
-4.43607
1.55937
1.59061
-7.46869
0.833144
0.772636
0.762246
0.829747
0.875159
0.854507
1.01569
1.00635
0.639804
-2.21448
3.0715
-3.47432
-1.93759
-1.87412
-1.88888
-1.88054
5.89324
-5.51249
1.59058
1.62823
1.58665
1.39022
1.54564
1.35948
1.54068
1.47617
1.16824
-2.17181
-2.191
-2.75146
3.43721
3.45455
-0.955019
-0.979189
-1.06166
-1.05504
-1.12217
-1.22124
2.18346
2.22441
-1.31205
-1.31823
-1.42054
-1.31706
0.558551
0.651262
-0.783223
-0.704672
-0.668835
-0.731324
-0.666655
-0.68026
-0.615545
1.42624
-0.60368
-0.566249
-0.602078
-0.603581
0.689475
0.770893
-6.40119
-4.14043
1.54535
1.46422
2.98799
-1.17457
-1.21493
-1.259
-1.39337
-1.27003
-1.2785
-1.26843
-1.35217
-1.36938
-1.33492
-1.32882
-1.33597
-1.3557
-1.50036
-1.38394
-1.38651
-1.28094
3.25708
1.57195
2.95315
-2.44552
4.21594
0.899979
0.802905
0.826269
0.598933
0.810401
0.66884
0.686751
-2.64974
-2.56508
0.667373
0.590987
4.6282
-6.44052
3.34502
3.32267
3.3441
-2.56985
0.853902
0.810032
0.807826
-3.2154
-3.0569
4.77037
3.68934
3.7598
3.77213
-4.93628
-3.82554
3.41184
-1.53192
-1.75921
-1.90596
-1.79075
-1.78256
-0.853988
4.82696
0.382934
0.393624
0.386305
-1.81156
-0.742821
-0.720419
0.886705
0.875406
0.812084
4.73852
2.22751
-4.62435
-3.20695
-5.26962
-1.96675
-1.99258
5.37349
3.22568
5.78263
0.129068
1.14702
-3.09481
3.30665
-2.9649
-1.03562
5.16313
-4.56718
0.440853
6.72363
3.11238
-3.0939
-4.25723
0.608482
-0.172624
-0.243959
1.04945
1.07665
0.841154
0.66973
2.70875
0.117448
0.0688353
-0.138664
0.0234306
-4.13987
-4.03621
-3.9079
-3.82764
-4.77269
3.20169
3.05597
3.05727
3.11524
3.14227
3.13114
-2.13293
3.1779
3.0372
-1.04763
1.59312
1.72362
-0.817542
0.911127
0.90957
0.804605
-2.63109
-2.74947
-2.90201
-1.83758
-3.48638
-1.75919
-1.58834
-5.47479
4.22485
1.59663
1.82374
1.77808
2.35673
2.35204
2.46733
2.40694
2.40069
2.35521
2.37087
-1.08258
-0.915682
-5.28691
3.96286
1.26997
1.23618
1.2159
1.13618
1.2325
1.29802
1.345
1.18342
-4.31296
-8.59091
1.40997
1.44104
1.41984
1.46014
1.49094
1.73556
1.50802
0.396184
0.359668
-4.56226
-0.244109
-0.262664
-1.29884
-1.29264
-1.22756
-1.3075
0.225535
-5.63161
-3.0577
-2.98826
3.60672
2.84894
-0.892888
-0.924928
0.606442
2.53155
-1.78906
0.718634
0.689025
4.97846
2.49872
0.353014
0.439044
-2.27603
-2.19427
-2.14319
-2.26667
-2.2652
-2.41851
-2.47113
-2.3838
-2.27748
-2.26953
-2.21967
5.85389
6.34471
0.128888
0.0183114
-2.07998
-2.23902
0.592515
0.624852
0.850195
0.757451
0.762337
0.672579
0.745842
-3.66151
-1.20705
-1.09507
-1.24823
-1.04568
-1.00968
-1.19833
-0.808966
-0.963989
-1.91435
-1.84033
-3.85545
1.04833
1.30129
1.1727
1.23333
2.79201
2.52375
2.51854
2.65957
-2.32166
-2.49134
-0.279664
-0.386993
-0.200517
-0.230738
-0.293406
-0.239331
-0.455667
-0.442752
-0.477529
-0.395309
-0.499571
-0.504052
-0.39838
5.0958
5.04745
-0.434329
-0.298235
-1.12704
-2.33668
-2.1111
-2.12139
-2.24054
-2.18672
-2.10843
-1.8204
4.29808
-4.47998
-1.64327
-0.293994
-2.63328
-2.35898
-2.4365
-2.50246
5.20168
-1.03631
-1.10726
-1.07079
-1.10243
-1.22931
-1.09117
1.09809
1.1102
1.06161
2.69153
-1.60546
-1.60842
-1.71307
4.25309
3.20735
1.91006
3.68912
6.59167
-0.421234
-0.196067
-0.183452
-0.275009
-0.28314
-0.0226348
-0.177413
-0.352353
-0.2811
-0.287515
3.67787
2.65279
-3.58848
-1.09904
5.00004
-1.24292
-1.22795
-4.15629
-0.831447
-1.01701
0.239434
-0.894917
-0.894786
4.21734
-2.23114
-2.22555
1.73262
-0.207281
-0.184416
0.228028
-4.36844
-1.76955
0.751781
0.744084
0.660183
0.64123
0.649064
0.65415
0.652077
0.643783
8.55383
1.2534
1.1104
0.169343
0.208618
0.168316
0.176142
0.295795
0.340719
0.253833
0.122631
0.191273
0.177887
-3.11464
3.0271
3.12651
3.74709
-3.46966
-4.21971
3.35624
-1.73127
-1.74149
-1.68622
-1.78735
-1.6784
-1.50274
-2.24075
-2.3323
-4.71041
-4.5119
-0.802003
-0.781993
-0.846576
-1.34107
-1.33929
-1.21986
-1.28416
-1.26082
-0.101126
-0.056745
-0.0347103
0.158616
-0.00360666
0.0699623
-0.0267592
0.00803538
0.0132214
0.0598964
-0.0923969
-0.165701
3.64885
-3.60093
-2.03273
-2.04292
-1.46157
-1.38012
-1.51918
-1.28118
-1.50742
0.822624
1.1587
1.06823
0.909567
-2.78247
-2.80166
-4.31799
2.86601
1.30532
1.22282
-2.79522
3.6707
3.58032
3.62257
-3.59573
-2.46708
-2.42586
1.61825
3.84167
0.320521
-4.06546
-4.41279
-0.209718
-0.151549
-0.189664
-0.118
-0.207029
-0.187258
-0.217772
-1.82538
0.638705
1.28356
1.29033
1.23003
3.63647
-6.46025
-0.125612
-4.72716
1.44912
0.354307
0.357769
0.164915
0.296396
4.63696
-2.4024
-2.36442
-2.38363
-0.645137
-0.931806
-0.639497
-0.633539
4.74066
-3.46769
-4.40934
-0.474296
-6.2212
5.14774
-1.81276
-7.89577
1.00816
-3.99485
-1.36999
-1.49672
-2.86806
-2.87598
-2.87431
-3.04381
-2.76623
3.93394
-0.0981891
-0.175809
2.27432
4.8039
0.102713
-0.0241254
0.281337
2.84309
0.740377
0.717146
0.747515
0.699345
0.589163
0.645213
0.571982
0.591528
1.57297
1.11334
1.10557
1.09324
-1.09025
-1.11976
-1.20888
-1.17625
-1.11941
-1.33878
-1.24342
-1.19423
-1.27189
-1.1474
-1.17812
-1.30474
-1.21192
-1.31267
-1.1394
-1.03777
-0.948104
-3.88038
2.42173
2.44117
-3.69934
-1.66524
-1.62894
-1.80511
-4.29493
-4.35775
8.32301
2.58537
2.52759
2.73402
-0.853971
-0.726758
-0.787246
-0.820952
-0.945863
-0.855674
-0.759658
-1.14105
-1.26599
-1.243
-1.16207
-1.18587
-1.11978
-1.09402
-1.10318
-1.15785
-1.09186
-1.12096
-1.09533
-1.14083
3.75554
-4.02395
-3.42632
-4.25394
1.02176
0.246473
0.306532
2.59343
3.00829
-1.29949
2.58954
-2.83958
-2.82726
-2.89491
-2.87081
3.9934
3.46772
-5.23246
-4.21404
-4.25723
-2.53003
-2.61377
-2.64952
-2.52645
-1.60371
-1.67699
0.625735
0.600608
0.619143
0.463808
-3.00453
-6.05859
5.51473
-2.51585
-0.347562
-0.227792
-0.250939
-0.141131
-0.170024
-5.5723
-2.97862
2.94102
2.91691
-4.04964
-4.02563
4.30986
0.660688
0.686663
0.438045
0.671359
0.715387
0.621365
-0.150707
-0.158547
-0.218365
-0.148913
-0.206919
-0.161455
-0.164448
-0.337326
-0.339675
-0.279791
-1.35709
-1.41471
1.56975
0.401254
0.315525
0.335268
0.3646
0.404689
0.442496
0.454134
0.530578
0.494511
0.581864
0.442644
0.425404
3.14562
3.24961
3.45064
1.73931
-4.8315
4.12632
3.01622
2.91626
2.866
2.85242
2.93287
-2.5738
-2.82406
4.70974
3.89451
2.76607
-4.68548
-2.419
-2.44081
-7.7069
-3.43755
-1.34552
-1.31788
-1.18379
-3.23397
-0.0881523
-0.0724208
-9.91495
2.15878
2.14636
-4.28925
4.23834
2.62201
2.3891
3.10151
-1.45728
-1.45354
-1.52806
-1.48149
5.42747
-3.90735
-2.25878
2.02221
2.06784
2.01042
2.45137
-4.46918
3.81269
4.77927
7.65487e-005
2.79765
-2.06967
-2.11781
0.909396
0.943199
0.775606
0.796921
0.946799
0.871278
0.92762
0.822416
0.859645
-2.68992
6.08315
-1.88373
-1.93739
-1.6919
-1.84859
-1.89532
-1.93603
-1.8601
-1.86443
2.24081
3.61607
3.23397
3.30285
-0.0314526
-0.129211
-0.183143
-0.314129
-0.683939
2.18407
2.20235
2.16065
0.444082
0.391024
0.443714
0.430278
0.705809
0.507716
0.420199
0.59519
1.79643
-0.527318
3.53974
-1.618
-2.55977
-2.59665
-2.5442
-2.57006
-2.56134
-2.45699
-3.73254
-3.75555
5.52292
4.80918
-5.23432
-2.61166
1.05301
4.20539
2.40466
2.30857
0.846363
0.902478
-4.9533
-3.52181
4.46168
1.04666
1.09908
1.07385
1.20066
1.1643
-0.153409
-0.439016
-0.425089
-0.442959
-0.217835
-0.327841
-0.294983
2.57333
2.58634
-0.170768
-0.0666834
-1.14219
-1.01202
-4.1373
4.62401
-2.76926
5.13083
-2.26309
-1.17486
-1.15215
-1.06026
-1.10849
6.23126
-2.80273
-2.80234
-2.81705
-3.37575
6.49873
3.8888
2.18315
2.14499
-5.48262
0.125681
0.172113
0.20889
-0.987305
-1.14076
-1.14236
-1.13519
-1.24317
-1.15314
-1.16061
-1.17105
-1.21236
-1.16582
-3.68238
0.253652
0.173344
0.303382
0.249433
0.29998
0.266342
0.254947
5.49553
1.95991
-2.70313
4.27354
-0.651066
-0.6764
-0.56721
-1.03226
-1.02035
-0.9445
-0.166415
-0.131223
-0.297559
-0.262716
-0.156492
-0.245327
1.9047
1.68425
-2.97475
-3.04986
-2.1757
-2.11453
6.61149
-2.83317
-2.91832
-5.13276
3.79154
3.54648
2.6912
2.77572
2.65568
2.64819
2.58531
-5.39121
6.36962
1.63518
1.63556
1.93658
1.34358
-3.42001
-3.02925
-0.0298364
0.0538461
0.0177694
-0.0131839
-0.124713
-0.00556693
-0.0633812
-0.0642425
-1.79388
-1.85885
-1.96043
-1.97696
-1.91137
-0.724252
-0.764055
-0.649876
-0.597729
-0.741352
-0.733273
-2.00467
-1.81339
-1.93307
-0.0275664
0.876867
0.965495
0.857145
-2.56012
-2.79585
-2.8517
-2.02684
0.0551231
-0.00561722
0.0761508
0.0932384
0.0334191
-0.053238
0.077492
-0.016993
0.0170536
-0.000168763
0.0607103
1.10324
1.09536
1.05182
1.23257
1.11401
1.03548
0.936693
1.04715
2.22197
-4.29395
3.80204
-2.18865
2.692
-2.1494
-2.10864
2.12981
2.3949
-3.16767
-3.13087
-6.18791
-4.31326
2.60853
-4.44268
-1.50809
1.34738
-0.230505
-0.210938
-0.25049
-0.10224
-0.0887303
-3.52265
-3.25437
-2.11575
-2.30447
-2.33069
-1.16251
3.16349
4.09787
-0.910764
5.01308
4.92013
0.93415
0.871101
2.13449
2.17035
2.12611
-0.582334
-0.759695
-0.766223
-0.53925
2.41909
0.782434
5.46768
-0.805272
-4.30424
-2.77469
-2.81502
0.13949
0.455325
0.473622
0.213622
0.324271
4.58667
-0.413861
0.881885
0.891405
0.979325
0.97454
0.975351
-5.01193
-3.24226
2.55651
0.139135
0.0063446
-0.0229153
0.0680301
0.0403754
-6.19192
-6.20658
0.326472
0.219151
0.316162
-3.41258
2.1826
2.22015
2.17177
-2.50859
-2.36853
-2.49993
-4.74747
3.91916
-3.50222
-2.65439
-0.769321
-0.712413
-0.647086
-0.707605
-0.867936
-0.857535
-0.847258
-0.696587
-0.689277
-2.74972
-3.76011
-1.31745
-1.38842
1.73412
1.7551
1.65308
1.60772
0.355889
0.283824
0.305427
0.40315
-2.98738
1.57096
-2.79978
1.96447
1.68609
1.57349
1.65716
1.55142
-2.27907
2.94179
4.31034
-2.92304
-2.74907
-4.40428
1.50135
3.44543
3.39138
1.40667
2.929
-3.90667
-3.83038
-4.08325
-0.179084
-0.240065
-0.253843
-2.93692
-1.6333
-1.5068
-1.5775
-1.50399
-1.49388
-1.57878
-1.57948
-1.57675
-1.40745
-1.48492
-0.423448
-1.47181
-1.44603
-5.10312
-3.95149
-4.13203
-6.89092
0.722536
4.99632
-0.452873
-0.469319
3.92314
2.71462
2.81018
2.67055
0.683989
0.639986
0.596168
0.590358
0.583316
3.9771
4.02847
3.85184
-2.88014
-1.81427
-1.70739
-1.62684
-1.82498
-1.77723
-3.98395
-3.96258
-3.89499
5.01583
-2.01334
-3.05694
5.82722
5.35348
-0.1605
-0.162632
-0.160654
-0.145794
-0.24893
-0.393399
-0.364793
-0.309661
-0.322819
-2.52057
-0.444773
-0.456845
-0.468278
-0.518788
-0.301995
-0.385929
-0.398917
-0.367925
-0.453795
-2.46178
-2.3064
-0.515663
-1.00391
-2.91921
-4.93061
-6.54098
2.11279
2.16859
-2.15921
3.14247
2.63184
-2.62944
-2.51477
2.95489
5.66105
1.81098
1.78587
1.21338
1.21341
1.16667
1.26912
1.44106
-1.35869
1.92356
1.90602
1.9499
1.85729
1.85648
1.94457
2.77711
3.99904
3.9753
-2.12875
-2.38786
-1.10475
-0.268547
-0.384159
-0.447295
-0.401764
0.179409
0.0445582
0.0435983
4.2965
-1.61683
-1.62207
1.00258
0.914794
0.967422
0.985099
0.992574
-1.54307
-1.50007
-0.545788
-0.649624
-0.632605
1.73395
1.47306
1.46395
-1.50514
-3.14729
-1.95556
-1.49806
5.21881
-1.81377
-1.78633
-1.87168
4.21386
4.28308
3.56564
3.51384
-0.858228
-0.981152
4.28477
0.0748671
0.0835205
0.0890699
5.70334
0.760882
0.63378
0.69306
0.714908
0.73196
0.731697
3.4667
1.3434
-2.27769
-2.3738
4.46034
4.30411
-1.5842
-1.48554
-1.50396
0.174713
0.268737
0.378646
0.228558
2.41012
1.0464
1.14357
-1.71888
-1.61813
-1.76984
-1.65517
-1.52849
-1.78853
-2.17045
2.07129
2.21422
2.13737
2.05167
2.09177
1.87516
2.14782
0.786145
-4.65121
-4.99297
5.23775
-1.18146
1.64129
1.56731
-3.68081
-7.93143
-4.05059
-4.12107
-3.88274
5.393
5.32852
3.44111
3.50298
3.13326
3.13584
3.11089
4.15259
-1.52873
-1.36589
-4.15488
4.42891
4.44848
-4.14697
4.46004
-3.14671
6.20567
2.87331
-1.59259
0.5404
0.534945
0.572881
0.557222
0.406487
0.448715
0.525868
0.515505
0.705893
0.316518
0.326986
-3.68281
6.50491
-0.132827
-0.195678
-0.190529
-0.111948
-0.284762
-6.00031
-1.64696
1.86075
-4.34309
1.46983
1.39303
-4.33324
2.67979
2.59948
2.97889
-4.82136
-4.49295
-3.58804
5.3965
-1.26547
1.32812
-4.01924
-0.123982
-0.0434356
-0.0683643
1.65141
-4.75465
-0.589173
5.29622
-0.892949
1.65134
1.52577
2.73142
2.62861
-0.112362
-0.0925258
1.62868
1.58551
1.61944
-4.05238
5.07374
1.97844
2.05508
-0.173918
-0.159596
-6.16475
3.89627
-2.01974
-2.14445
1.01577
-4.67173
0.518135
0.596791
0.632437
2.17484
2.1397
-1.47981
-1.60793
-1.47411
3.57884
3.51884
-1.15314
-4.01192
4.55664
-3.40018
-4.46412
2.74291
3.53316
5.19949
-1.25793
-1.17668
-2.68428
-2.81327
3.40256
0.731742
0.760632
-0.577177
2.78568
-4.37844
-4.53416
1.3761
2.3388
-3.02247
2.03505
1.99717
-2.97988
-3.05231
-3.55204
-3.65864
-1.85966
-2.8329
1.84664
-3.302
3.58633
4.57843
-1.59363
2.25777
2.16937
-3.19221
0.856827
0.747066
3.88778
3.38029
-2.91186
-2.65305
-3.46622
4.59222
4.77179
-3.78907
0.631646
0.809993
0.809816
6.50968
3.45589
-3.4968
-3.50115
-3.53611
-3.42113
-1.41105
-2.18839
-2.29088
-2.33014
4.94729
-4.22773
-5.24086
1.13053
1.15935
1.12334
1.38479
1.44629
1.67446
-0.223601
-5.03336
-5.76834
0.711845
0.710881
0.853877
-4.33197
-5.20607
3.52
-1.83145
-1.90988
-1.90109
-1.96752
3.02229
3.13521
3.01334
-2.28674
1.89694
-0.748066
-0.703446
-0.774965
-0.635532
-0.581977
-0.571991
-0.426954
-0.416544
-0.344113
-0.402105
-0.309203
-0.188576
2.16872
2.15474
2.15662
-0.550172
-0.622582
-0.639321
-0.621378
-0.700823
2.49463
-3.55622
0.549786
-3.50542
1.5001
1.21774
1.37164
6.15927
-2.6074
0.326049
0.283941
0.33408
0.243713
0.248924
0.261763
0.279481
0.287183
0.337801
0.308762
0.333891
0.319295
-2.443
0.568376
0.450412
0.388427
0.510585
0.511991
0.648285
0.535247
0.564454
0.387429
0.548926
0.46211
0.564736
0.513873
0.4679
0.476359
0.533032
0.487328
0.481399
0.39053
0.388386
0.388283
0.504595
0.585265
-5.14213
-0.387863
-0.381315
-0.371071
-0.381067
-0.304028
-0.326216
-2.39981
-2.56273
-1.45477
-1.52387
-1.52185
-1.11091
-1.19508
-1.68814
-1.97122
-1.83255
4.72581
-0.335363
4.47636
1.28652
-1.10143
-0.968338
-6.6951
-4.31146
1.25639
4.32147
-3.60395
1.15376
0.870729
0.859303
1.05934
1.14386
4.26807
1.31233
1.29322
1.23453
0.985424
2.67169
3.34288
3.0502
3.16855
0.139893
0.972638
0.944803
-0.76305
-0.760415
-2.58966
-2.56817
-2.46574
-2.43729
-0.0970417
-2.13058
4.35125
6.42006
5.00028
5.10418
-0.228363
-0.177118
-0.404182
-2.10189
-2.24038
-2.15205
7.02134
-0.873129
-0.779843
-0.872857
-0.608638
-1.22144
2.53224
2.35833
2.44535
0.223083
0.0730497
1.97233
1.88646
1.89081
1.93118
-3.9572
-4.07269
2.51071
-2.19845
-2.21966
-2.36079
-2.18338
1.55439
-0.49848
-0.421608
-0.442372
-0.511403
-0.534121
-0.570543
-0.473836
-0.338113
-0.293948
-0.395292
-0.517895
-0.369476
4.07221
4.17775
4.29414
-5.51998
-0.321068
-0.269124
-0.398239
0.0385371
-3.63886
-3.02623
-2.83577
-2.8474
1.30384
1.26065
-1.89159
-1.98026
-2.10442
-2.23159
3.49162
-0.132145
2.86533
2.85118
2.9083
2.93569
-2.70703
3.47041
0.90515
0.790341
0.853308
0.868559
-0.897791
-3.40089
0.95952
1.02253
3.04562
3.63901
3.62698
-1.65101
-1.64235
-1.66994
-0.649899
-0.625716
-0.547662
-0.569347
1.66478
-1.64676
-6.74992
2.60847
-4.02166
-1.4813
-1.55472
0.0144624
4.60689
-2.80043
0.264531
0.45887
0.442872
-2.03472
-1.98457
-1.96263
-1.87276
-1.3197
-1.46228
-1.38783
-1.42455
-1.36183
-1.34394
-1.61309
-1.7206
-1.70163
-1.67417
-1.86532
-1.72743
-1.78788
-1.8427
4.18385
3.97038
-2.25497
-0.932817
-0.992871
-0.907634
-0.740753
-0.899598
-3.16995
-3.35783
0.541843
0.58077
0.618076
-4.23394
4.24345
4.17145
4.8239
-4.65566
2.17192
2.20667
-2.69336
4.32139
4.22427
2.43421
2.38686
2.33488
-4.94966
2.09505
-2.77173
-2.76799
-5.72512
-0.863717
-3.13875
-2.57812
3.155
-6.43109
2.54809
-1.98015
3.41733
-1.50452
-1.53585
0.18762
0.203535
0.186733
0.0651916
0.051499
0.0410206
0.077954
0.454292
-5.49661
-3.24924
3.33405
3.56238
2.31082
2.5738
2.39706
3.07271
3.07579
3.04353
-3.69308
-3.88865
0.931983
0.882508
1.99619
1.95137
-0.735339
-2.53157
-2.69451
3.51815
3.56322
-0.998298
-0.993957
-0.959439
-1.03785
2.27561
2.19531
-0.373316
-0.563164
-3.35384
0.836519
0.775193
0.811845
0.77964
0.84102
0.744335
0.808778
0.80833
1.50597
4.70504
-3.94247
-5.96265
-2.38006
-2.57682
5.20427
-3.68824
5.10214
1.19307
-1.86691
-2.77388
-2.67143
-2.55104
-1.97833
-2.03052
-1.29057
-1.10333
-1.52811
-1.49572
-1.52922
-1.50186
-1.53283
-0.71001
3.71667
2.91564
1.10286
4.08413
-0.0664335
-0.168289
2.24048
2.95524
1.44095
1.62639
1.71816
1.40838
1.47123
-2.24155
0.74953
-2.06682
-6.84563
-2.80656
-2.77155
-4.82773
-4.75267
5.72188
1.59882
1.53618
0.741623
0.730826
-1.42764
2.74309
2.63674
4.76449
0.803709
0.743505
0.662439
0.838264
0.838125
-2.48523
-2.50198
5.03571
-1.36795
0.587041
0.509616
0.606562
3.97794
7.61825
-2.60109
-2.71654
-4.54816
3.2072
-0.283049
-0.33651
-0.308324
-0.376057
-0.270614
-0.263492
-0.177829
-0.223455
-0.192222
-0.201933
-0.248376
-0.248746
-0.00946038
-0.242649
-0.173102
-0.0709245
-0.332928
-0.238887
-0.186687
-0.400301
-0.512931
-0.412644
-0.441572
2.07503
1.33942
1.56603
1.22618
1.4324
0.374925
4.91389
3.38018
5.27122
-6.31192
-3.02311
3.28709
-0.270465
-0.355653
-3.67016
-1.94746
-2.07032
2.62038
2.49471
-2.39472
1.93152
-2.68656
-2.63133
-2.63262
-2.65846
1.18304
1.16128
-3.39067
0.978973
5.74054
-2.48992
-3.41618
2.00898
1.98969
-3.41058
-1.3927
0.0844678
-0.139854
-1.70128
-1.70817
-1.65746
2.08895
2.88715
3.10723
-1.47246
-1.38545
-1.35098
-1.18612
-1.24254
0.39809
0.548875
0.620302
0.474763
0.44453
0.431763
0.64011
3.2202
-0.186671
-0.252345
-0.402715
-0.267369
-0.523013
2.57946
-0.444327
-0.238694
-0.234059
-0.358261
-0.424908
-0.340849
2.62905
3.80916
-5.53224
1.96776
1.27541
1.21338
1.34738
1.31805
1.36308
0.909755
0.842354
3.31748
3.44795
-0.704811
-0.817683
-0.710692
3.51809
3.62992
-3.8556
5.29582
-1.53745
-1.29012
-1.33986
-1.60428
-1.41625
-1.67318
1.43941
1.46173
2.08607
0.792341
-5.90381
3.01215
2.96796
3.06057
2.96488
2.9255
-0.276199
-0.322154
-0.243964
5.47247
-0.56328
0.862079
0.83855
0.663306
0.662945
0.798523
5.83896
-4.60411
-2.74458
-2.73891
-2.09299
3.37546
-0.788273
-0.72202
-0.676891
-0.688229
1.23458
1.13126
1.39576
1.30274
2.85474
2.90999
-0.94418
3.14176
-4.05901
-3.88365
4.004
0.0627292
1.52036
1.54562
-1.77765
-1.86018
4.329
-3.79864
-3.69631
-0.584103
-0.54474
3.94782
1.70003
1.76341
1.55672
1.44028
1.47687
4.75687
5.81737
1.28225
1.30424
1.58158
1.46189
1.44552
1.25332
3.32938
-2.39402
-2.56408
2.19674
2.75637
3.20301
-1.9493
0.233666
-7.40653
-2.72314
-5.18598
4.94915
-3.83894
1.37354
1.50781
1.3901
0.482493
0.452799
0.399661
0.375308
0.500159
0.519885
0.41788
-1.25636
-1.34591
-1.21803
-1.24529
-1.16223
-1.21479
4.06472
-5.2371
-2.98051
-2.28269
-2.18991
-2.31539
-2.26979
-2.2262
-2.30791
-0.0416592
-0.0588366
-3.5258
-5.22538
3.36037
3.23822
3.33259
-3.4493
-2.48152
0.368634
0.348666
0.491584
0.678699
0.51158
0.491379
0.420887
0.578698
0.574984
9.82813
-0.0295581
-0.052781
-0.10028
-0.0343643
-4.52535
3.64991
6.78047
1.33811
2.16661
2.1298
4.55037
-1.13014
1.0252
-3.75592
-3.26578
-4.70205
-4.6203
-3.76769
-3.68055
-4.82098
0.273678
0.140661
-2.71908
-3.04183
-3.11748
-4.10761
0.541415
2.39764
5.30962
-0.593541
-0.590159
0.415202
0.803189
6.57721
-5.99131
-3.43231
-0.206188
-0.227537
2.47916
1.87577
1.25678
1.26545
-4.34248
2.07362
2.12964
-2.05783
-1.97495
-1.95409
-1.94953
-1.94643
-1.9859
3.09788
1.82559
2.0212
1.96019
-5.35479
6.52794
0.344488
0.406053
0.457677
3.89864
1.53949
1.43862
3.26701
3.26529
3.41904
-4.00582
1.74731
1.80468
-2.69462
5.10581
-0.771954
-0.853332
2.54233
-4.46826
2.71457
-3.95623
-2.11137
-2.16712
-2.19351
-2.18914
6.94663
1.8045
2.49195
-0.204327
4.17268
4.19292
-2.4016
-0.163854
-0.171648
2.92059
2.87473
-2.65195
-2.66985
-2.93723
6.00762
-4.46
-3.29202
-3.34313
-1.34364
-1.22025
-1.27221
-1.25203
-0.831779
-0.831898
6.6503
2.50773
5.71916
2.16382
2.29754
-2.33488
-2.48536
-4.44615
-5.09783
-2.23644
-4.4967
5.42491
0.872222
3.1429
-1.09599
-0.984348
-0.976068
-1.1567
-1.1642
-1.259
-2.04397
-2.11472
-2.07645
-1.274
-1.16225
-1.39615
-1.36595
-1.2904
-1.29498
1.25252
1.19218
1.06353
1.00294
-1.57141
-1.63704
2.61501
2.72416
-0.820784
-0.706059
-2.31095
-2.30081
-2.32788
-2.34487
-2.46444
-2.46315
-2.65281
-2.51657
-2.97879
-1.22182
-1.21995
-1.16574
-1.0622
-1.07115
-6.53436
1.94916
2.10494
2.09627
2.08377
1.4361
0.357656
0.291998
0.459859
0.478919
0.476533
0.486376
0.516257
4.23425
6.28442
-3.99414
3.7721
0.811514
1.02858
1.16537
-2.27337
0.258899
0.221721
0.214229
-5.36675
0.952413
0.821975
0.90911
0.861444
3.68872
5.96154
3.98385
3.82054
-1.89501
-1.89654
-2.17638
-2.19341
0.289189
5.07076
0.55589
0.673486
6.54094
-2.68837
0.0416587
2.38663
2.44456
-2.77861
-2.20484
-0.0549849
-2.61596
-2.68083
4.998
2.56896
-2.89326
1.20692
1.15245
1.17967
-3.23557
-4.64979
-4.64957
-0.258447
4.89719
-5.21354
2.30018
2.42639
1.56612
1.50949
-1.85009
-1.678
2.91918
3.06156
3.05359
0.747601
0.874109
0.841409
1.88218
2.09314
1.92676
1.03559
0.920183
0.763001
0.781913
0.759934
0.918223
0.878533
0.788414
0.812488
0.732462
-1.04261
-1.09405
-0.406083
3.44696
3.87418
3.81216
0.899861
1.08788
1.07152
-3.392
-1.81298
2.59103
-0.682193
-0.654342
-0.64004
-0.590239
-0.360129
-0.329304
-0.467902
-0.36953
-0.445905
-0.404076
-0.546467
-0.513315
-1.07324
-0.759425
2.90237
-3.21542
-3.94189
-7.00145
1.68103
1.91338
-3.02287
-3.01039
-1.5304
-1.48075
-1.53831
-1.65647
-1.61798
-4.92589
-5.2531
-1.12786
-1.0464
2.75124
2.76953
-3.68889
5.06842
0.646273
-3.06213
-0.964043
-0.529116
-0.422626
5.58696
-4.4188
2.08781
-4.96055
-3.12135
-1.91209
-2.0102
4.11156
4.04423
2.31443
2.14935
-4.04618
-4.20375
1.42483
1.41285
2.60186
2.63674
3.33349
-2.01404
-2.10544
-1.74667
-2.61927
2.33305
2.52842
2.38313
2.37967
4.7467
1.0776
3.92311
1.74855
-1.75032
-1.79831
-1.66275
-1.1163
0.527502
-4.4449
-4.00537
-4.01984
-0.278575
-0.217669
0.0568713
7.35063
2.43014
2.39162
2.41791
2.43608
0.946376
-0.112834
-1.29253
-3.22803
3.93681
4.19255
4.12499
4.59139
-3.41585
-4.92973
0.150295
-2.0195
-1.65261
-1.75355
1.43389
1.47187
1.51676
1.47157
1.39175
1.3958
5.58522
6.67452
0.461451
0.42836
-2.0228
-1.517
-1.3809
-1.46877
1.48007
1.42769
1.23678
1.11883
1.14141
1.09498
1.07895
1.18383
1.24975
1.25287
1.27091
1.68471
-3.63369
-3.7747
-3.81264
-1.78261
-1.66748
-0.571649
-0.454425
-0.590801
2.83689
0.856666
0.756905
0.937384
2.68203
2.6118
2.39522
2.52201
1.11642
1.07761
5.72864
5.13364
-2.57973
-2.5238
-5.19112
-1.24236
-1.33522
-3.70637
-2.01974
-0.579422
6.65038
-5.40245
-2.11333
4.50199
3.29338
3.20496
-2.51407
0.0750508
0.0241823
0.0626868
0.0329998
-1.34846
-1.41369
-1.44245
-1.45392
-3.91842
-3.84886
-3.21558
-3.45021
4.14289
-2.26901
-0.0808306
0.02012
-0.0316326
0.135106
0.0492729
-2.0566
-2.02476
-2.66903
-1.05633
-1.015
0.842372
0.865404
0.602435
0.61905
0.704934
0.657319
-6.93277
-4.47036
3.15083
4.37286
-1.22381
-1.37086
-1.27533
-1.09652
-1.14512
-2.81234
2.73292
2.69988
2.76586
2.81997
1.36304
1.31381
1.28693
-2.4605
-3.75351
-0.398287
-0.0556336
-0.144696
-0.133702
-0.126941
-0.109378
-0.125815
-0.18677
-0.0282537
0.0218023
-1.77772
-5.84845
-4.56715
-0.264836
3.46951
0.916411
2.85462
2.55358
2.4457
-2.22143
-2.34956
-2.31111
-2.40538
-2.40732
-2.3467
-2.33776
-3.28334
-2.26294
3.45874
-2.94307
-3.0318
-3.05189
-2.96177
3.65241
-2.50984
-1.96509
-5.92277
3.37413
3.32819
1.96737
1.99364
2.05229
2.17419
0.751833
0.74712
0.676319
-3.87115
4.6114
3.71009
0.327821
3.05103
3.17855
3.05747
-0.725535
-0.713686
-0.749673
-0.712089
-0.847477
-0.699876
-0.655419
-4.46872
1.50328
-2.29735
-0.303028
-0.243502
-0.320933
-0.357107
2.99316
3.0771
3.21573
-2.77828
-2.65249
-2.69337
-2.71008
5.72083
0.448403
0.345712
-2.08205
-2.07617
-1.97514
-1.98298
-1.8517
-6.71926
5.98296
0.624125
2.48263
2.50297
2.36363
3.38849
1.35295
1.30718
2.94933
0.193575
-0.409376
-0.225001
-0.240367
-0.23584
-0.358139
-0.26529
-0.303685
0.227838
0.288287
0.277288
0.275598
0.232727
-2.88162
6.39545
2.56191
2.59711
2.37874
2.42935
2.55388
2.36338
-3.6921
-3.5605
5.42943
0.497867
0.452649
0.510755
0.539254
0.680466
0.485918
0.427423
0.523622
0.616343
0.470203
0.560018
0.511606
-3.0815
-5.54734
-2.77276
-4.90638
-2.46997
-2.54542
-3.25474
-3.31263
-2.27961
5.21302
0.97305
5.40676
2.30433
2.19137
-3.34898
-0.0886172
-0.123434
-0.0417111
-0.0602461
-3.52891
-6.04856
2.52911
2.33607
2.55128
0.728616
0.961342
1.21917
-0.406816
-4.23766
0.81296
0.857898
0.847969
1.12468
1.02462
-7.14824
-3.85143
-3.80946
4.93888
-0.915332
-0.872867
0.796393
0.682172
1.01873
0.864945
-0.231378
3.2099
3.12716
1.84498
-0.569193
4.88854
3.87027
-2.9357
-2.95922
1.07925
1.03344
2.82706
5.00995
2.58029
2.75211
2.63889
2.72012
-5.00047
-0.132027
-0.182495
-0.161722
-0.124824
3.68159
-2.76501
0.612576
0.623856
0.559144
0.743842
0.979265
0.970486
-2.01535
-2.16842
-2.15683
-2.18609
-2.08935
-3.04487
-1.24969
-1.16286
-0.519181
-4.39378
-4.47781
2.77822
2.86752
2.75973
2.87697
2.84766
-0.651668
-0.692012
-4.67557
2.00625
3.36268
2.08557
2.05627
-3.37167
-3.1948
7.04579
-1.99853
-1.86535
-1.97116
3.33491
4.40736
-0.558527
-0.62778
-3.20439
-2.97201
-2.95409
-2.86262
-3.07641
-3.70609
-0.538366
-4.27038
-1.58893
-1.44476
-1.44598
1.9866
-3.06734
-5.19005
2.67791
5.77085
3.38973
-2.6509
-2.86689
-4.95625
2.94194
-2.1396
-2.11589
-2.23088
3.59964
-0.814603
-0.590733
-0.66055
-0.607505
3.8025
-4.41181
0.7128
1.99672
-2.29673
2.09544
2.13869
6.12462
0.417568
0.403168
-4.5771
3.3718
3.25152
3.44422
-2.28491
1.07954
1.01926
1.11281
1.04014
1.04483
1.10092
1.06694
1.05908
0.93452
0.948309
1.76977
1.84189
1.90678
1.93079
2.68265
-3.44342
-1.08338
-1.17732
-1.15695
-1.115
-1.18605
-1.09169
-1.18645
4.82488
-1.53521
-1.53374
-1.52219
-1.47847
-1.44126
-1.51084
-1.40257
-1.59591
-1.58625
2.53188
-5.86288
1.73502
1.95908
1.99094
1.96059
-2.06999
0.810644
0.830781
0.732251
0.936209
0.0347187
-0.06602
-0.17439
-0.256058
-0.12342
-0.13618
-0.192996
-0.11963
2.08759
-0.122177
-0.0420179
5.73225
1.93575
1.98204
1.93131
3.03039
-2.67598
-0.918412
-0.93607
-0.855384
-1.16684
-1.18796
1.19495
1.21011
-1.54749
-1.52402
-1.55711
-1.61281
-1.53777
-1.60012
-1.55831
1.73411
3.87488
-0.292405
-0.300312
-1.7901
-4.6561
-0.727518
-0.746863
-0.659106
-0.753363
-0.755746
-0.734464
-0.826491
-0.423757
-0.362501
1.29975
-1.85812
-1.876
-1.81141
-2.10409
-7.36937
-4.4647
-5.05095
3.13362
1.77447
1.94246
1.7147
6.19081
-6.02836
0.0705436
1.95008
3.01425
-0.998398
0.76476
3.5717
3.43304
5.97756
-3.31225
0.820087
-1.45817
3.53989
2.12514
2.07072
-2.74806
-3.02618
-1.19378
-1.28296
-1.28557
-1.26549
-1.19158
-1.31484
-1.34003
-1.29299
-1.42283
-1.31198
1.94924
2.10694
2.0374
-2.96519
4.99592
-0.62746
-0.588504
-0.483016
-0.546377
-1.20648
1.51005
1.47948
4.19235
4.07326
-2.79929
-3.77
1.63553
1.58512
-1.13913
-1.10976
-1.2581
-1.50334
-1.31995
-3.72751
-4.59074
5.13308
2.9657
2.96893
2.04561
-2.78288
2.11137
1.9535
-0.810754
-0.480638
-0.976426
-1.01788
-0.964573
-0.800354
-0.809266
-0.947345
-0.976699
-2.99351
-2.90029
0.193726
-2.05422
4.56772
-4.08012
6.14681
-5.0488
4.63945
4.71902
1.54791
1.72197
1.51508
-0.7858
-4.43438
-0.232787
-0.284518
-0.111504
5.34612
3.13638
-2.33301
-2.31252
-2.37611
-2.39601
-1.02483
-1.05362
-0.950907
-0.938956
-1.18194
-1.23898
-1.22325
-1.23888
-1.28776
-0.974908
-0.899376
-1.02181
-0.889808
1.01643
4.11146
-4.84745
-4.26607
3.4183
-4.57384
-0.537238
-0.49628
-0.469598
-0.554646
-2.66864
5.88045
-0.28632
1.93117
1.95281
1.97792
1.97887
-6.05582
0.886588
-3.28867
2.83949
3.36758
3.48698
-1.49514
4.56386
-0.711761
-0.779187
4.47881
2.04596
2.00461
2.0766
2.11995
2.14574
0.659295
0.268727
0.368358
0.104604
0.0927681
0.14963
3.65476
-0.8862
-0.947628
-2.38908
-5.17888
-1.11017
-1.41916
-1.35735
-1.30541
-1.33266
-2.76857
-4.49733
2.03891
2.10041
-3.64614
0.687169
0.720072
-3.38231
4.61006
4.27745
-5.77411
4.23429
1.73687
4.33903
-1.93824
-0.893605
-1.02459
-0.44016
-0.430757
-0.4553
-0.308698
-2.64556
-2.61933
-2.67299
-1.37041
-1.51567
-2.13736
1.16674
0.9944
1.06636
-1.26659
-1.25643
1.44163
1.42429
0.974197
6.15897
2.04593
2.20307
1.9567
2.10795
1.98068
4.18673
-2.81034
-2.78022
-2.89715
4.70576
-2.64245
-3.09887
-2.97271
-2.96745
3.08535
2.33764
-1.37466
-1.46758
-1.47261
2.43089
2.45974
2.51804
2.34284
-2.03763
-1.98768
-2.22333
-2.12654
-2.13544
5.16627
-2.31501
-1.34635
-1.33604
-0.31767
2.20255
2.41043
2.31865
3.51589
2.3448
-4.93981
2.73295
0.695405
-4.77596
-0.684885
-0.95261
-0.785151
-0.78869
-0.836363
-0.839261
-0.848019
3.59244
3.87112
1.24516
1.25423
-6.09576
0.125011
0.127935
0.141162
-0.0121029
-0.0683252
-0.113381
0.111873
0.00818136
1.03669
-4.90586
-2.83414
3.56245
1.22119
4.59896
4.76179
-0.566213
-0.637936
-0.918212
-1.96321
-2.04861
-3.91525
-2.45104
-1.60273
0.67058
-4.14497
-3.23646
-4.68679
-3.1981
-2.61425
2.3408
-2.16482
-4.01085
-3.86682
3.70232
2.7258
2.67535
4.61573
4.56942
-4.88381
-2.60052
-2.54763
-4.57561
-2.2205
-2.40221
-2.24101
-0.552748
-0.499468
-0.418211
-0.43196
-7.37306
1.39828
1.64233
3.27421
3.33694
3.93356
4.19993
-3.92805
-4.5363
2.51737
5.56028
-1.25762
1.59678
1.59007
-1.01907
1.26671
-6.7838
4.402
6.64922
-1.86411
1.34501
1.29653
1.08529
1.22648
1.19312
1.21741
1.11134
1.10305
1.14227
1.25933
1.12299
-2.64745
1.20964
1.29361
3.85019
3.73007
4.03648
4.03325
4.00859
6.26838
-1.92991
-1.96638
-2.08218
-2.05198
-2.01158
-1.82529
1.26675
1.23346
1.25989
1.19742
-0.483362
-0.496571
2.60914
-4.85745
0.677277
-3.73078
-2.19754
-0.51243
-0.480695
-0.325966
-0.558768
-0.384676
1.56484
1.61678
1.53224
1.59825
1.45584
1.42814
2.89749
2.16048
3.42209
-1.58219
-1.52936
-0.601918
-0.65534
-5.31381
-1.34372
-1.32535
2.72273
1.52543
2.17716
2.26208
2.43273
2.31884
-1.96605
1.6934
-3.5758
-3.52059
1.37708
1.77584
0.743483
6.10292
-0.712804
-0.673868
-0.723945
-0.683634
-0.870256
-0.680482
-0.679525
4.13379
-1.03715
-1.05268
-3.17506
-3.31505
1.419
2.37311
2.71013
3.45815
3.66807
3.71875
-1.75254
-1.67001
6.01846
0.426573
0.252319
0.363329
0.530903
0.351327
0.299125
0.357074
0.392314
-1.5951
0.0315832
-3.54776
-1.82431
-1.81179
-1.70105
-1.76126
-1.88593
5.01496
-1.76539
-1.72446
-1.60857
-1.77289
-0.0726277
0.0271931
-0.0208082
-0.00174178
-0.147833
5.70732
4.06969
2.39419
-4.78409
0.400501
1.48259
1.53601
1.51669
-5.40378
6.64815
-1.94084
-1.9518
-1.92087
-1.91789
-1.76171
-2.02111
2.73095
0.540512
0.543622
-5.64336
-1.75971
-1.65201
-1.72066
-1.73049
-1.56846
-0.90124
-0.884232
-0.877485
-0.980881
-0.89351
-3.63531
-5.31174
-2.23274
-2.31161
-2.28627
0.289344
0.281496
0.284902
3.73996
-3.95313
-2.35558
-2.83482
3.98472
-4.76086
4.01528
-4.32379
-0.741878
2.87094
-1.11696
2.9134
3.04452
3.09708
0.0909289
0.175006
-2.6594
-4.02378
-3.31112
-3.25983
3.25637
4.55094
-0.692257
1.50992
1.4666
-2.99111
0.416921
0.365729
0.367333
0.0428427
0.24842
0.369175
0.356967
-0.0847813
-0.045834
-0.0274884
2.62083
4.16641
-1.82555
-1.74594
-5.62231
3.25375
-5.52239
0.140356
0.0423751
0.0118612
0.14344
-1.60274
-1.5615
-1.65808
-1.6122
-1.6114
-1.78233
-1.67534
-1.68993
-1.6702
-1.66215
-1.57639
-1.56289
1.30137
1.38684
1.12491
1.26787
-4.22959
-4.02309
0.8578
-3.66765
2.92782
3.01096
1.98363
1.99216
1.22989
1.23942
1.29481
1.29681
1.35697
1.32559
-0.503631
-0.563688
-0.388081
-0.55304
-0.574609
-0.601272
-0.45927
-0.379221
-0.398142
0.619582
0.712799
0.64821
0.665518
0.670781
-3.07803
3.37359
-3.32665
-3.29045
2.50135
2.67816
0.802023
0.864017
0.918348
0.986501
3.6753
-5.79196
0.504768
0.502336
0.431443
0.455757
0.552643
0.480125
-1.39241
-1.41693
-1.3561
-1.72584
5.81376
5.40542
-5.40481
-1.40472
-1.50942
-1.58961
1.97016
0.489171
0.504998
0.657998
0.587476
0.437733
0.393809
0.393877
-2.64567
-2.66982
-2.57431
9.10692
-4.56962
4.42042
0.175933
0.126678
3.96523
-5.86316
2.80624
2.46108
2.76806
-0.152718
-0.146363
-1.17431
-3.5575
-3.43461
-4.42643
2.76903
2.89348
2.74681
4.30715
4.36186
2.94961
-2.93656
8.02723
0.644691
0.533124
0.550178
0.570914
0.653203
0.69828
-1.54117
-1.4681
4.53389
-3.24802
3.26562
-0.194349
-0.126136
4.89369
3.60439
3.60899
1.13386
1.1377
1.09387
1.13124
0.938677
0.93067
0.977755
-3.89589
-0.884695
-2.47383
-5.89106
-0.993816
-2.04595
-1.98709
4.04845
-1.2216
-1.25115
-1.18062
-1.19295
-1.19994
-1.17262
-1.24301
6.40274
-5.26431
-2.84937
2.76157
5.56136
7.17602
-3.06429
-3.07285
-2.90591
-2.96964
-0.606101
-0.597513
-0.625496
-0.668383
-0.837037
-0.844982
5.30464
0.222204
-2.82027
-2.57546
-2.80417
-2.70424
-2.81392
1.58338
1.68073
2.13257
1.45176
1.43701
1.29116
-6.53991
-2.11897
-2.07233
-2.12797
2.89907
3.49972
3.45034
-5.4006
-0.874592
-1.02056
-0.174081
-0.297844
-0.358541
-2.33588
-2.39028
0.671748
-4.60836
0.0303846
-0.056857
4.48858
4.51383
2.4479
2.41946
2.46487
-0.724312
-4.2608
8.03085
1.87326
1.91342
2.07813
2.08386
2.13487
1.89991
2.00619
-7.84257
0.373475
0.307742
-1.93336
-1.72878
2.01213
1.90412
-4.1737
0.79034
2.0009
1.97205
3.26441
3.1877
4.7956
0.0706681
0.0359611
-5.11258
-1.86567
-1.88068
-1.76473
-1.97542
-0.823361
-0.852679
-0.904039
2.98396
2.75343
0.285146
0.342765
0.929628
1.05498
-2.58276
-2.44197
-2.27974
6.74587
-0.368172
-0.539386
-0.612909
-7.41193
-0.709829
1.06471
1.04223
1.10763
1.11329
-2.53342
-2.56662
-2.44285
-2.51734
1.88132
3.58144
-0.346448
-0.270438
-0.295249
-0.354818
4.302
-2.64594
-2.72975
-2.84499
-2.79631
-3.00136
-2.92326
-3.00909
3.51821
2.05566
2.06905
2.08223
2.13078
1.65209
1.63184
1.60265
-6.3084
-4.19776
2.49589
2.56777
-3.26884
2.41061
2.3905
2.3934
