0.573049
1.67488
1.4126
2.11047
-0.122523
-0.797754
0.748752
0.910088
-0.956359
-0.287377
-0.0913402
-0.517611
-1.72122
-0.619311
0.615942
-0.886702
-0.114129
0.838519
-0.448306
0.231444
1.10883
-0.15652
-1.7085
-0.9118
0.556211
-2.08213
1.13241
-0.373733
0.0419538
0.567789
0.0543349
0.159594
-1.59441
2.05984
0.931176
-0.310818
0.0322949
-0.0715522
-0.354371
0.369695
-1.39302
2.15749
-0.325777
0.375556
-0.810507
-0.93084
-1.09606
-0.717338
-0.555224
-0.649052
0.0297302
0.764649
-2.05096
-1.46891
0.84055
-0.76415
-1.25464
-2.09896
1.21492
0.111393
2.03145
-0.137905
-0.593803
-0.628902
0.765833
0.222579
-0.527151
-1.17301
0.404704
-0.874559
1.1754
2.73746
0.216523
0.398588
-0.530332
-1.29807
-0.253272
0.24563
0.193719
0.894701
1.17536
-0.459763
-1.08557
0.32923
-1.61806
0.475108
1.09201
-0.0236826
1.11854
-1.27708
1.60547
-1.52579
-0.0200264
0.0377618
0.498287
0.872945
-0.298688
-0.474319
-0.531383
-0.325271
-0.618885
-0.201953
-0.573069
-1.1074
-1.36738
1.46615
0.562157
0.167581
0.236059
0.492988
-0.575961
-1.32021
-0.365875
-1.18752
-0.618086
-1.85435
1.50562
0.603168
0.697053
0.472783
0.616536
-1.92884
0.653587
1.81267
1.85443
0.123165
-1.42645
-1.41613
0.17915
-0.0563994
0.164321
-1.0077
-1.51603
-1.83581
0.578536
-0.227587
-1.29733
0.809087
-0.516089
-0.381403
0.1084
0.866827
-1.77256
0.114363
-1.04909
0.834797
0.275145
-0.882726
0.296736
-0.86534
0.502122
0.353405
-1.28149
-0.281577
0.865608
0.824979
-0.603742
0.868878
0.0763196
1.44844
1.40327
1.26059
-1.17079
0.0657566
-2.07379
-0.0339738
0.428215
-0.564955
1.73892
-0.196369
0.672306
0.12185
0.718742
0.514041
-0.443042
1.33054
-0.118452
1.13546
-1.26748
-0.700934
1.5987
-0.5318
-0.513568
1.87611
-0.589261
-0.271811
0.691965
2.50813
-0.988777
0.892763
0.369887
0.93227
-0.55528
-1.89353
1.08522
-2.17831
1.25757
-0.839651
0.34234
-0.219363
0.940987
0.644021
-0.246583
-1.69832
1.19576
0.0831046
0.69879
0.766974
1.01096
-1.23091
-1.54738
0.59605
0.0105061
-2.20122
-0.643745
1.36269
0.973304
0.102222
-0.116221
-0.47166
-0.606489
0.359547
0.0563599
-0.321988
-1.30384
-1.42784
-1.74102
0.181056
0.406063
0.0477414
1.18378
1.99486
2.06187
-0.600967
-0.194565
1.03273
-0.615647
-1.08734
-1.16458
-0.347036
1.25013
0.137783
0.0124012
-0.301616
-0.886068
-2.74707
0.209218
0.494251
-0.936547
-0.178084
1.75716
0.189312
1.14062
-2.38937
-1.80786
-1.81131
0.107722
1.01767
-2.21511
-0.84916
-0.807699
-0.0728882
0.852922
1.22617
0.477891
1.04579
1.07395
1.21354
0.0413717
1.49852
0.488739
-0.0401894
0.872329
-2.73631
2.03715
1.90517
-0.958526
0.599396
-1.15818
0.746002
1.49933
-0.469347
0.536785
2.1375
-0.750364
0.169991
-2.02474
-0.033711
-0.108722
1.55631
-0.779194
0.0504865
0.560064
-0.532937
0.753886
0.991402
-3.66084
2.67256
1.4072
1.05247
-0.893189
-0.756514
-0.246533
-0.183454
-1.01299
-0.0725396
-1.14711
-0.220177
0.658203
-0.165026
-1.40474
0.129885
-0.0578947
0.206839
0.227448
1.68121
0.55255
0.013347
0.105986
-0.18953
-0.277398
0.0767517
-2.09667
-1.52804
1.66453
-1.78968
0.282963
0.960902
-0.991747
1.44589
-0.0028815
0.674863
-0.140193
-0.310537
-2.5082
-0.0534096
0.387683
-0.255116
1.1541
-0.554302
2.18945
-0.52006
-0.100274
0.489964
-1.40927
-1.12712
-0.439715
-0.357751
-0.869468
-1.8116
-1.33602
-1.22414
0.344372
-2.01383
0.699426
-0.0318862
-0.119309
0.64895
2.1911
0.514676
-0.149533
-0.647436
0.298206
-1.3741
0.497462
-0.58898
0.0962129
0.302028
0.0122863
-0.530961
-0.352111
-0.400402
-0.293015
-0.100544
-1.42922
-1.14302
-1.49667
-0.776248
-0.143124
0.81713
-0.198157
-1.21591
-0.285382
-0.93092
-0.666281
1.42901
0.806129
-2.36297
0.912099
-1.26736
0.603604
0.0787964
0.24296
-0.333359
0.170004
-0.373783
-0.0997143
0.344242
0.593992
0.318242
