1.64749
-0.756389
-0.924729
0.37484
-1.21923
1.63532
0.2708
1.27443
-0.491227
-0.949112
-1.15683
0.728738
-0.440859
0.0537068
0.425649
1.19108
-0.658937
-1.26561
-0.239958
2.21336
-1.57256
-0.699099
-0.256377
-2.40378
1.50395
-1.83854
-0.12804
1.60783
-2.05667
1.89855
0.405348
1.49079
-1.04445
-0.0974163
-1.34003
0.523732
0.170825
1.22799
-0.298371
1.0229
0.197002
0.443415
0.00507516
1.37348
0.657672
0.896054
0.849965
0.614902
-0.68364
-0.531175
0.602513
-1.08086
2.32066
1.21223
1.48471
0.837067
-0.0762444
-0.366577
-2.63751
-0.242525
-0.82552
1.13573
1.21673
-1.28478
-0.85467
-0.0482183
0.293949
0.657822
1.776
-1.1586
-1.53911
-1.83427
-2.54285
-1.23753
1.77504
0.248493
0.789372
-1.65092
-0.44041
-0.816384
-0.49224
0.562038
0.0331822
0.462003
0.148269
0.992837
-1.17851
0.028262
1.2316
-0.315277
-0.317087
1.30059
0.214263
0.680815
-0.853822
0.724436
-0.412176
-1.21952
0.386509
-0.724819
-0.752439
1.26247
0.579426
-2.98
0.54985
-0.298571
0.572475
0.664598
0.306201
1.28735
1.08186
-1.54333
0.00200818
-0.146634
-0.173651
-0.993836
0.335987
1.92835
0.734426
0.361103
-0.478804
0.164739
1.75643
-0.624189
0.716733
0.280349
-0.835258
-1.12197
0.0366016
0.853515
0.922652
0.102056
-0.225183
1.76841
-0.299084
0.226735
0.107585
0.10039
-0.351135
0.305286
-0.444224
0.507452
-1.04573
0.217524
-0.867227
1.03291
-1.38377
-1.3379
-0.635728
0.900184
0.566617
-0.779954
-0.0426982
-0.280088
-1.32531
-0.786097
-2.30091
-0.077328
-0.567131
2.2971
-0.625709
-0.497102
0.182302
-0.526952
-0.481239
0.450608
-0.398917
-0.21528
3.18642
0.053884
1.89832
0.100627
-0.610878
-1.56087
-1.36033
-0.562154
-1.18474
0.211402
1.66001
-0.677733
-0.716629
-1.54408
0.148964
0.0145715
-0.0428436
2.07143
-1.60127
0.544427
0.272764
1.55944
-1.9933
-0.0284116
0.775974
-0.230767
-1.87877
-1.50251
1.27579
-0.201647
-0.492902
-0.45755
0.699822
-0.812962
-0.0304582
-0.0377289
-1.57547
-1.08255
-1.58461
0.180661
0.413372
-0.556151
-0.191935
0.192927
-1.08901
-0.747091
0.316683
1.25307
0.0684542
-1.18604
0.464468
0.598849
-2.42815
1.1805
-1.00396
0.67529
1.7871
0.580167
1.42838
2.77031
-0.365547
0.991508
-3.41162
0.160185
-2.53181
1.37451
0.0308461
0.380014
-1.831
1.01391
-1.30164
-0.461498
0.367315
-0.99255
-0.436465
1.64208
1.12373
-0.538685
-0.75198
1.42638
2.47545
1.08476
0.575384
0.974941
0.432222
2.23918
0.126053
-0.730652
2.38632
1.22854
0.681604
-1.1707
0.771156
0.666472
-0.728581
1.36165
1.33588
0.577941
-1.37277
-0.295142
0.355366
-1.35065
1.81146
3.38849
-0.27452
3.06459
1.22769
-2.07699
-1.97338
0.513357
1.59913
0.690153
1.11125
0.756776
-0.0285314
0.0638727
1.09418
1.5542
1.20349
0.358201
0.922973
-0.118368
0.550299
-1.71127
-0.858994
-0.173395
-0.343232
0.428376
-1.01745
1.19815
1.0304
0.0143354
-0.90616
-1.8269
1.0417
-1.29225
0.56262
-0.583105
-1.57615
0.0542885
-1.42614
0.383817
-1.09949
-0.397051
-0.0573267
0.71373
-2.58217
0.57299
1.36178
-1.13812
-0.215065
0.208689
-1.31404
0.381918
0.237101
-0.615785
-0.632606
0.299161
0.635654
0.458694
-1.24953
1.02937
-0.523954
1.89698
0.44417
-1.59725
-0.286068
0.43554
-0.746027
-0.0867764
-0.379194
0.514205
-1.25966
1.12785
-0.203373
-0.581171
-2.2407
-0.559293
-1.39532
-1.00873
-1.34991
0.463262
0.593695
0.181424
0.780791
0.75868
0.489519
-0.293299
-0.699699
-1.33258
-0.73399
-1.7545
0.337063
-1.39499
0.564725
1.23678
1.30242
-2.02702
-0.679724
-0.840409
1.09294
-1.01334
-0.615911
0.539826
-0.157427
-0.379195
0.793822
-0.227343
-0.100003
-0.0200713
0.153095
0.587157
-0.576197
2.56168
2.60666
0.272934
0.498281
0.00552253
0.273794
-0.983325
-1.42833
0.524316
-1.14958
0.599117
-0.709868
-0.7409
0.902262
-0.497652
-0.740698
-1.36004
-0.706717
-1.04255
-0.011461
0.490953
0.481816
0.613058
-1.34414
1.79412
-0.386294
-0.406611
0.536135
-0.46312
0.349251
-0.842313
-0.869748
1.7213
0.723498
0.905943
-0.651643
0.975221
-0.344752
1.53733
1.08667
0.441233
0.718794
-2.03222
0.787747
0.623334
0.534451
-1.0633
0.112619
2.45302
-2.00296
1.02939
-0.340038
-2.34559
-1.43734
0.0473492
-1.53908
1.09154
-0.970794
1.29143
0.607329
0.2754
0.705593
-0.617844
-0.315687
-0.136986
0.29659
-0.26278
-0.66806
-0.0948361
-1.07017
-1.31118
-0.619742
-1.02486
-0.207541
-0.398051
0.168827
-1.77545
1.31058
-0.694326
-0.642349
0.123107
0.245722
-0.862672
1.98598
0.899327
-1.8425
1.47706
0.124217
-2.55667
0.0114117
-0.00471334
-1.0473
2.32596
-1.45242
1.03686
1.54472
1.80627
-0.0746985
-0.89911
0.118692
0.598917
-0.629521
0.802093
-0.161064
-1.10583
-0.215933
0.536478
1.32048
-1.34664
-0.258752
-0.685263
0.409503
1.43813
0.304638
-1.66848
1.83413
-0.755008
2.08083
-2.74801
-1.50686
-1.20142
0.149194
0.292098
-0.573306
-1.05196
2.64561
0.251015
-1.50647
0.687065
-0.795585
0.328733
-0.480289
-0.669923
-0.170368
-0.767201
0.370047
-0.91076
0.40231
-0.0442467
-1.82102
0.0982987
-1.37329
-0.151267
1.5565
2.20446
-0.734605
0.00400972
0.382616
1.01879
-0.423118
1.85157
1.37828
1.66035
0.544463
-0.1355
1.1407
-0.366293
0.121579
0.266931
0.774514
0.152653
1.07565
-1.35889
-0.470146
-2.07814
-0.059675
-0.519848
-1.92785
0.918318
1.83088
-0.675926
-1.41151
-0.0269643
-1.19571
-0.348487
-0.721069
0.286123
-0.778495
0.0137484
-2.36485
1.01261
-1.45175
-1.48217
-1.21578
-1.83335
-0.367015
-1.50767
0.97107
-0.926805
0.148043
2.0268
2.07831
0.698164
0.0206326
0.308786
-1.53807
-1.06479
-0.444976
-2.13595
1.05188
1.15902
0.0178991
0.961242
-0.644213
0.702989
1.05527
1.43226
0.816953
0.1406
0.396942
0.119167
1.94289
-0.865943
-0.393932
-0.621911
0.15374
1.23621
-1.74914
-1.58745
-1.34612
1.34745
0.392698
0.409945
-0.849182
-1.60297
-0.420767
0.246181
-0.78066
-0.473874
-0.788198
1.14011
1.11527
0.0985479
0.90856
-1.43495
1.08654
0.353442
0.759947
0.962651
-0.843824
0.436052
0.520605
-0.297801
1.45485
-0.488471
1.56731
0.857784
-0.134845
1.50692
-0.306551
0.0763028
0.392968
0.00934976
0.967046
0.92693
-0.941807
0.301416
-0.733951
0.85755
0.324147
2.45474
0.8414
-1.44164
1.2329
0.0447849
-0.652181
1.03445
1.0506
1.04346
-1.01825
0.20549
-1.55092
-0.393625
-1.15372
0.988427
1.45279
-0.388847
1.79073
0.938442
-0.0929928
0.636916
0.508009
2.13028
-0.195227
0.02168
-1.16385
0.0944847
0.538231
0.37605
1.32037
-0.254815
0.470272
0.19978
0.964188
-0.697982
2.0319
-0.635372
1.22396
-0.807845
-0.288466
-1.58433
1.17794
-1.82912
0.804271
0.821344
0.7686
-1.11602
-0.186105
0.893783
-0.0134403
-0.249647
1.02315
1.02952
0.036723
1.08843
2.76292
-0.119683
-0.436269
-2.11265
-1.27958
-0.549848
0.211669
0.361231
-0.0960441
1.45062
0.567266
1.10164
-0.402028
-0.371083
-1.02256
0.948848
-0.492139
-0.438619
-1.83044
-1.15852
-0.89173
-0.721309
-0.992892
-0.791463
-0.183448
0.426159
-0.131339
-0.535166
-1.89452
-1.33771
-0.0764684
-0.483817
1.79236
1.42864
0.510306
-0.192756
0.908397
-0.279954
-1.42002
-1.00655
-1.5423
0.355284
-1.49899
0.592819
0.168171
0.237138
-1.07493
-2.98059
0.106787
1.93997
1.97196
-1.28345
0.376961
1.26841
0.412992
-0.0133313
-0.0774298
0.770807
-0.610014
-1.47527
0.684286
-1.38608
-1.23988
-0.416877
-2.08028
-0.284238
0.613504
1.07949
0.720819
-1.00945
2.66423
1.71826
-0.378649
-1.47247
-0.828193
-0.197908
0.169289
-1.54752
-0.353733
-2.91378
-1.99597
0.122854
1.38119
0.693991
-0.674489
0.181163
-0.434767
1.50615
-2.0227
0.580069
1.10158
1.13746
0.471268
-0.393095
2.58902
-1.28522
0.188404
-1.63807
0.511046
1.67134
0.0389935
-0.567266
-1.36591
-1.35917
-1.59183
-1.39133
1.55018
-0.581823
-0.347384
1.04356
0.293119
-0.498793
0.358465
3.02305
-0.586144
0.871512
0.875287
-0.983949
-1.75363
-1.21791
-0.0425388
-0.875411
-1.74223
1.11353
0.368139
0.839125
-0.36587
-0.198419
0.265131
-0.0664742
-1.50501
1.80194
0.985785
1.65421
-0.939137
0.222803
1.10956
1.83731
1.27387
-1.94997
-0.964803
-0.154108
-1.25596
-1.47592
-0.115081
-1.20529
-0.618596
-0.917719
-0.843686
0.319463
-1.08294
-0.715551
-3.00827
-0.927461
