257
251
242
257
258
252
260
275
271
260
263
248
269
270
254
246
241
253
270
262
266
263
268
257
265
253
250
267
251
269
249
268
269
265
280
264
245
258
256
280
285
236
248
257
240
269
249
245
249
260
254
268
259
247
277
259
254
253
262
245
246
249
266
267
258
253
256
247
257
243
270
259
259
241
286
263
223
254
283
258
240
259
245
239
233
262
261
262
266
252
263
265
270
268
258
254
278
250
287
237
263
266
268
262
264
235
221
250
238
271
272
263
262
242
269
257
241
270
250
249
274
264
251
237
239
259
264
260
238
259
264
256
249
283
270
247
270
263
246
290
270
249
260
279
272
252
260
264
271
261
261
252
257
254
267
260
271
243
251
263
265
228
255
254
239
251
247
261
249
264
250
278
257
269
257
275
262
275
251
244
233
270
266
242
275
268
249
277
247
236
237
267
269
268
270
266
267
243
266
250
260
250
280
265